ID,AbilityUsed,AlertPercent,AssistNum,BattleDamage,BattleNum,DamageTaken,ExposePercent,KillNum,LifeTime,PlayerScore,Precision,RotationMaxRange,RotationSpeed,RotationStability,SelfHealing,TeamRank,TotalCausedDamage,TravelSpeed,WeaponChange,WeaponDiversity,isCheater
6e314d5cfbb3cb597b22f208e802a4b6a5e68b8a7745708ada090df303f11caa,0.0742189195831822,0.7846863892539605,8,285.90962962962965,27,818.62,0.1374231010306227,17,1133.13,130.35,0.5333333333333333,39.9062962962963,40.44374414761308,110.93105134744656,106.0,1,7719.56,266.10746155995724,51,3,1
db2242989fce62158e5fd5dce9677fab012ee696b589124e30aa037fdae86dd1,0.0549129222157118,0.7924375829826948,4,229.42428571428573,7,122.77,0.0879698148061456,5,871.95,46.29,0.3028571428571429,33.08571428571428,25.02949523377196,70.71442706354159,17.0,1,2115.84,207.6262402848148,5,4,1
fb45ebb0a3c138e6a0ace7e1bb1892ae396944d7a97a46a2bf2f92e7775aad22,0.0891427721314056,0.6344939822456656,0,238.1925,8,767.72,0.2177406745089224,10,653.35,51.02,0.46,65.4475,47.45747401260442,160.9760269714241,133.0,3,2536.06,306.5433773655114,7,2,1
02637ce5a47c3308d2f56c0df3c3ac5fea4113d589986074c73931fa48271f34,0.1044435528543332,0.6269706827914683,11,288.71,12,991.7,0.2130386343368793,11,757.39,70.6,0.3633333333333333,70.99333333333333,50.40649836499504,149.4562726794527,289.0,1,3483.52,438.9228487063926,24,4,1
ec48646ef680bda91d0399f9c96440a1e4376b866eb7c12d4c0ffb598d05f23b,0.1348162458508402,0.6232740316054232,3,183.726,5,916.0,0.2090299650918607,2,429.22,18.79,0.418,48.262000000000015,60.75133010466509,131.13768470236823,0.0,5,918.63,276.2831357896985,10,3,1
7ab81e15a2208168573f5815e8a67aae9c989663f14e2fd017c401d29c2486b6,0.0532852331752258,0.7264185998150263,7,223.66222222222223,9,1330.9,0.1275814525085391,7,618.82,49.17,0.3322222222222222,61.97111111111112,55.21955624497056,156.14313990551193,211.0,4,2587.27,224.7925521817704,12,5,1
402fdf1854d3e605f96889665e5790abb19752b7b3055a961ac8799a92deb9ea,0.0811353195608885,0.755681920431213,4,334.58428571428567,7,746.2,0.1129056637325923,5,546.87,40.42,0.3928571428571428,55.511428571428574,38.10130803030552,114.03982273810593,135.0,7,2342.09,441.5930413972218,6,2,1
8796f03c2f7fc223cca9fd29f7942a8513dba7fc7b0cc7ad384b1e56ac8ebb09,0.0321290597245214,0.8377054277657139,1,223.13,5,470.62,0.0506659171131138,3,931.45,33.27,0.31,46.936,29.917750498997247,104.24820710973862,0.0,3,1115.65,110.67346679507008,7,4,1
ad29601cff70a7f1ac7a1935a504457f8bf7b244e3fb43cf910040818b25cd7d,0.050256307166549,0.7856853808602766,1,89.15,4,1286.2,0.047029702970297,0,672.15,17.1,0.555,83.1425,22.194109774677592,154.9483446954872,420.0,3,597.0,134.69819727748992,3,3,1
0b1e4d4809bc397d2a5b4fd93d9d5ae3deb181d1e07a81f49385e7e5fb61fcea,0.0672605098261688,0.7177878453274128,0,121.5,6,500.0,0.1733807210684817,0,131.7,8.61,0.2216666666666666,58.678333333333335,61.21052730934738,183.54364894831303,0.0,17,729.0,217.1186455060676,2,2,1
f94cd2e90f0c5612422f9dcbbb880c2abe4960bf0f1b354ff9c3f1952c50c034,0.0438398599748547,0.7996497213134075,11,223.36888888888888,18,908.6,0.0973042522539479,8,1061.71,79.98,0.3905555555555555,41.379444444444445,34.957072596626574,105.39691186892068,213.0,1,4210.64,302.34574988568767,3,3,1
9f9cb49d349a092764fc5f5dafa82a7d5a6059f2e6e3dcd14e8bd1895579b552,0.0427832708962366,0.7743136515413365,2,142.335,4,750.0,0.1127340331687301,1,357.16,14.13,0.3975,47.47,61.29117034059099,129.23988626182714,0.0,7,705.34,238.33264979557467,5,3,1
d37378474bab0342afd106eb9deef67e53ebc4ab50ec98dcab07096ff1438cac,0.0649422711521439,0.7816221855023118,3,67.80333333333333,3,980.0,0.0934126984126983,0,172.24,5.73,0.1433333333333333,53.82333333333332,77.72668206547621,163.92179945365973,70.0,14,250.3,54.650123429286765,7,5,1
aed3339cbe5cd54d21dcbfc43a659f6ee7f00730787db1fa4f5dbf5cb7142a8e,0.0149466564251764,0.8397420665955421,2,212.0128571428572,14,853.11,0.0343903656646412,6,808.63,53.73,0.5078571428571428,45.265,32.30176106069552,106.04421555216234,228.0,3,2968.19,155.8915349218988,8,7,1
2208eb7aca9fe5c6da85e6aaa01dca30c39a5e364b853e798d57a1cb709957e7,0.1447392626410755,0.6793649873797748,1,172.28,3,467.0,0.2023783085964231,4,499.32,22.57,0.3066666666666666,70.17,42.26476528043349,126.45563834176346,111.0,3,975.84,387.4565401411228,3,2,1
131df3109695266e8e37bc24dbb5cf1528b178eb774fabe81b321f8802d211dd,0.1107110000300687,0.6638713576279239,4,193.03125,8,2161.87,0.1511834980330197,7,853.7,54.9,0.37625,48.3525,41.86269920881998,114.39904318054587,618.0,1,2623.2,235.10581081632228,9,5,1
074847b9913729107a6cdf2b65b6f355b5e9df79650bd4da5dc14d7b47736101,0.0622613809463772,0.7807453340449866,2,132.305,8,1122.44,0.1059450391033816,5,633.29,37.6,0.295,40.065000000000005,43.560260335388335,107.70442340120552,185.0,5,1944.12,144.52060491235358,5,2,1
76bb3ebc8a143c96e6ea919ed547fb850be888677e0781992f047e6de165b95b,0.0473531549381392,0.7745429936047941,2,184.908,5,585.54,0.0789566505572243,3,594.21,23.2,0.53,64.03399999999999,48.32576380701637,149.42351095516207,67.0,6,951.54,142.33341800607676,4,4,1
b2747c3fe56a9743648e271837f4800f3c3df4e3b9cfe2770863d65c9b06dfeb,0.0271878601870518,0.7955340986982038,1,191.36947368421053,19,1728.48,0.0688529327566847,6,1039.58,69.09,0.3384210526315789,40.26052631578948,43.22897555958004,116.1318652946462,312.0,2,3927.03,152.02032124172834,20,3,1
61223b00c7e9bf47f2c6e56df6c090008e26a465f8ecbdd37fbf9e779116f418,0.1101089929458218,0.6136993716794175,4,154.705625,16,1330.0,0.2181445849336643,8,605.21,48.71,0.19125,56.356875,65.24528631532765,173.22745954154814,241.0,3,2475.27,225.9104469481582,21,3,1
d464e67f6758518f9d1ea8f14879dc8e2f74b5a5ce3278a3e18861bdc9abb5ca,0.1561711255971132,0.7265763330204038,1,246.0,2,500.0,0.1266087152856174,0,152.4,6.94,0.295,44.72500000000001,108.14321832268055,171.18404133560472,0.0,21,492.0,91.87030620943844,4,2,1
63909a906e1f57cccf5d9eca8094ff43addc0811e14b7b12f71d2305441408d6,0.0,0.8184766189412847,0,124.93,2,756.0,0.0647863851306974,0,208.45,5.08,0.595,96.67499999999998,76.92047619845509,230.5072668802412,40.0,3,249.86,94.32936529474529,3,3,1
2e0860b3407298497652451a2d7492eaab0b20d94717131e2da628d247d94128,0.0571881807540092,0.8165492299825504,5,247.01461538461533,13,1333.73,0.0353417302286331,8,1065.43,67.45,0.3376923076923077,45.14692307692307,37.04140102015152,103.77343761112022,60.0,3,3248.9,330.27137584413595,8,2,1
363198a482d373a26243ce83d789fb180b696135fe7a2b30a9b07cf1a84312ac,0.0613367664976315,0.6602985403975405,2,211.0483333333333,6,525.75,0.220670848641698,2,451.14,22.08,0.4016666666666666,35.62833333333333,36.68743477495881,102.14348750342664,0.0,6,1266.3,463.2878138172738,4,3,1
1a2189997c9481a03bea1c85df5fef7027eaa38dfd6bf4b5fb50af1d7be3454f,0.0405208466695406,0.813960221789722,3,369.398,5,1181.0,0.0426435536294691,5,551.45,37.48,0.372,63.456,49.17197190252686,130.27095341924976,256.0,4,2086.81,113.00300252009716,4,3,1
4e25d181282360d8129ce5a5c6477eccf61d7d5f0bb8a3e17d8b8ebcc996e464,0.0398880119643224,0.8042305846167824,1,67.54666666666667,6,607.0,0.1122241074869814,1,481.89,11.93,0.2083333333333333,34.748333333333335,27.93722731252477,89.13448968679414,104.0,6,405.27,165.02229794270448,7,4,1
908b278d58c9c3626f62a8ac8eab2c356fc15e51b59a9697bc368f87d90ab539,0.0563727823859174,0.8425206525134113,8,159.28285714285715,14,796.59,0.0451715242289545,10,864.69,61.15,0.2828571428571428,46.56857142857143,59.459876348944896,146.43958447778388,81.0,2,2670.13,207.1818980989644,8,4,1
b8adb3f09a28b0aec1070d489a6b888c1eb5f31f2b9f687c36aab2d410580ab7,0.025916201896044,0.8681837479829426,0,342.0966666666667,21,173.08,0.0483519468826596,34,988.84,142.31,0.6366666666666666,33.565238095238094,27.40791731529324,89.51605928134832,0.0,1,7226.04,307.98246384212536,24,3,1
dab7b3409158d2690e24460ef052305c4e70cad0cab9184664bcfa811bcc743c,0.0242837854726765,0.7588652415326023,4,242.987,10,970.16,0.1618551484322379,9,607.71,50.49,0.484,65.688,63.23873477477654,172.15835493967333,193.0,4,2596.4,263.0455663541362,11,3,1
bc0738338aed9b97bd827a3696d4246cbd11082bd5ef5bf1b71195d64ed994e0,0.2286158597334101,0.5186350077785475,8,366.5858333333333,12,939.2,0.3274279551343288,14,652.91,79.64,0.4508333333333333,69.7225,74.66702132983785,176.09426448800895,325.0,1,4399.02,364.7018875189892,9,4,1
6767dc9b2071d2c28d5c1a31f6f5d491bb3b9a6279998fab180ef182fe70c320,0.0987399342533028,0.6888051930190964,6,307.2081818181818,11,714.77,0.188427500608728,11,1069.75,75.61,0.4127272727272727,46.07545454545454,49.25327412072298,135.79047065094198,66.0,1,3553.29,292.9892281597226,13,3,1
d1137124252db5afc61212ac203a8265895aea66ee7744bbeb6c066447eb2f65,0.0644969869945436,0.7695368662959908,3,184.92545454545456,11,1278.42,0.109520825248433,5,707.58,44.37,0.4427272727272727,61.90909090909091,45.934486134255074,144.57651242163848,286.0,4,2285.19,200.73697588224,6,2,1
0ee9ae49182d7ba75bdd2dcfacf576fb95de5a031d5f5ebb38068cb47fcb1c66,0.0842815002107036,0.781437125748503,0,93.0,1,325.0,0.1107784431137724,0,79.2,1.72,0.32,145.77,72.18886784272227,287.6116787865003,0.0,4,93.0,0.0,2,2,1
9c6441fc90587892ba2def4a6d509e81ef2cd2c51c25956acfe9b63d57ccf02e,0.1082187591777204,0.7655897115697652,3,142.76999999999998,8,687.2,0.1064489424575956,6,895.85,41.35,0.30375,75.15375,46.53854336267998,164.69717396927726,189.0,1,1462.16,140.72764023097147,7,3,1
332f79293bea0293334f976ab052c7976c91def4221329bd032dd378d23c3f58,0.0931879601155528,0.7853403141361257,0,34.0,1,375.0,0.1361256544502617,0,143.25,2.09,0.2,90.23,67.06605200240251,187.46698693721075,0.0,24,66.0,0.0,1,1,1
d7ebd8cbdac7abcbf76d8fcc2b6c5929a14919b6a709dae6c09791f0f0166126,0.0285451962945744,0.7058959141264154,0,321.11538461538464,13,547.4,0.1359841251546171,20,779.97,92.22,0.6715384615384615,36.708461538461535,46.994143450575656,115.6312366402226,43.0,3,4888.8,251.9790386393102,16,5,1
4c13267f3db9136793b737fcc4650020a291745eceb74d1d0d720674f51e9de4,0.0923718098831573,0.7278200518842478,0,129.28333333333333,3,620.2,0.1459506486232026,1,923.43,24.99,0.2766666666666666,38.95,70.03156988524366,145.87634335641897,0.0,6,657.85,75.08426517284637,2,2,1
73a62b75b34251f97cb5ae371a6c97679a3b05bb6fd1f28be26750fa132c4154,0.0234055310047789,0.706972610010725,5,202.84538461538463,13,484.8,0.1663681247805618,12,972.8,65.02,0.2984615384615384,44.92923076923077,49.24236449898837,134.7264278487202,93.0,1,2636.99,324.11882534689266,22,5,1
16e8b723e7a48c328a53d849dad03994ec87fc5546e453889a35f4e4d2850b73,0.0323182112458938,0.8275894226346734,2,175.805,10,694.03,0.039559322615533,9,665.92,44.34,0.3379999999999999,45.657,36.540141008936345,105.51922156787504,105.0,1,1935.97,296.0501929407316,6,2,1
69cddd2ab5353cfd355bf74a91c7a0c4ba32b3ff23e24e3e58285413914f4250,0.058258150541393,0.776173621291433,3,223.664,15,930.33,0.0975922544263538,10,981.46,71.01,0.4673333333333333,27.836666666666662,16.183499981747744,59.27164878138493,92.0,1,3614.09,316.4330542662901,11,3,1
1902e83bc1b8d8840b4403b081fd7ef442e0de393e0e8f63f5124503fe74b180,0.0374590925984674,0.8365435582734815,9,163.916875,16,891.63,0.0722056574686286,6,993.44,61.33,0.428125,53.638125,30.268928549614174,119.68945380162782,129.0,1,2866.67,231.1056090729108,11,6,1
20d795a8b114bf8fe9fd0b3ee21b4c961dcd7e3d4ba425634e84a393de06eff1,0.0813185788133682,0.5638844716702744,5,184.79125,16,2036.6,0.2957712606581475,9,991.06,67.02,0.2475,30.576875,37.149435954745215,92.26466303261611,427.0,1,3241.8,299.32951871506884,11,2,1
6eccc2dad4446f31f1d2917ad2c21f1aef1175f24cea5954d1227cbf2d8e3ae3,0.0686784942360621,0.6886162292797557,6,149.47,13,929.09,0.192694342003312,4,560.44,41.95,0.2523076923076923,43.28615384615385,45.32550714997886,117.19827125898834,77.0,5,2511.08,301.2752601213275,13,6,1
959913e2445a2fafa0fd3aa3b1931bac2db35c2b9c00683d5f5e35dcea1b2446,0.0852007747852507,0.7306087469673851,1,255.564,5,627.68,0.1132555748943454,3,597.51,26.74,0.19,44.45399999999999,41.26986791718687,101.11807536120024,33.0,10,1297.84,270.9856509106164,8,3,1
99a5d8cda74f34c7d38c5db24097f92a25d841fb82ac7161787b93198c9848cf,0.0947957152336716,0.6883116883116883,0,39.6,1,400.0,0.1038961038961039,0,322.42,7.49,0.15,56.48,48.40323885563219,86.63805741469942,0.0,15,391.6,0.0,1,1,1
fc18b513d72cb0a2526c6138ca3bdd98a051770e8e3df58b9e73d749866a1192,0.0764874102968767,0.8069837971806079,4,107.41666666666669,6,645.0,0.078117780619045,1,239.72,13.34,0.3066666666666667,43.473333333333336,60.28849827920473,144.29509951025614,70.0,13,644.5,144.6350226114214,7,2,1
5ba0a344fbe9459a62aa2135dd0818015d03a70cd005aa7e16f424a21ba8989c,0.0507407790363073,0.7434203786487896,10,131.92777777777778,18,686.2,0.1128066498644055,5,948.23,57.6,0.3238888888888889,31.846666666666668,26.49344573347185,74.82100037354277,308.0,1,2756.9,353.8689938431959,15,3,1
507e3c241095ab2c14e53075d6dadbe6b8d2f7a408f11787789d297ef9308083,0.0,0.6912568306010929,0,54.2,1,737.0,0.2295081967213114,0,195.02,2.49,0.13,48.3,45.33615109049674,147.31812160073812,0.0,7,54.2,0.0,1,1,1
3f40bb668ec6b9a1dc7d83b832d04b514e4382e5537cd6737ddb980d31cda31c,0.0,0.8885350318471338,0,28.0,1,374.0,0.0509554140127388,0,55.5,0.83,0.06,40.330000000000005,59.2110496600806,126.98293083226702,24.0,33,28.0,0.0,1,1,1
3de1c9a2d3a0f90e787bdd1535fd60794353f1d83922d75a122996906c9379c7,0.0596577573728163,0.7414331708591775,6,244.1188235294117,17,311.55,0.1286626139622174,22,845.78,99.77,0.5423529411764706,61.03941176470589,33.826472427243495,112.71577014862564,117.0,1,4879.61,366.8538222477964,14,2,1
09cf74a015d81976aef563486f3e8832ebffda49270465a534dc3fed9414aa3a,0.0901900825436689,0.8699381178565848,0,161.66666666666666,3,520.0,0.023774426153321,1,168.42,8.69,0.3633333333333333,61.95666666666667,47.62541221728278,146.91581249203134,70.0,24,551.0,76.76338420419957,4,2,1
7ebff6506e2e8013e1658bd4cc1e3a2524e662b6e7b2791394acb7e92e6a39a0,0.0267004376363158,0.7631037576084738,0,357.62000000000006,12,142.46,0.0922319213138565,27,874.49,114.33,0.4991666666666667,56.935,34.51223846255947,122.7243472511769,7.0,1,5813.66,619.4029979200851,11,3,1
239da333629f517204e60419b3898f77c148458b218394079a3d0d28341bb1a7,0.0501202886928629,0.6982248520710059,0,227.0,1,400.0,0.1577909270216962,0,68.02,2.95,0.38,152.95,57.40787752548555,190.0295876068648,0.0,29,227.0,0.0,1,1,1
cd9f3851a15a743ba5dc4b054c634a87e6c35caf8d53e5211471b7325a3c2dea,0.0989022213178949,0.8409164120984871,3,192.43307692307687,13,120.3,0.0465208078535951,12,1090.22,70.36,0.4638461538461538,25.741538461538457,31.654054599175552,73.29176756579902,0.0,1,2977.43,198.3232867943593,9,2,1
c4f47afc482c789d6a0b57613afb85afbdc82110920997fece139bde635715cf,0.0894509645853634,0.7386531505830416,12,155.0475,16,1216.9,0.1270394848402005,6,924.2,63.62,0.3725,54.40875,43.52424008462648,143.32841811914622,48.0,2,3168.6,354.2334093028335,25,3,1
7eac0847398c7a7a3472ce6f396fc60b6b94d36027cb06513ff26028c35845fa,0.0684770986651108,0.7856088381675125,2,112.40857142857143,7,602.0,0.1354889824790252,2,771.9,29.3,0.2185714285714285,22.845714285714283,27.86232075332137,79.47416981109254,98.0,2,1167.87,231.15329705810385,6,4,1
9793ecabc89e148d991bfad7e9aaec21c29da16a316f8b18b1caf42cd126430a,0.0403930239394036,0.6347673440609662,0,584.7314285714285,7,66.92,0.1782773959594036,19,531.43,76.71,0.8757142857142857,58.15571428571429,32.14110695934018,105.44605683372758,0.0,1,4109.11,673.242128872027,7,2,1
84acd9eb571ba619f220336bc38b52604b10afd20d9a076b76e203e731667855,0.1003009027081243,0.616822429906542,0,12.0,1,350.0,0.3146417445482866,0,112.51,1.25,0.05,26.640000000000008,49.05507942625994,96.51769432798268,0.0,20,12.0,0.0,1,1,1
1848bb9605daa0ea8b0d1cb4a44916a02766a7db8572a02790fc7ca5c58afcc1,0.0732389076032722,0.7931144067004252,5,194.113,10,686.9,0.0910026226467565,6,767.85,47.15,0.357,63.38,71.01366553892606,170.04985193570002,97.0,1,2262.47,213.44150476815253,16,3,1
c8ef04429f13dd2b8d44c68345c5ce463443a8502fed9807f165e8b2bbd2fdae,0.0977614803777729,0.8670389150041501,5,105.88916666666668,12,435.52,0.0412883166641439,10,974.45,62.16,0.23,27.409166666666664,25.128401014080897,70.84421708436778,0.0,1,2747.07,192.8165896167438,7,3,1
a3e68b11e3b57fb41ab07e5842240a98f5ff4c71d064a55943ca48a04136d984,0.0754963016259757,0.554749309898656,8,252.1778571428572,14,93.25,0.2742079985142923,20,946.28,86.79,0.53,58.087857142857146,47.680054003684994,127.29813130393327,0.0,1,3530.48,722.5452726435661,17,3,1
714ba96853b1f40b2e8b45a979d58e12424d43259e4ca583417d4817f89d795f,0.0408881966605448,0.7505546705454074,2,240.0,3,532.0,0.0681671625680331,2,546.37,18.85,0.4633333333333334,106.56,34.27387293232665,199.87370354069927,0.0,3,736.0,249.2990481770856,6,3,1
ba4e30c9b537f2c8d655727442cbc0646b96760729ec583133d134cfc4a07d7e,0.0,0.7719298245614035,0,60.0,1,450.0,0.1177944862155388,1,445.14,7.87,0.23,35.629999999999995,45.43277417870515,123.50276221083593,0.0,9,103.99,0.0,2,2,1
c14fc1064fce10669ec4fd01a58e89fdfa37cc7a9be2a6391c7bcf9034e34283,0.0534078993000838,0.5872658243659219,0,318.466,5,599.0,0.1417158649755602,5,282.47,26.43,0.448,56.46,45.71194174255484,119.56901840022472,99.0,1,1592.33,247.31534861403324,10,2,1
dc00199980673e638a64f3ff8988d9779ea2d33ec98fc9f35fe19340a818c7d9,0.0646625500721561,0.7103422514065743,1,184.40444444444444,9,649.37,0.1655475681482944,9,584.33,39.89,0.4133333333333333,55.806666666666665,41.712783075066255,142.70769037657303,0.0,5,1695.28,599.9447600803126,2,2,1
2da5f8ca33fa76569f5472091c8116a4122d562c5b12a26d70f9522ab3788ab3,0.0493003304548834,0.8618903746607959,5,118.45,12,889.4,0.0514340384482991,5,693.41,36.74,0.5516666666666666,33.07666666666667,26.50688336258065,77.58011040314015,105.0,3,1608.0,222.03983403777943,8,3,1
3af3d85612757ebbdbc47ce96069e137df67438ba7d07643c664986e3fd9137b,0.0,0.9334916864608076,0,80.0,1,325.0,0.0,0,79.72,1.6,0.19,30.1,36.07481424777147,98.53123773996464,0.0,18,80.0,0.0,3,2,1
d8751ce0e1d7348840cf8ed4ee9aa8ba81a88ad95e614ebd1d756229907243d3,0.0314475297965344,0.8222350897510133,0,307.86500000000007,2,400.0,0.0699634760144314,3,226.99,12.93,0.4549999999999999,50.685,17.484370416152075,95.74437175855006,0.0,18,615.73,29.412297731434226,5,2,1
4cdaee69465334e3adfe0f41fb170643e6c0948da4819e3d8aced4818e2c3482,0.0951572592097918,0.6572602091567068,10,232.46416666666667,12,845.3,0.2191325361856018,10,721.01,63.22,0.3558333333333334,42.93416666666667,52.63654790016256,128.41742011747704,236.0,1,3036.15,498.23855362646,14,5,1
62d514b9ed715d68cd8bc28f22ba62c1107a5f346be82521430d18f820922241,0.1262564114175345,0.872597230873466,0,119.47,2,499.52,0.0203094777562862,0,823.94,16.82,0.235,29.36999999999999,28.784315730008963,95.99256535483312,0.0,6,238.94,11.237707341135456,2,2,1
b44d21bbeffffb872a2483a3b63540d88f23bf164b136efe63cfe0fe3d387f55,0.0534583650576134,0.8593972286959601,1,169.95999999999998,5,636.0,0.041505817745317,3,625.49,23.44,0.38,61.55800000000001,44.18979620046091,117.37019573569464,86.0,9,897.8,253.6923665859609,4,3,1
6fec51b067be6da161dbe39c00f05f6ad88c5bf42c14fed77f5724e9061f3609,0.0899689213116625,0.6259418882874301,6,296.32,10,605.52,0.2228547582876907,13,503.21,59.04,0.417,120.918,68.28765993239884,240.96632808518376,0.0,9,2963.2,638.7145899513685,15,4,1
02f71930fe807db8378c27de66150cf4f40ad3e6002641ff4925871ee782f483,0.0523336605219204,0.7079096880005945,0,305.514,10,1251.22,0.1268074967107016,8,539.61,50.37,0.466,44.96,46.952868110609714,137.66072924475645,135.0,8,3055.12,199.07780105023525,10,4,1
97d6b7fb71ef4241600a9d0bd92c574c81e69049095244f609d0ec3137aada5e,0.1018200548744819,0.6915254944085957,0,283.1714285714286,7,965.59,0.1767596476797216,11,383.88,51.82,0.4228571428571429,67.36,78.40512167814215,193.8078053591797,260.0,9,3136.2,153.82289112522776,12,3,1
e3cd31b7cb973eaae8272675db314c3e28b8867518a6e7398e902816d618b9bd,0.0576136429106412,0.7159090909090909,0,91.8,1,350.0,0.1268939393939394,0,77.2,1.69,0.24,45.68,39.72895223059196,115.56977404089196,0.0,16,91.8,0.0,1,1,1
ee48762324ca2be35608c1afb10efeb1bcea0d17f085f75e2bcdc1da74d6379d,0.0,0.7678126238025572,0,347.6666666666667,3,522.44,0.1090359173425376,5,619.69,27.5,0.5733333333333334,27.19666666666667,31.6665769582996,69.80042530328025,0.0,3,1068.0,72.96585054034752,7,3,1
44fc440f7a53128eff3af8a64cd90fcc422a14dae31ceade2ff82a177241a7c2,0.0132300371558219,0.7794577901777572,7,168.93142857142857,14,93.79,0.082055784970061,6,924.4,55.45,0.3828571428571429,19.11928571428572,20.81466707517971,59.61075329638133,0.0,1,2401.03,300.0846674357769,4,3,1
6d1132703219a827c4dccf2fd13646332376012994bb9e6e347af661b4a2f558,0.0859371475556773,0.6015876067698257,5,205.413125,16,818.5,0.2602623576667938,16,847.0,74.68,0.418125,69.255625,51.72661050745416,156.1164854507792,204.0,1,3367.64,441.6441745708056,22,3,1
2b5e05a47ba58254479d0a2cc8565aeec18010bedb3c15c6373addc567727a96,0.0590912436390495,0.6434349665753086,11,263.9984615384616,13,526.66,0.2309708850233597,11,847.0,75.93,0.3046153846153846,53.53692307692307,58.80514052202851,149.39422317167595,80.0,1,3892.55,347.5195552486111,19,3,1
09a471012ecfc7c68918a452b18b58080068725fae25ed3400428407359724ca,0.1143927812260303,0.6220110173060438,10,221.6784210526316,19,823.12,0.2211556121838773,13,960.4,85.12,0.3526315789473684,58.43421052631579,45.14139991436528,123.32527803280716,99.0,1,4277.92,563.8595118331174,25,2,1
e53a8230f7403636b8e2a56cdcdf82e2a01f65bce0de63290c3cb91b07c8269e,0.0495961297799812,0.6866539364546257,3,322.88,7,837.59,0.1452509506567647,5,493.86,38.28,0.3857142857142857,40.06428571428571,35.24497537891958,99.32477124198478,198.0,6,2260.17,365.9307429105684,13,3,1
ede70c6fdbdcfd96e56a96564a3a9a9e791e9b109c74655f866a77f417d6b458,0.0205490711819825,0.798379657300939,0,300.5775,4,552.2,0.0802184963903589,5,371.48,24.85,0.3825,44.1125,48.32762904696058,117.50240159363712,0.0,6,1307.12,371.2078429800424,3,2,1
67876c83e76bacca8646799fa86dfaf389a3d28456b388083f92450660575d7b,0.0357765732873803,0.7739813697930434,5,402.414,10,1274.79,0.063031914570145,11,963.12,77.8,0.475,40.98199999999999,40.321758944720784,103.74057372118456,285.0,1,4039.15,217.6399266695767,10,3,1
6d6b709de70717d0b082fb8ad7126d580399f5dd3eec7369660f58a37dfd4757,0.0858108984596573,0.7019250182508086,0,103.33333333333331,3,350.0,0.2002699631498287,0,118.19,5.08,0.2966666666666667,51.03666666666667,48.66034018964526,123.66135304952786,0.0,17,390.0,122.9751108322771,6,3,1
6620f89948496cd368ba514b77e7217dac6d875c85a3b352a44db7dfeaf6ab4c,0.0275083647467902,0.7896738846373259,4,280.4425,4,428.2,0.0645487418229462,2,381.27,20.64,0.2625,50.11500000000001,43.304116938350674,134.79368356399945,0.0,6,1121.75,239.34672335122565,4,2,1
6a08209c9ff7f84b72fb97f5c814c6399000f073e87123bcee6addbeadf67a61,0.1124153152870789,0.6680118771318734,1,155.0475,4,1095.48,0.1473102926766435,2,512.14,17.2,0.2975,81.05749999999999,64.32477127963925,169.15836154257966,258.0,5,706.86,118.89025247383206,4,4,1
8bbb7c6bc23cfd42f22847ed3b6ba5d3003f739fafa0b9542036681b4ceaf9df,0.0902670956676793,0.6686125233043408,3,167.43307692307692,13,522.35,0.2322963010747816,11,762.45,54.74,0.4623076923076923,37.77307692307693,43.10549975499654,111.83833364578668,140.0,1,2334.63,303.063744751686,11,5,1
4ee62df570ce4c6b6088a54130418ef0c5173c48356c54b282e860c319b74334,0.0867111058494775,0.719006356280032,3,313.208,5,461.9,0.157510444171449,5,627.48,34.18,0.372,59.668000000000006,51.23623401606285,157.6475488539467,0.0,3,1566.04,227.9488187233573,5,3,1
9f4edbfae978dd095d55a8c117e9a4f630c363d6ca8076996fcff616bab23ae0,0.0691515618485058,0.7123311516841285,9,206.35,13,241.08,0.1513746126685493,10,1057.81,72.34,0.3253846153846154,45.45461538461538,37.27248056863314,107.3128400925942,5.0,1,3256.13,267.69509959467763,13,2,1
ae38b8ff8ad85b833701cc39def2a38cdd3008c3f4450db908d74fe32ed9d1cc,0.0356245660343664,0.6822895042845841,2,246.13333333333333,6,729.41,0.1700748976190548,5,987.91,44.15,0.4233333333333333,70.13000000000001,49.26935667073938,143.84393124226577,197.0,1,1712.6,250.33763160476607,5,3,1
54fda9749b3505f60328e00419ba5e1f90ed3da8ed0bd80e27a7878057f5768f,0.0495606191253252,0.7636335869050109,3,216.4283333333333,6,917.2,0.0995682304932819,4,288.77,27.36,0.41,64.83833333333332,45.56451580078548,148.58325839323473,47.0,6,1676.57,252.04712047990063,12,3,1
5b0eca061db460922ce984930149fd5b4ba61049d1fdbba9d016fb8fa9698734,0.0580445430874891,0.7679251478735168,6,167.7358823529412,17,742.68,0.1064447700581802,9,1081.32,68.18,0.3894117647058823,42.435294117647054,34.776893167301566,103.70157351606088,0.0,1,3081.51,269.8353747018894,16,5,1
1d6eda6f12874c10c68aa4d9690324d94fe85d605ad1985b6ca50b45fd9bca7d,0.0796368559369276,0.6628939350661716,0,194.0,2,494.0,0.1393827953917927,1,78.0,6.16,0.61,36.85500000000002,65.37299966958335,137.19831007766035,0.0,30,388.0,60.88177095164188,1,1,1
f3c4d7905621e58f095f56465f4c6b0d1b8e824543ecf26d2309a8f64e557088,0.1311327935788867,0.7314104642600403,2,177.63117647058823,17,1900.8,0.144342460073358,8,823.21,57.61,0.2929411764705882,48.1,57.97064661004351,161.07511678696966,249.0,2,3019.72,252.5987287036458,15,2,1
1e62a98d96ca22281df709f3cb9a983cd7da9c8fa57605ffc0d46b81c521b023,0.0381562881562881,0.7658491825158491,0,174.2,2,450.0,0.1101101101101101,1,110.0,6.08,0.475,43.16,71.50777806187915,148.80219566405174,0.0,28,348.4,191.65775007061504,3,2,1
9987157b73e129587a88e090ed1fe74ae566b5d2bb62b4bd189ffa322b7eb0aa,0.0233774108375742,0.6972646497244975,1,327.71133333333336,15,446.72,0.1778726318887415,31,776.96,111.88,0.4293333333333333,46.14533333333334,37.71718073174293,120.30759920867736,114.0,1,5362.3,446.86008898157314,17,3,1
f670549e83b9a2c5929484b86d328cf1e38bb840e8d0729dd2dfea27e01083e6,0.1315356790529427,0.448441247002398,0,239.0,1,683.0,0.3836930455635491,0,574.92,11.45,0.44,72.25,52.75828093474443,167.3267448851272,258.0,5,275.0,0.0,1,1,1
594e0f7cc92d1ec708eb7eea18c83ad80d0d433e39d3816292f8f80a1cb3b83a,0.0723940717339815,0.7730044452873504,2,186.25818181818184,11,1938.2,0.0970694258064057,6,984.88,50.94,0.2827272727272727,38.644545454545465,33.98935441312592,98.13503900386526,1098.0,3,2048.83,334.38823094890233,7,2,1
087c0f0db7710b10ec74ebb71b3400213943e358ed4e1e748b7019f55b0da465,0.0,0.6351092306363872,0,295.0,2,524.1,0.2170192556774026,2,263.29,11.63,0.625,61.105,38.00492936803262,130.5453205342182,0.0,11,590.0,171.657442618109,2,2,1
afe42cd65a49de3e92bf323b5b681a3f38d42cb8eb0e6a43f3f7ee4f494ffccc,0.0671683421664132,0.7432491918648839,1,342.38100000000003,10,1143.0,0.1166657962162768,9,915.96,65.47,0.51,38.43300000000001,26.918063451951213,86.5457598525632,487.0,4,3423.81,122.34247908781826,10,3,1
86335cc5e70b645db70671c520b6893e98f7c3a968208046ceee1ba5c288a5ef,0.0913662650567878,0.6564469472835072,3,286.93529411764706,17,1439.85,0.1802507307993766,19,975.84,98.74,0.4311764705882352,48.24117647058824,55.38197593314331,120.81236744799686,420.0,1,4901.91,297.27696875381866,25,3,1
39aef13f06b30eea0eaee0666a51b22e301e0c57959b7d7eb505daf229ecd7bc,0.0737227818596969,0.6661824464208137,3,184.151,10,1171.96,0.1983419593672826,8,706.25,48.86,0.303,49.468,45.86363389552952,134.97300307020765,314.0,5,2337.54,224.82983792939189,14,3,1
2723f0163394801e427b1552d6cee154c2b19f6c952132964315d399f73bdedb,0.0458259636084781,0.8201604693788941,4,148.80666666666667,12,888.45,0.0561522998542303,5,934.08,47.3,0.2341666666666666,47.95250000000001,52.32591651067861,127.51722433977598,39.0,3,2011.69,176.4610200710708,9,4,1
b9c8f14a76586c9fd6b5418406a63738d75cf1c80143d9e1f9e2e1c32fd2926a,0.0405540621356679,0.6093872200159343,13,255.71,15,1623.82,0.2313168937964395,9,869.82,74.03,0.3593333333333333,34.30466666666667,34.457093930410245,81.02549744429263,330.0,1,3845.65,313.558926736352,9,2,1
4b4844376079df84f9e8f986774997b9d422d3d397ccad3e5f0274842d783700,0.0363768643142961,0.6535837015218459,0,322.0,2,375.0,0.1182376043200785,1,74.52,9.19,0.56,102.165,50.93087023305527,172.0379894615073,0.0,20,644.0,120.48245826806824,4,3,1
874ee8cbec3fb86412ec6ed929a9521dd39fcd4ffb77e441b79d0e17c97f14d3,0.0422339969414924,0.7642046712327775,2,94.92142857142858,7,718.2,0.1433757384601838,2,643.31,20.56,0.2871428571428571,48.82142857142857,43.12762280483547,137.75043786660623,97.0,5,664.46,148.54763597794496,8,2,1
0b52419e7b241abc4cbed117822aae0fd574d510c97e7d5283f2f8b0f8ecedd4,0.055318594564867,0.6902802614155132,1,243.67,16,1120.34,0.1871100649946274,17,942.9,84.49,0.4,49.1325,44.857498397295394,125.76833957381672,350.0,1,4109.25,347.70981432961094,15,2,1
ab34e4f4a168d21e3b78cc0f653eb5c55c9fee7f5e63416c31dd8364affeb791,0.1080416467220192,0.5913898763876211,5,177.94846153846154,13,849.96,0.2850685836929378,8,934.96,57.73,0.4738461538461538,54.54923076923077,59.96521703995916,157.1050293617904,146.0,1,2502.9,407.4161741161885,12,3,1
8c6781d5b0b09f4288fc3a41416acb835f7a2f4ac2c37e3f40ddccec9695c519,0.0394203151638867,0.825505258951605,2,184.539,10,1266.0,0.0648173994538396,5,708.26,43.29,0.411,46.55800000000001,38.06143710680756,105.00172809602884,244.0,4,2428.23,120.14065119385091,8,4,1
68412b80005a1f33f74eeda1c397f7851f9af2f04ff8054226c1f3a9efaed787,0.0658073479161083,0.5093545109730788,7,89.35,8,1517.44,0.3615607492682564,1,871.35,27.26,0.19625,65.34875,46.96689460816071,168.27575086087427,530.0,5,714.79,274.39358575917663,1,1,1
8923fa9eb4ddcfacb970284577a7e932417eb25b8fcc93b2aa43c332c3bfd54b,0.0151777937575504,0.747824443387426,8,123.60666666666668,12,824.59,0.1246003829674678,1,679.98,32.16,0.235,41.785,43.71281225647597,117.55185565162245,147.0,6,1483.26,298.67967838617665,16,5,1
85438fb5c2f633914c42c91bca6d0e099eba70ac6fc4e240c04d1b6fdc35b648,0.0406404941884093,0.7439185701380824,0,33.0,2,547.52,0.1923473996644728,0,231.31,3.61,0.58,48.97,111.30899441401132,210.0145351705229,133.0,19,130.01,28.69724145377095,3,2,1
365afed508525cfd6310a9346aec834b3d7b31edf4cb5431d67d9a10c6b9bf1c,0.1012357011563074,0.7593992976822933,3,168.17916666666667,12,225.23,0.1342857513366388,12,910.17,56.26,0.3575,56.71083333333334,48.83609628110634,155.3272655994902,4.0,1,2018.15,370.3609642058789,13,4,1
26b6d53e5a8ef6e810f2fee24500c605d0b4f8062d4aeb8ded995eec82342b4c,0.0147658141869942,0.7909115979869379,2,74.78,4,153.0,0.1167067146899922,2,929.12,25.02,0.4,39.9825,46.11652922658992,124.74538795790592,93.0,1,396.12,248.7412408007185,3,2,1
978a26d683eacf518a447eb28ef871bd436aa4343818ab8efef0ff9b368c56e4,0.0880529339282827,0.8091245751140883,0,267.2,5,596.0,0.0676844408701194,4,478.88,26.1,0.262,37.182,41.25353773441556,98.1176996123174,121.0,6,1429.0,101.21652961554808,7,3,1
a5f7ae841c1860633b8f270b4d9d3867d02ca68cd91928f1f3aa6cd05f2596bd,0.0467801835370493,0.8161312514675667,1,214.25,4,387.0,0.0502922403288806,5,801.78,32.0,0.3325,37.23,26.42819986165324,85.935136595739,0.0,1,963.0,193.2069238394269,5,2,1
8bba433d918d9bf2b01cdf9ad79c0aee316d1113ee9311a32d971a548089e4b9,0.0259149389551758,0.8312530503097829,1,134.905,8,754.0,0.0434458303647419,3,460.73,25.33,0.2125,31.555000000000003,28.08759024022988,75.56504165635039,143.0,4,1427.37,205.45320036975224,5,3,1
4e7acb90fcee47efa177a9ee8967ec767393ca8609dbeccc0b14f957118530ba,0.031660436005096,0.8827978059907429,2,241.35,4,195.96,0.0154509130022699,4,522.35,23.54,0.6100000000000001,62.645,42.05426979975813,151.20879958160197,0.0,9,965.4,343.58987670890866,6,4,1
44bdf32dd713def477432748300f1e3214099591f96fcccb47ce27f38a1d969b,0.0608822689874854,0.729576227566909,4,184.196,5,368.36,0.1314793078395088,3,830.27,29.8,0.2259999999999999,70.226,46.88744424090061,160.83873987958674,55.0,1,920.98,156.43043603270817,4,3,1
5f7aa51c6b825e5c385999e4932a6a1a65036614146ad23987207c20382f59f5,0.0782478365646812,0.8128385854115971,1,104.3488888888889,9,1112.59,0.0842438945800668,4,627.22,26.26,0.2711111111111111,31.906666666666663,47.49238173130672,99.23856040896533,137.0,2,1025.07,198.79092200503217,5,3,1
7550aee1d86ac5d4d409ecc6c29eebd13c45cc0fa6488867825b9d96376d2372,0.0575680745510953,0.7124177381694284,9,178.08466666666666,15,447.8,0.2301716494027653,11,1131.01,71.6,0.328,47.054,41.202403884189344,133.14058497656134,165.0,1,2799.25,377.15523607550347,10,2,1
326ff3da9e44c50c9e5f5ed33ff0363ad8bfebf2f846d59f69da3154d12fd7b3,0.0157522486334924,0.7340895574838484,0,374.4166666666667,3,648.85,0.1307787959884302,3,326.52,19.37,0.3733333333333333,83.99666666666667,52.273941862145655,151.0431698835405,70.0,2,1123.25,154.72098249301277,5,3,1
e055c568ecf4f369519a7b2b56d09932e97ca8b07a883b3bc231709fcd5e1932,0.0587527935960062,0.7457632843760345,7,258.18041666666664,24,629.39,0.1146724981945239,16,1100.85,111.31,0.4158333333333333,37.25791666666667,31.6325026476566,90.62122004525988,96.0,1,6196.34,316.32555960943483,10,4,1
2b9491641187065491337327ce4ec9cf2d87718f9852b68554320d4d627da772,0.1202355008604099,0.6571842787718876,0,431.834,10,613.44,0.2227748747676766,21,591.85,82.31,0.43,54.968,44.921501160527725,119.23555596785316,0.0,5,4318.34,380.8177452958259,11,4,1
dddd54fa65cc44612b0f21f384f27db69db608a751b4f6d5848ad3fc4ac1eb3b,0.0320049148056993,0.7441173572367407,4,103.21,6,766.79,0.1507104542460248,0,687.77,19.22,0.2033333333333333,43.78666666666667,36.4710580295646,109.13117485061456,0.0,9,619.25,369.4749584658021,5,2,1
5d90253cdb684a6905a2684b68ccd0dabe55534f3b1951394df2b2e0cb52f965,0.0302180243783314,0.805036216212943,2,154.11833333333334,6,1529.5,0.1005954528826162,3,663.29,27.68,0.61,65.13166666666667,43.48844977729371,143.04306022817966,285.0,4,1227.19,153.13633595379375,3,2,1
844f2df69d29fdeeadbb3a4161c901560d645403fd76993ae27605847e1a2ea5,0.0643408993466294,0.6966156364719377,0,199.43,8,680.0,0.1322476425468692,6,527.83,33.21,0.5775,72.4125,33.86264471534092,146.8761888883436,177.0,5,1668.28,418.6747201639739,4,2,1
7e7f011418d6251b49e414d4b514558817f59fcb18fc2870c04bbb1ce5002a45,0.0689309610764501,0.7247737257847318,6,298.2072727272728,11,866.88,0.1150523876306658,10,873.87,66.97,0.4709090909090909,33.84818181818182,37.67890676984766,94.69800669817222,149.0,1,3329.02,342.9267309037427,11,2,1
2f3269291e1594e70599f343301445ee6a0407af151ec3556b7abb302a2d2d9f,0.027623784512498,0.579630941765663,7,176.02315789473684,19,1046.01,0.2983838590790575,12,749.15,68.04,0.3784210526315789,70.45315789473683,48.07570091556492,153.4264934378796,118.0,1,3398.42,522.6293722337331,18,3,1
547fd82d93063e17f30d3ddf3bc9692303ed72bda04d90ed29c42f31ab1facea,0.0161715614247327,0.7904299711159333,3,173.2188888888889,9,458.65,0.0877266800094792,7,836.87,44.44,0.2911111111111111,52.26222222222222,38.55310708758904,130.56730079310995,116.0,1,1768.61,396.1480502266416,3,3,1
e4c4b15963285d9bb4f5ebf5d5cf9b39f5560ad1e59a34248f24c567ddbbd3a0,0.0924096529500587,0.7383229616010183,0,242.3,2,350.0,0.1309666925959974,1,96.77,10.61,0.29,131.565,102.4133103638978,269.35537541464254,0.0,11,814.0,56.0806165054216,4,2,1
d61a43cc4e7f7684ba64403487215438e5b23e012c9a0128a13921c42e71cab0,0.0393817160660535,0.886570636955784,0,175.3642857142857,7,576.2,0.0745512498485045,3,859.02,32.58,0.4985714285714286,17.10571428571429,25.08784179494806,59.11905984499317,0.0,2,1227.55,135.6570227368067,4,3,1
2bbd211029463d217e90c445f0a4092182a1b8d779a5ea4f11176fd215f15210,0.1022577933424372,0.6809357010969914,0,428.5,2,465.0,0.178206799174541,2,134.94,12.92,0.29,53.22,48.9625822412014,129.52121867266317,41.0,19,857.0,26.113810376968715,8,3,1
bcf9a6834b636cd76205f6d2ac8a5d74ec42e9ab9b6933955446b5cb0e64cf0b,0.034219955205087,0.8684322933670021,2,300.064,10,210.22,0.0878591853740901,14,990.98,72.31,0.609,49.909000000000006,30.68976935718432,109.40011458260297,38.0,1,3170.57,219.85823692190965,5,3,1
c3a0b29f246fa4b9bbedc99f774458e4fa7113878079cc11e74c7b696d517e2b,0.0285570168366124,0.829938112931054,4,256.4875,16,697.57,0.0546237434298125,16,934.98,83.74,0.623125,22.51875,20.29121348015118,59.0551816846175,243.0,1,4103.8,248.7135894619064,7,4,1
53da05125cd1a169690c14fe29abe57cb2944ac435a7370cf2aad5ab39d2d00a,0.1585283476991397,0.7291492910758965,0,91.0,2,350.0,0.1884904086738948,0,123.59,3.06,0.19,83.72999999999999,72.91940205709766,165.4461194928799,0.0,26,182.0,34.70411872568861,1,1,1
0dff809861a6457966b8d0a22923b9c087a369898f2fdf6d09c3f27ab31aa5ad,0.0690782970633568,0.7715804958577381,1,179.66666666666666,3,505.34,0.0902297792536242,3,310.35,13.8,0.3966666666666666,25.02999999999999,37.51000198198293,85.72913554143578,8.0,17,539.0,26.40094105576448,4,2,1
f993e6a8f5a5ae0700ac612c2eb1451f7b75040b7778c11fb0e4deb2ed9d5067,0.0400546941407019,0.7695051972180077,1,138.68571428571428,7,1073.0,0.1319936622479484,2,188.69,15.09,0.3085714285714286,52.57714285714285,77.2333057142437,172.49284074631572,70.0,15,970.8,310.2761733220836,5,5,1
867aa66cd501b2fe19b9d4f1289763be68e63f9f7a14bc714d0660eb0fdf6d9e,0.0,0.6467519990048235,3,105.43,5,458.81,0.2506646176560755,1,275.37,11.84,0.41,91.502,37.94514429923054,175.97424089253587,70.0,13,593.96,493.27453233908193,7,3,1
7bde35e3020107b6164500c4fb453bf56a0529c03ba0af9c3f88f2ae8bb54e6b,0.0560511939931088,0.647434723614321,1,264.863,10,906.8,0.2270243775956288,7,750.74,51.11,0.375,60.257000000000005,60.24694260447548,154.7378656241308,146.0,1,2700.99,185.82712730337985,7,3,1
a7c3fe6ccdcdb3349b8e322b280e2e105ce58927db0f59d81f5c224a04c4b503,0.0847326324555324,0.7667599030825833,4,207.92,6,767.36,0.0415954764094021,4,743.11,35.83,0.4583333333333333,52.20833333333332,35.20309307493517,120.216716872553,121.0,1,1492.23,242.1453909125832,6,3,1
efaeb0a0704625744d11de43fa2f84ebe3666f1c51d7215d1d77e2a43b21f568,0.1057404450404305,0.5547183645404374,2,165.60714285714286,7,491.14,0.3072714592377684,6,570.35,29.68,0.4657142857142857,59.03428571428572,56.15732957281914,149.90259147924465,0.0,5,1159.24,486.8838407444954,10,2,1
587745caccbb31cf7737f56ebde97ff7c1c45c94126df2dd899821fe2b06e5a0,0.1070003122095349,0.8884935598002939,3,164.85666666666668,9,928.92,0.0228866314675561,5,808.43,45.0,0.24,33.41666666666667,20.837860707438303,77.72577086188575,134.0,1,2096.09,183.18931885316425,7,3,1
28365db83efce2b3fe6353e77585a6f0b4d6ed0f3cb2220927a240f5ece446ea,0.0365688487245478,0.8082534790464712,2,178.9888888888889,9,1561.52,0.0540457650251466,3,606.16,31.59,0.2544444444444445,46.29333333333333,25.35899639235776,88.39858311422196,290.0,7,1610.9,301.8908223864588,9,2,1
b695414e7cf2ffb2ad26764bdd4c8016e7eba452e600281ec76f7139e0420e3f,0.0323375090213996,0.715791695681934,6,261.661,10,138.19,0.1270698277656306,11,675.13,55.94,0.312,49.526,33.60614444802038,106.14038806092717,0.0,1,2623.6,573.4796990961872,13,2,1
d7458d5848e85cc78454abe6a58f39a1c13df86ed8c75fd1ae6b86ec832df7cd,0.03102506825515,0.7473207005792798,1,282.6666666666667,3,400.0,0.083292296680202,2,674.76,22.88,0.4633333333333333,53.73666666666666,48.87637432250913,143.45655438043602,0.0,5,868.0,121.52805880249264,3,2,1
57f854055319c7b824bb1e8cb77b99a81bdfdb593aa14730943f80b0bbe778d8,0.0196598840066843,0.7232529269367761,1,129.16333333333333,3,375.0,0.1334019989318684,1,309.67,10.02,0.3699999999999999,47.01333333333334,58.69525362217362,142.20835133475882,0.0,14,412.3,61.04521965990539,2,2,1
37671a68a94a24f5baffb1fff964dee25784eae140108a1d3b149fd6fd243ae4,0.130707402687359,0.7085413381422954,2,283.6881818181818,11,594.46,0.1963421097052501,13,874.83,69.36,0.5227272727272727,40.47272727272727,41.57421747056269,110.61759225364308,161.0,1,3216.2,381.4370629761507,23,4,1
1045d494c0be97dfaffeb3cd637ea030e2cad86dd09e96f39203acca3aea47bb,0.0123164843826978,0.8612980155278005,2,133.265,8,1656.26,0.0391035368192225,3,890.19,32.74,0.245,47.31875,40.51989289444411,131.56427724651178,12.0,3,1066.1,188.28656436527584,8,4,1
cf69c4cbbdc527888becd6fbb2cb93af06489a4e6de29644dbee5f7c7d580264,0.1261023164419671,0.5650021007582788,8,287.28333333333336,12,921.84,0.2784998423156509,12,906.46,73.16,0.265,69.62166666666666,54.1447938944394,163.89431355438705,275.0,1,3467.4,482.3368535206075,17,3,1
1673057790c7fcf8c96b4916b4cc53323fb891eea019aa37abbe6726a8ed872e,0.0956926586897031,0.5371920094338821,4,165.35444444444445,9,394.6,0.3169911901238327,4,1000.15,41.82,0.2866666666666667,53.847777777777786,50.04690200451605,138.95432628369628,0.0,1,1499.2,347.3218130660734,15,4,1
bee4d66415cf2d50396cebe6da562ec8ae442fa29b1c986fe57e9e28d7d0d4d0,0.0747533051056037,0.6297718732227455,2,232.21142857142857,7,752.0,0.2422213419420889,5,495.91,31.69,0.3385714285714286,70.77999999999999,62.58208594923287,161.47178228606668,138.0,6,1695.9,277.77825017323534,8,5,1
258efad7ed68f1fc16d20927649728613299904de6f596bb2b20102574048c71,0.0977118655721077,0.6532966717873022,11,235.315625,16,1594.18,0.1862549728109115,16,1053.53,97.22,0.30875,64.19437500000001,67.83725426082478,172.20381863663778,447.0,1,4605.65,421.5254235864095,28,3,1
e515ff9422aa878a0176621aa3ac777dd19fc3aad8491785b3700dc8643f9ce3,0.1608374739892779,0.6858143638412296,0,128.0,4,570.0,0.1981881848631468,1,151.12,8.13,0.28,43.175,67.7964783287252,130.01389084692576,70.0,18,512.0,109.30807474153482,3,2,1
50c2e10b1383d983e1c060b4485e4f69559953f24da94b4e65c96cdfbddeac99,0.0718033948862409,0.6990086632943776,1,378.66333333333336,3,418.52,0.1941367715177238,3,154.9,18.05,0.3366666666666666,79.14333333333333,57.54331158301136,146.02098797614437,0.0,25,1150.0,58.082470141077216,6,4,1
7633214286c80fc30e73496f51a872d1b277d9016ae8313714f323896fe7c9bb,0.025485304078211,0.7663017510140848,0,674.1325,4,514.56,0.0982177549143213,9,314.96,44.12,0.38,52.21,32.83667086485899,101.72024316735482,0.0,5,2714.56,421.7406189322035,4,4,1
6595bc05270ebd5909e811ef30219de098ce1f64848b6e1ec4dacd20a185b359,0.0984362002950359,0.7602804248391813,1,253.0,3,1248.6,0.1141406415976205,3,777.25,27.22,0.24,78.97000000000001,62.55002264092508,159.02735193959137,70.0,5,915.8,62.03357050912104,4,4,1
1b53d6bb14bd7ffb41873811dd26fdddcb35337537f90b58ab61953c0c52916a,0.0,0.7783768893573191,0,216.0,2,725.0,0.1070184683929383,1,392.07,10.39,0.395,38.57,40.55681057095498,102.279002822939,0.0,5,432.0,107.8964517593604,3,2,1
ce68af4fb6545fa015d0d64e7b3d3573aaf974921fd6b5db2ad62a4544239ded,0.0181440714641862,0.709723511356194,5,131.15333333333334,6,385.7,0.1785082690128474,3,900.33,33.24,0.4066666666666667,56.06333333333333,48.894622444619806,132.22905829969957,90.0,1,989.88,280.6344422617352,3,3,1
03cc1fe4e8e0c46bbc8dd38063ae7d03befd1e02b2b9dbee91cf715308282fe6,0.0852588893255505,0.7253734851902971,2,175.76799999999997,5,584.73,0.1359318915584826,3,507.77,22.92,0.302,65.988,44.45500997563735,141.78377907979294,22.0,6,1089.62,224.2528736364228,3,3,1
a229817e8c967450959e48dc92e4a82ebbdca855b80a8bdf4cfae552cb9ee073,0.0552253466358734,0.6365757016204443,1,207.75,4,425.0,0.18261013781148,1,167.73,12.79,0.355,61.572500000000005,79.89439381944774,173.95326529606052,0.0,18,861.0,209.8832161865911,4,2,1
ba1ffe2a3f91cb4bf34a97f28578a2466d3af4daf768b2fc3ac171172efefa5c,0.0495101220037009,0.7143493165571431,8,117.25363636363636,11,709.88,0.1902928641783746,2,861.44,40.02,0.2009090909090909,52.21454545454544,52.00384439278942,136.76923850207078,140.0,1,1765.53,298.5700750287671,8,4,1
4fbb1673be7bb37e6325ef556f56390f09c57b5957970c5057f9ad460ebdfdfc,0.0424722607480602,0.8465622322538802,4,85.92916666666667,12,1328.98,0.0496291775675755,2,1063.97,37.16,0.2375,41.26916666666667,46.59501333545298,124.28555260087084,316.0,2,1173.45,126.48688619443084,6,3,1
fcdd40fa95b329e4708995192dcd25864f1cd7a011c267d1b782b629057072e5,0.0878823905261109,0.7994532417028576,1,203.77307692307693,13,1513.1,0.0527692130562174,10,1061.7,69.79,0.3476923076923077,38.092307692307685,45.047430850844464,96.96484746172206,140.0,1,3242.05,183.1088516480183,10,4,1
8e6c3c39b156c1d2bdcf0de69f6b124ceac2b47fddd3bd2f86afa73d2088f797,0.0315388614693797,0.7011768593685135,0,249.5,4,415.68,0.1620320296637971,3,521.2,20.94,0.265,42.27250000000001,29.400786719657376,91.8432440365086,29.0,2,1008.0,312.10313788722647,4,3,1
fcc251d69a0f69d099a7ff6d33649626a71674562e3493634bbd6226277ddc25,0.1081344551942619,0.6078390572379919,0,303.52,4,586.0,0.2717184706037559,5,207.09,24.54,0.4075,57.485,65.86955647959185,160.55420680457178,124.0,16,1397.08,136.97498881698343,4,2,1
c87be96088de87c398a021cd878a234b863f4e3f94f106d58f7c2c04c870822a,0.0447150714394124,0.8100277807337104,4,314.4275,8,75.15,0.0591284988014304,13,534.91,56.88,0.28625,41.74875,28.760863131077866,97.93245917875127,0.0,1,2867.78,296.105163697581,5,3,1
d434bcb37cbb0f124489d37ad1a7055935cc3e5dc29e55c16911032dd72db942,0.0291603602433218,0.7321914875361047,2,186.043,10,1020.62,0.1696427849064549,7,948.97,47.66,0.422,69.846,36.43233877681324,135.24600842657088,204.0,2,1860.4,277.0685729039913,12,4,1
17ef6bec94327416a45c398b3db8290f0ef1db06258fd563ed146ef590f80678,0.0377584376830769,0.8022652135266838,4,245.19,6,456.46,0.0750265114522403,3,654.49,32.55,0.4366666666666667,66.98166666666667,42.5018890777688,164.84773352670587,0.0,6,1620.48,209.61742997681424,4,2,1
4cb49b394fce19228def67ae6763ddee26ac84d3c7ecf55d7efdc0a3d0047207,0.0258984160959393,0.8047523406202967,5,211.41166666666663,6,559.82,0.1002778243888692,5,1045.54,47.56,0.5,52.305,43.9954995457034,124.51140472290244,0.0,1,1759.74,109.93493904533844,7,3,1
836f4bfc121d518d8e0c43ec87e3979fba3fdb4ca900d834d6059a16ecc20085,0.0996585462767932,0.668146561067944,2,236.19,5,1017.4,0.1896592952828601,3,447.04,23.76,0.294,45.22,72.26650428340892,144.90905114743882,70.0,1,1289.95,183.3383530869368,12,4,1
796bbdabf4441445d796442111f7a8b4e279cf3e3025e3aac5b7f7f4d9650d5f,0.090219021212387,0.6893642747277892,11,171.42555555555555,18,1522.83,0.1442325284913351,11,987.1,78.57,0.2777777777777778,68.09611111111111,50.02750963070824,167.368117344081,243.0,1,3806.54,374.7232320702119,29,5,1
2a33008113d5d552fed46f684bc46e2ce55fbf1288e5b60b31a8af7505d3f3f2,0.1074913694037993,0.6317572148707387,12,225.0045,20,500.3,0.2149793909330052,11,947.69,85.49,0.3265,47.912,35.90189508112709,111.36272746742108,38.0,1,4547.04,499.4947279840511,28,4,1
5667d0a75240d7849ef5149a20bfa3d9b793204875ef918117faf226493b215d,0.1440486854861813,0.5934425655068928,1,137.2825,4,869.88,0.2485713999191245,0,287.8,9.96,0.3875,101.115,65.82912305998153,190.7768067419605,0.0,9,638.17,175.86891085339948,4,2,1
343089f43b676629ce68d833e5c44b786512b76441351a6a62d68a3a42722b6f,0.0537861212651585,0.8742186922244961,4,160.59375,8,121.71,0.0476731785659145,2,889.13,34.37,0.395,44.325,37.63169770305134,121.29535204070622,0.0,1,1331.75,242.2301913991316,7,3,1
79902e7d0eb69547514e193bb816e6644d35184fd5161269cc5c4c0c216e1068,0.0995570124295414,0.6700101950726267,4,219.34875,16,1494.25,0.2502396506805892,12,906.45,73.43,0.360625,42.886875,60.00388830587489,129.4467922370116,184.0,1,3693.58,199.220727765977,26,5,1
8721cc869fde7b870721c4f815489f061f4481bf7c76f4a22674778cf91cf74f,0.1087094153052331,0.7980135864944732,0,185.9375,4,771.0,0.1046357559916356,4,462.72,22.19,0.44,46.3475,55.95744858777336,121.76795520791954,210.0,10,960.75,72.68614714290685,2,2,1
3be7bbc1c80b4381436b802ad0774c7eb1b1ec9ca0f1a2d10a24f4cdcbbcbf1d,0.0551724137931034,0.766612641815235,0,311.0,1,350.0,0.0567260940032414,1,74.3,5.35,0.59,39.81,70.08981338161033,121.0067080829041,0.0,21,311.0,0.0,1,1,1
cafedb1ab9f3b8594437ccab31563e06066e8a9e53c8ff19e3b46ee1b8b84eec,0.0228310502283105,0.7146277335557053,1,94.0825,4,415.42,0.1664023948054208,0,279.48,7.47,0.2425,46.9425,27.453102374351907,104.87544787635473,0.0,5,401.02,325.9635114830013,2,2,1
eabd04f347e2b459d9631be9ea19bde6764d51a512b112559ef88695099cc9e9,0.0098206744839235,0.8317760000494401,3,201.5133333333333,9,614.0,0.0472659637524449,6,568.41,36.67,0.2611111111111111,37.623333333333335,37.232667471882806,107.29438431983266,57.0,5,1813.62,401.3672638929756,6,5,1
6a79e549d30234e6a8fb5b1eff58e1e3f7e6c960d8d4db18494e9067b8516a34,0.0543958736958321,0.7680952995260669,2,207.085,8,1099.48,0.1211760200174145,9,949.55,55.62,0.2925,37.1475,27.58194966330112,96.74186477642633,107.0,2,2255.29,210.9139500978468,6,3,1
58d759c0df8875e7747f16818c33a62c863638ff125f2e03e546cfff4dd93712,0.0396853606291859,0.8044555228062662,2,208.2733333333333,9,1057.61,0.0674012870567691,6,900.65,47.39,0.2988888888888888,54.04111111111111,43.04197924000095,132.69224908154715,152.0,1,2104.17,140.0875068895188,12,2,1
6ba17a6f61ef4b790b74eb664909c55763b514c096d856bd4c57f911c5842af2,0.087992435967581,0.7426070573986244,2,109.84333333333332,6,925.3,0.1225786526832884,3,396.94,18.31,0.2933333333333334,40.43,34.165150067064864,93.11732115265092,0.0,9,817.03,225.7869626502386,4,2,1
de372d9616309252af9855e77dad9e26e8f67231aea62e290ecc044af8231790,0.1134456703459266,0.4895170245931033,2,306.7681818181818,11,1351.6,0.3451755318097644,11,793.24,65.4,0.4581818181818182,34.450909090909086,38.38662775441418,80.53306477697767,240.0,1,3374.45,365.5161113970726,7,4,1
06c044324c8b83d290159949f92788f4afea292e9a231035ad997873f5c33404,0.0282220949796813,0.7621178095320253,9,116.81916666666666,12,958.47,0.0960398639669021,3,1063.43,43.43,0.3433333333333333,47.645,42.79762421397388,133.57135863436727,519.0,1,1401.83,258.98654075510734,15,3,1
036a34df46c14de052c28cafbff3939b0907598e6ef735fa670592d19a5e78ba,0.009466380150894,0.8230723497393825,4,80.92,7,610.8,0.0813519313297247,1,769.57,24.37,0.3042857142857142,61.24857142857143,55.82490651908082,163.02737008832713,97.0,5,780.24,252.2607353643979,7,3,1
0adeb80f57666d79ea83ca09727af0b03d716c153a0eec6d7efe2d05bd3f38ba,0.0429650600442131,0.6062874811221534,4,144.1475,12,228.4,0.2919540796184039,10,818.74,48.96,0.2866666666666667,63.929166666666674,59.69795156169413,165.97123589866536,9.0,1,1766.77,351.32117241829405,13,4,1
706345986ef76dc30679eefad73626f64a82368768f948aa673bb2e9e396cb0f,0.060966316110349,0.7435474238492432,1,173.5,3,443.13,0.1137275394680183,2,468.17,14.36,0.52,46.50333333333334,24.19525824380243,132.67798974085665,0.0,3,520.5,120.78063595828972,5,3,1
9b29b63f6c65e150993ecbe9b15d0d9a5d115484e6927acbc2b39a8e1fdf3a4a,0.0746506915632487,0.7533000284838748,4,109.75625,8,569.0,0.1288353990710661,2,561.8,22.44,0.2775,27.0925,16.844807489753265,57.71162179885362,114.0,6,907.07,196.2582167696513,6,3,1
7960a898621a22d811fcec94e678bfcfa071186bc7209d6e5ef6c803877c2c5f,0.0318782079729869,0.616729118298225,0,297.4542857142857,7,551.81,0.258286685624666,8,575.22,40.53,0.4328571428571429,66.29428571428572,39.357932458743775,123.83714354625808,0.0,4,2082.18,555.0938684494527,8,4,1
7680aea4843855b2f8c6b9ef41cd6668106855e7d00e640ffacaa32b1b1b81ef,0.0484967633131644,0.7278960363060885,2,269.046,5,519.03,0.1405524384246219,5,351.55,27.2,0.458,33.038,27.911093711276614,87.20667859842106,42.0,15,1471.03,167.7997757966717,5,4,1
49b2473fcd42d82fffd8f7edcb7ce118f732ec6dbbb76321e7689e55977e5486,0.0955326500674864,0.7667376129552551,0,164.77000000000004,2,606.0,0.1233047480348222,0,790.49,17.67,0.27,59.135000000000005,46.73833735024934,139.84221909665678,131.0,8,407.96,26.36459685477369,5,4,1
185a74028c3732628f4f44ecabfbc2cfd2aed71c2658fed9c81e5d12afd89629,0.0931737950253613,0.7780504966648887,6,199.996,10,1630.84,0.0970038258985985,7,1057.23,56.8,0.312,40.194,36.86145955606501,91.86645533265542,208.0,1,2303.96,184.29829183013004,11,3,1
0b627f0969edeef0fdc31cc3c1b97a8715c155f0688884082237491e9b46935b,0.0930134019820962,0.7082607196334049,0,232.9,6,782.0,0.1382682601418028,6,586.66,31.97,0.3699999999999999,38.07833333333334,42.13579847933882,116.66240533673346,0.0,6,1397.4,271.58314695876044,3,3,1
8209a262881d4edcb5234ea472073ce56b396718b9cf2d4df815deffd72835e2,0.1111081354380877,0.594594562370326,5,357.487,10,718.61,0.2672554980649617,12,372.26,60.54,0.449,80.942,55.91997020934092,193.95986010327096,0.0,7,3574.88,456.4722452769066,10,2,1
a6e6e91e5bd71dc4bf672d88e26b9e9f0599d439c4cd7db92f0dd66256414030,0.0968335431393434,0.8079470198675497,0,48.0,1,325.0,0.1258278145695364,0,77.62,1.26,0.13,44.64000000000001,46.93075674406948,127.08167194093116,0.0,16,48.0,0.0,1,1,1
9b924b13143af35e06729246ca995736911238f1983d601c03cf637555bda153,0.0647376947832034,0.5800758672304211,10,291.82,12,221.89,0.281413860312003,7,737.36,62.99,0.4266666666666667,46.68333333333334,41.5877692421438,118.45496396546446,51.0,1,3522.81,333.8787944752917,17,3,1
b2c6472c4bcca92ec6666aee0dba19bb6d904eebcc39929cb08de03eeacd50a0,0.0658502144941143,0.7779289834550254,3,142.564,5,1282.8,0.1009115199074313,4,747.28,36.47,0.2219999999999999,65.55,62.07322225482036,154.16916110256014,265.0,1,1545.82,274.8638429891724,5,4,1
4fd51192dd196e700df90df26d9290fe6474a6611dee597f4be58eb335555c26,0.0878770458078825,0.7017284492954414,2,157.75,2,450.0,0.1880934680498766,0,207.61,6.23,0.205,82.13,47.33496246013162,150.89887285332424,0.0,24,315.5,194.2511524848047,4,3,1
7f8d3f8f7ead963823227173a70523c245a83339e3ba2b977f0946837e42af23,0.0514000523630939,0.7877825055509122,0,142.20000000000002,3,496.0,0.0922042397994073,1,740.02,18.98,0.24,40.61,60.4782802538036,115.68907532379764,96.0,5,514.6,132.502202500194,3,2,1
34adc737205337a0648b9b180fd74fef5d87343922b5190ae8bec060c94db255,0.0651168848082307,0.5819950020515372,2,54.196666666666665,3,567.1,0.3726647800681991,1,252.41,10.2,0.26,91.84666666666668,67.1043334685299,238.4577071226946,125.0,11,412.0,226.8478741061736,2,2,1
e113b02fb44af8bad09ee74632d8ce13677916ce619a74c6d26ad99f0cf6f6bc,0.0830817541894535,0.638129355602177,2,197.62357142857144,14,369.45,0.2467103855123578,10,954.76,64.79,0.3964285714285714,49.21571428571429,51.19934317827129,153.5125525534163,6.0,1,2909.45,381.124368323364,19,3,1
58d35695c53ab127e09ddb46a8487e247d699d7c51a0cd70db1ab91a7150bb36,0.0745644815874293,0.6996088429647164,0,437.798,5,737.8,0.131079803522344,9,520.18,42.22,0.458,60.31600000000001,40.193544310323205,132.88347213418135,70.0,9,2189.0,234.44756904777165,3,2,1
0c270fae34723ae92799a7585daff4804661679fb94392056a1ef1a25387c829,0.0,0.7397003745318352,0,255.0,1,350.0,0.099250936329588,1,41.4,4.46,0.51,109.35,39.14873544565111,162.91337334510135,0.0,31,255.0,0.0,1,1,1
73254177ca23d20b563a1a3dd4b7120c8e64792e687edc1c7546eed3478e6abf,0.0497710531554848,0.8494791666666667,0,29.8,2,400.0,0.1014399509803921,0,136.4,3.19,0.305,40.925,98.94159380797196,193.51250770877107,0.0,17,183.02,177.21424969722003,2,2,1
2317aa6ed2f2ef0eb8a51ab119df69d099e0513c2eb62787f8c9e6677e079495,0.0268239462943347,0.7123579605875466,5,286.2266666666667,9,322.29,0.1435112817466838,15,688.05,62.15,0.4322222222222222,50.22888888888889,40.93849028896782,126.96471571870173,230.0,1,2612.05,375.5164834862977,11,3,1
0df5541545697337dd5347eadacb0cd51d5e9b0def5940a5d74c4de16b3e1f5c,0.0436557335819733,0.7938144159144698,6,303.5473333333333,15,319.14,0.0384850286962597,21,951.81,98.39,0.4246666666666667,40.17466666666667,40.39927190273147,114.88284286305704,87.0,1,4626.85,447.55915319045454,17,3,1
816b0076704c7724a2ae340076b624f6794a1f36be446c65c386b9d0825d753b,0.0536372627788113,0.7828657094515643,0,258.95,2,367.0,0.0770001963038783,0,133.58,7.01,0.2249999999999999,50.485000000000014,69.83025380213066,164.40262288195237,0.0,14,517.9,57.99233848933655,4,2,1
6bcc1756feefbfc2352bee57189da6c081eeebc165bcc1821cf72068ba3eb139,0.0734669295416713,0.6890699586096245,2,224.29777777777767,9,931.08,0.1641423705274937,5,862.31,45.49,0.3288888888888889,55.78777777777778,44.21237425026581,136.3860100752286,123.0,2,2160.68,189.5406891902234,3,2,1
a298f74600b082bb49b69dc3059f57f52922a8d5e64c96bbce5eef85c0ce41b9,0.1137244892334966,0.6297136346875639,0,77.80666666666667,6,871.2,0.2642602260639237,0,421.0,9.65,0.2283333333333333,55.696666666666665,82.81254524841437,209.5285336893005,124.0,10,466.84,137.84060858348417,9,6,1
32827e00d37537cf624f9b1d45f78ef93009d2966fc09479caca0fb0260a1a16,0.0815668630896602,0.6728148547539807,0,462.13,2,526.88,0.1502315241102126,3,211.91,17.06,0.35,77.935,48.92035871975666,159.3515364494195,45.0,17,944.26,76.3297412182341,3,2,1
a7a393e4e1b959229d110f30e5c0d114ca287a5b3fea93110137ce4ddee7c281,0.0586843832245716,0.786279894476305,2,217.2125,4,544.0,0.0840612934362934,2,245.3,15.16,0.45,37.9025,55.55458033550782,126.05974169782814,70.0,17,868.87,126.38035821894972,6,3,1
0652c7a23030c78935f43b2fe7bef0b6bd7758a01256f6ef893c5d082f7fb2aa,0.0077762789206974,0.8722022438528502,1,181.5175,12,538.56,0.0327751108129043,6,864.26,46.78,0.4158333333333333,44.30916666666667,22.71164544608698,100.30869730959932,276.0,1,2184.23,234.47899935487573,10,3,1
22cc5b593aa47bc9ebb924bc0762b8f354623566111b3f27cb55373c0baedf14,0.0760737457028119,0.7884689796178291,4,164.84833333333333,6,726.0,0.0801143962945919,2,459.64,22.05,0.3366666666666666,38.715,47.2367250021962,109.90264965243776,148.0,7,1100.91,187.8660601752892,4,4,1
849d222e6987cbfce47077843ab10306ab8af05335fc3adddf9b82cece331d56,0.1058361358993641,0.7461854816421111,1,146.56833333333333,6,921.28,0.1406453294402931,3,381.55,21.49,0.2816666666666667,48.70000000000001,63.89917693695511,140.62220458645757,42.0,6,1157.2,109.45834924247548,2,2,1
478a2dfc411214b17ddc9cedb7896b6d7c50444f940f3ff19e33c17a7dfa9021,0.0445234572662484,0.7789792376517678,3,218.75142857142856,7,789.37,0.0331889270095738,7,832.08,42.69,0.4014285714285713,80.68285714285715,54.297691818930346,189.77467901677488,60.0,1,1605.53,411.6635450603323,6,2,1
307f3348626657402df5c632d01bca965be8cd0b3e706f4a5f64a3a73287b51f,0.0267086723101513,0.7446520848806373,0,282.288,5,857.0,0.1043819750153135,4,518.17,26.9,0.512,58.70000000000001,50.21247891686494,166.96892459574116,82.0,5,1411.44,288.9708584519437,8,4,1
b85e103edb7605a5a49597926332c6e3aa146884f773f71de5f575c9812d0e85,0.0179752660339373,0.7921285697071936,1,121.225,2,665.0,0.1256476683937823,1,144.0,6.07,0.625,55.33499999999998,55.06807631291649,124.47168771078896,140.0,17,263.45,132.83873566897518,4,3,1
dc2a6dca854b8c3c98534206313498d8f72bc6448326793b756e4b754baba882,0.0471836181098497,0.7817415508548482,3,304.548,5,734.94,0.0861548232478932,4,393.87,29.05,0.424,60.370000000000005,46.98143952687968,114.76627550383324,120.0,9,1618.74,219.3910861191036,8,4,1
390f082daf0ed86167d7870439195e03c903d121b1e576b9873cdaa29c709ed8,0.0212161072686383,0.8179273004298852,0,149.0,2,350.0,0.0619823692659302,2,428.08,11.07,0.18,27.46499999999998,29.41762147851263,72.36254129412373,0.0,10,298.0,134.60218664023668,3,2,1
3f0b7cf04f569f1deb3e54435d34939b64346076516fa89f9937d284855afb06,0.0562524610451706,0.5691056910569106,0,147.0,1,390.8,0.2710027100271002,0,92.73,2.4,0.24,120.12,38.36877372491552,116.70810841977342,0.0,19,147.0,0.0,1,1,1
5b19788670eb5cc890162ea42b7378209311b006b29c2f01bddd84002052f88d,0.0513554577595426,0.7027013834414003,2,194.16666666666663,3,455.0,0.1637769302820314,0,187.4,10.0,0.48,40.54333333333334,26.37752061768529,77.4654779340375,55.0,21,662.5,267.6927108027879,4,2,1
47f738d096121c2cf6d0e71600f427ced8b59a8c1927b0a2e69daea5b4574f95,0.0565140600933327,0.8018241620498817,3,125.19833333333334,6,718.6,0.0871076965427242,3,553.32,23.29,0.2333333333333333,38.04333333333333,38.99679559338173,95.7195358245806,86.0,4,963.19,189.674566506896,6,3,1
2a02fb6053baa19c83df1207f2c6b20b3afcf08c35c36d0ddb3167c873415fc4,0.1061683084697699,0.7464167111515743,4,159.60466666666667,15,496.31,0.137944464991386,11,1006.83,70.81,0.5666666666666667,40.298,44.551404108738616,115.82030083190304,138.0,1,3231.07,171.39875953743493,10,4,1
5161b7110a1d52f55304b6bf2d8363c10d424d97060cfa07b7275171becb1dc1,0.0570417965328326,0.7183486602617228,0,175.98399999999998,10,1176.0,0.1628751460880445,8,537.71,36.87,0.349,50.825,62.65434484355476,162.6972259796129,229.0,7,1759.84,225.88755872622696,14,3,1
fbad552e8a8e7ab97e4d1780a1ad15410dfa7f926d6bdb93ee7138cec2a37a91,0.0945998636178713,0.6702364551484575,2,248.2433333333333,6,860.02,0.1933716053601466,5,428.65,30.44,0.5733333333333334,60.37999999999999,66.57836838389335,173.98678370989788,182.0,7,1684.46,350.1544202629224,9,4,1
00160b3f3354ecd268d379ba6e8e92f0f4202d7661093aec8cb42d5439bbb1b6,0.0457540263543191,0.8932474349797186,0,89.75,2,463.8,0.0,0,159.9,3.39,0.2,37.72,62.84398881818368,135.73891231270295,36.0,18,179.52,6.568519181868332,2,2,1
272d9f4ddd83f1e8f3474cc4f8df35b34599b60bd5b0c277313c5600ee993b0b,0.0714136416923153,0.8183335700081986,8,270.4481818181818,11,153.12,0.0704824228878772,11,512.55,59.24,0.42,28.99090909090909,27.571790694417988,74.92452733185246,22.0,1,3209.45,309.83276419784795,12,4,1
2308c4109f60972effc4b3f2fc10d36724fe6ffa64108e67ab6664c29dc9eff5,0.0600503964997508,0.6609095404598255,1,131.69,8,426.8,0.2372700695306637,3,374.57,20.74,0.23875,44.56250000000001,58.8418707696085,141.842785045837,25.0,11,1141.52,236.08840938665503,7,5,1
9ffa2d79421779a6c881699256d8b30c9dbbaa35e831c9b09857f46b94a063cc,0.0,0.8547486033519553,0,97.0,1,350.0,0.0,0,44.0,1.41,0.22,97.72,36.04796541949808,160.05687482788449,0.0,31,97.0,0.0,1,1,1
f3ccc316c2643bfd3ccc8c202b6f3f8a226de5a7950f51ab40db918d78b0c777,0.0522216185279154,0.7042626314224586,0,534.755,10,471.0,0.1367513622112524,26,465.74,105.55,0.41,51.855,55.56911845414682,155.94835313343248,0.0,2,6192.25,560.7827278822542,18,3,1
976bf71d2b05777305c6bb575bbc1ced7d77dae73b127fc9115e1b23dd3f53d8,0.1371257967273153,0.5914621483423834,1,319.976,5,936.4,0.2631500091374322,4,286.49,25.56,0.368,56.43000000000001,61.206463882285526,143.95805212319962,274.0,14,1599.87,206.0917612820124,8,5,1
f22b790c836677e22db9eafdce64a77abbc51435ca300ca754a9f82b0da4b7bc,0.0834592618258694,0.7835179539688147,7,137.94733333333335,15,894.7,0.092369240801998,9,854.13,55.44,0.3526666666666667,26.752,25.791449763604337,72.77647973221227,287.0,1,2326.21,265.2660684879476,10,3,1
1606e052e26f1b111873e8f1f3d9a8bef56befc9a73a132e115e8cbe8751232d,0.0238807420230799,0.8247009440222748,0,516.788,5,316.6,0.0598178829330337,9,983.04,59.6,0.458,42.394000000000005,44.13324658675132,110.05450077795028,106.0,1,2719.96,144.4395596516909,9,4,1
b69bcf269ad98006ef5653b279acce84da363bb0afd38c642bf02284d38f9554,0.0498854292332705,0.7954368539782944,4,122.1475,12,1541.65,0.0942345193754364,7,973.08,52.94,0.2358333333333333,35.49916666666666,32.75373337386416,85.18821222262325,381.0,1,2228.7,172.79312519140782,1,1,1
e6dec33cbf05bf349157e4c4c7516af2b6a5483f3eb938276f7fa39238fc52d0,0.0837420951516372,0.8258809271728538,6,160.48142857142855,7,745.68,0.0790454226721095,2,607.38,29.61,0.3657142857142857,41.42428571428572,42.67713070892452,105.90917039174724,28.0,5,1459.36,183.0642971333276,5,3,1
61ad2b309d57826c7bdfd5afbfb696a05aaaf618707f47a7aab0ac97d47551c9,0.0477167533521019,0.8411772623267082,0,187.5,2,450.0,0.0396383866481223,1,96.21,6.21,0.5349999999999999,36.15,61.771716399685246,102.58552490081544,0.0,18,375.0,102.9687653950588,2,2,1
c346f904c3845d42b8630c2cce0877eaf1aaeb1349d86bedf17062d4b3b018ad,0.0096492098791972,0.6819258851317481,5,297.8644444444445,18,338.58,0.1496721482125498,19,846.46,100.49,0.7266666666666667,49.39333333333334,35.42415638155495,122.53717430715882,134.0,1,5399.52,407.5794058646776,14,4,1
87d85f7699f2753eb5a166afa2bd56db85a19d9d2bd2eea56ddb2678b0dad962,0.1162518913052475,0.7451478092217156,1,141.93571428571428,14,1180.1,0.1269135537192277,5,729.76,40.44,0.2364285714285714,36.38857142857143,35.62051205867363,86.7091289405791,305.0,4,1987.1,211.1475614200053,11,3,1
52c079e643517b0305cca7f204b7085d0c1612f841f5f3dd7b42598005e892c6,0.0568449603339687,0.6313901640745135,0,575.9633333333334,6,187.06,0.2465275619335077,18,751.37,75.87,0.2933333333333333,42.071666666666665,32.58872402348826,95.36942970461742,18.0,1,3625.63,280.9159917729068,24,3,1
25119b69f8c427c3a64863bc6498f2db29a646e5182e7895d2a2c74e8a8ae041,0.0468072916557229,0.7973460005577897,0,257.06,2,471.53,0.0315592021807778,1,277.12,10.49,0.3,76.10999999999999,50.74785979284479,153.89336981988228,0.0,12,556.0,355.9635777124191,1,1,1
e630e947e6cadfbf5d01f908f9056ce125787e3e80091b7d0abdf96e0fc55b9c,0.0384392377016339,0.755730835643625,9,165.96444444444444,9,563.8,0.1267276204618492,3,509.22,31.0,0.6433333333333333,61.08888888888888,57.81853381255295,157.38601291081537,71.0,7,1493.73,527.0045293740874,7,3,1
01e45658a3ddd090fa9de4edb6090d8c04a16df4f4ccade73ecb0e0451e15b87,0.0498459511158213,0.8405251963801254,2,112.36,5,741.0,0.0435703115602068,1,297.72,12.14,0.418,32.742000000000004,27.08748453351551,71.78509966309778,291.0,13,641.8,81.63642983243167,3,3,1
9ce677510cc355193fb4df2cdb2e114c962b184f088f439a24f4cd7d9edd1f59,0.0241563398313886,0.7018481670254245,1,174.99333333333334,3,400.0,0.1079455263307421,2,264.41,11.5,0.1999999999999999,62.67,51.3016687237106,134.03828493577993,0.0,17,525.0,193.006188089796,4,2,1
c2799b8d51bf790113d3087664b400ad0d4e23aec4257dedf210f314eb968a92,0.0415920621799637,0.5893331737851574,0,381.76916666666665,12,909.67,0.2367270335037288,26,800.3,103.22,0.5366666666666666,82.38416666666666,47.65384148228674,188.8159378902816,125.0,3,5138.22,498.1676350949536,21,4,1
7ae4320ab001f578b7449a8fa666c32fd9516f606d10a28e5d16107a97a5d5c9,0.0501655463027991,0.93489848865928,0,45.3,2,375.0,0.0,1,214.51,4.65,0.095,11.000000000000004,11.05715953624123,32.285681815393815,0.0,10,100.6,71.7041840472758,3,2,1
113cb19c76e337c374c953efb26fc85afa75816e153620ce52b33ddef43be7bc,0.0553456794519237,0.7588203742808384,4,254.125,8,128.71,0.0926859228858945,9,855.12,59.49,0.36125,53.4975,48.84913702630141,135.00758360054226,0.0,1,2928.0,293.7387867611922,7,3,1
a0ea0b9b57feb5aaaf603fe41da2e7a9f0d68faa03de77bdf595db3eebd0aeac,0.0784498313328626,0.485273492286115,0,198.0,1,350.0,0.3534361851332398,0,82.39,2.8,0.16,138.14,70.6403758103106,249.3531525733373,0.0,14,198.0,0.0,2,2,1
a94e6cc4df49c952a822217cd15fdbd2cfa452aa947a9b4692399c29e54a02cf,0.1372161954351812,0.6597831700323696,3,213.7264705882353,17,2095.85,0.1991785288272696,13,857.67,77.12,0.3511764705882352,39.00235294117647,37.697108372074254,92.73928072475807,311.0,1,4085.34,350.91592604049737,17,4,1
4915666c5a0869e14f97ba9bdbfa40d576b7ccdea6a24bce89564271fe043169,0.0961146873348593,0.7850038656494293,1,219.941,10,1144.86,0.0925550050655498,6,764.28,44.43,0.362,39.138,37.89308312951168,97.6274145404488,62.0,3,2199.42,224.33703216938392,13,5,1
4e5b259caa0885830c35b36d40da130d1348c84c67eb5882221541dd7cb498bb,0.0493880994486738,0.7398758150200696,0,310.6,3,610.0,0.1346260115617701,3,217.28,15.99,0.68,75.01333333333334,46.7548710559249,141.09315499291174,87.0,18,931.8,116.5740850218636,6,3,1
9fa4889d9230e4d455236bc68b641aa4d92ac8370c898de92735aca5861ac85c,0.0959508731529454,0.8377581120943953,2,80.0,1,375.0,0.0737463126843657,0,97.98,4.18,0.67,21.879999999999995,55.86418969299045,103.77790731648584,0.0,26,220.0,0.0,1,1,1
dcbd9a7d5c56b70edf98252f050b78a1fd1b37ea4a236f5f37a68e5b4d0fcb45,0.0654516833573323,0.6769168969321907,0,353.7266666666667,18,47.83,0.1649845688788546,40,811.29,137.85,0.7911111111111111,42.53833333333333,27.57471143697613,90.72736678394406,0.0,1,6374.08,472.57728077870473,7,4,1
1ca4f81eef1d3ab73dfad09c730b76a48176fad38f1fe1b669c1990ca68de249,0.0689432662765706,0.7976904299679425,3,189.6528571428572,7,696.77,0.1121685464588896,5,718.39,40.22,0.3814285714285714,59.92000000000001,41.95468413451339,145.14822603410062,121.0,1,1942.81,311.7103462815273,7,4,1
5afa3445cabda04385461f5f304552508063f117b516a2295a84facad44323fe,0.0396611685064782,0.701756977595995,4,212.83625,8,105.49,0.1761202352567951,7,918.5,47.94,0.4025,57.56375,35.0597631866851,131.4860390653847,0.0,1,1864.71,307.8501561483104,11,3,1
43ecd0cb7164a58adf54a59e59868768bbe725d9a2ef63225abd933ec607fc74,0.0404233389685552,0.7131480989737121,6,130.58875,8,218.17,0.1878409480381518,6,963.38,44.71,0.43125,59.3475,51.84646661579649,147.57079500200336,0.0,1,1479.72,409.0962437646834,5,3,1
f0ffbe8574b3c0df4ac117ef9aaeec3a3e18545d8cc9d5c20fa10b9fe388a888,0.0050129082387146,0.7991045838966869,6,253.08272727272723,11,365.02,0.1263959921354492,9,753.29,57.8,0.7890909090909091,32.74909090909091,35.408752712722794,97.57933723184236,2.0,1,2813.91,335.52960568333293,9,2,1
6f10e8b078db002a57a35f1ae74a024584e7556fa82157afd97540c0f70d49fb,0.1152797472951442,0.7629415841808133,11,137.9329411764706,17,1273.81,0.1323918601352034,3,1009.48,54.51,0.3076470588235294,40.90058823529412,54.12849561710333,131.8387123347401,167.0,2,2344.84,210.376015812451,10,3,1
77b9102518e9911c5733dab088b624a4386b7205a36a77b4ac0562b137177608,0.0631536421086784,0.6936913544791316,10,96.9361111111111,18,286.35,0.2020958611036256,5,863.44,45.49,0.2822222222222222,35.70055555555555,36.88902000237422,107.68815083621604,73.0,1,1757.85,312.20351859969804,17,3,1
816d9eb1bc01b2bb5e21d484627e064464c850f053fac508e93f9c7e54147cf2,0.0706726911956553,0.6577296747711908,4,233.0027777777778,18,932.06,0.1918400323637913,15,869.43,83.14,0.2738888888888888,48.48444444444445,52.84543742455584,157.36098568062627,262.0,1,4207.09,203.84500583164183,19,4,1
9e068c15559785f1c67e64a79ff6e0f0895b1d2d1e9f54b9d4bc3185abb4ecc8,0.1312415987300398,0.7236924493554329,0,120.995,2,470.0,0.1999631675874769,1,87.49,4.99,0.36,93.97,57.62296690409093,197.6254582983768,70.0,20,370.0,120.61137550664644,3,2,1
9db6e47c0a99a8433cd38be3cf1e36513110a30f2a711d1e85a2dfbc5246b4d5,0.0392596948561292,0.82955740714517,0,133.6727272727273,11,578.41,0.0463599555441075,5,998.16,45.75,0.3354545454545454,32.33909090909091,31.0375077752514,84.0285660260155,6.0,2,1847.0,177.75998733471636,3,2,1
e5c452c62790634f713423a82d20bbaf895881c8bf48ee9d7410de0027a5fbe1,0.0241387345478621,0.8526931422576864,3,256.4866666666667,15,612.37,0.0393600663301787,7,1054.96,74.22,0.5820000000000001,24.875333333333334,27.68586449424047,76.89359606856513,123.0,1,4051.46,121.63780036211924,3,2,1
73583d54218831a09fae1513c84c1ddee24473db7b345dcca52b3de3bceea092,0.0745700303360852,0.8034455616739733,2,415.155,2,458.29,0.0509842157726141,2,209.49,14.4,0.35,46.745000000000026,40.62107792505592,108.89802229864664,36.0,16,830.33,173.12325458316508,6,2,1
1884a0e377b734151adf0a4010675fda1a571abe7b6480dfa541e85c32c1c9b8,0.0,0.6757694528378493,1,119.8,5,455.68,0.2325917484941167,3,418.26,17.17,0.5439999999999999,76.238,47.95248728521998,168.86165988684024,0.0,21,722.75,312.28619760694613,3,2,1
d4d096995f91438047178bd5a0ae3d1db24be53b7bfa3692a187d305475c213c,0.0725130101864248,0.725684712693206,0,265.17571428571426,7,426.17,0.1607659217779072,9,976.85,53.86,0.7142857142857143,29.572857142857146,35.11926183102903,82.47950605857795,256.0,1,2111.05,201.3276483161481,9,2,1
31dceb8093f5d49706e9831c85504eceafc38d23b84eaddeac0684c8d953940b,0.0925175945630798,0.7196409363869957,6,175.3264705882353,17,717.26,0.1474513857199111,10,927.83,75.24,0.3605882352941176,44.19764705882353,43.20400126550771,111.0993121007972,240.0,1,4021.57,274.0403646169531,10,4,1
e09531563a6f7c5f5790f499b60292d40190a53894e76459c0a8d18e543092d6,0.0421636094864577,0.6661213360667225,4,316.92066666666665,15,1547.47,0.2063922596602099,18,975.56,94.25,0.328,57.122,33.73686050250153,120.39296589039093,466.0,2,4753.65,361.5627801684628,19,3,1
033faa52a0e265fb802032ba2cb84e9422f5b9b3f409960627f8d8bce91e4e4d,0.0370050642663168,0.5951761353222622,5,302.183,10,105.0,0.2882212960875124,14,794.61,67.41,0.374,59.57900000000001,44.17978787541257,131.62360537305895,45.0,1,3021.86,445.1469263108817,21,3,1
65d085ff4467ba69d29850823a20a4155f937b12b50005126cc6c07373f3d0f5,0.1550236988253929,0.6775366698903933,1,193.455,2,500.0,0.2148613797549967,0,253.61,7.56,0.465,84.915,80.2929271130664,235.7243314862181,0.0,15,447.0,139.97712317818963,2,2,1
6e2108f438ff75285ac671885af7ae621002af2ff017504f80c6ba85021231a2,0.0669108026989787,0.6606595252464768,2,332.3809090909091,11,1007.62,0.1988584949788666,19,510.47,74.16,0.4645454545454546,74.87545454545453,48.03774714861905,166.46823320378,51.0,7,3807.11,447.5336554818657,15,4,1
6a599d833b47152acfdbf622308c8453f7bbe04c6c0cb4bc4ad910b6ffbb5236,0.0276134011678863,0.8389961606642684,1,220.445,6,477.46,0.0409074941335511,3,666.99,31.31,0.4866666666666666,55.94499999999999,29.034941221073225,111.13754432346128,44.0,5,1580.25,224.132076754952,4,3,1
9b41ef95a9629153396b4ea0631fb3a7f37547972c9dcda8f42cd0b90fba0113,0.0325936436455296,0.7419258839010161,1,176.595,4,453.49,0.1268882916841174,2,362.78,14.93,0.355,62.82000000000001,50.99592518335089,158.48886332429996,0.0,10,727.44,264.2735577208124,5,3,1
6b1feccf59ecf685236765a8bedeb06fbb5f8479110b32d38d44dc41ac054e4d,0.1222076152447677,0.7536321149039183,1,132.00666666666666,3,608.0,0.1442686199089584,1,357.53,11.64,0.5166666666666667,49.98333333333333,50.72360931493147,122.64516206346596,133.0,7,456.0,106.2190987892834,1,1,1
92d075c2e23234d04f13e2aa702b13287b81124005949c047ce2fc909a417191,0.0731879272808202,0.7722322857754335,2,162.57909090909092,11,839.8,0.1331527900905042,6,803.82,43.81,0.2627272727272727,59.63636363636363,45.68503052129681,135.97943268176417,34.0,4,1788.37,229.7223142221274,9,2,1
b0f0a736e1483fbae3a7724d34a9c2341d68bffc8cd2fbe1d2efcda51a795051,0.0625162926311408,0.6802185793104393,1,328.88,6,441.28,0.1585441316794239,6,588.89,37.78,0.51,36.75166666666666,31.846664258491387,84.29300209080621,0.0,6,1973.33,260.55178819844065,6,3,1
60b96d8a1fd8eccaecf70987d6623f38174f439ddcaf3f81bf386e75221f6e40,0.0709826271823978,0.7045584680837025,2,159.95999999999998,5,982.0,0.1790331096100175,0,291.51,13.13,0.224,52.104000000000006,60.57416639229999,161.50224129767315,90.0,5,799.8,321.04303794047706,4,2,1
c9ba592b769fd2794d38bae576ae9dfd525cabd3414e76f3da00158cb985f2ef,0.0766600467786639,0.6369636568894428,9,238.416,20,1358.12,0.206225754363,14,948.81,90.73,0.356,44.9845,51.6525587271419,113.33910943048144,116.0,1,4768.31,396.948905227022,25,3,1
fa380f0ea78e448b89eddc5ebce6d5530392b082a5ba6769b413ad081cb9b2a2,0.1036961755043038,0.7525088598204749,0,160.82777777777778,9,627.16,0.1430565648240373,11,754.77,48.15,0.3155555555555555,30.358888888888885,35.659788609452754,85.94072763988594,186.0,1,1995.25,235.09587889271668,7,2,1
5cf6a23b00a3a01e7b274451d026d2af366eb0a6d4500f2007c9a3204f863e31,0.0450004500045,0.6460425574226907,0,45.0,2,400.0,0.2685567266580491,0,117.1,2.07,0.105,21.599999999999994,61.93682938621414,96.9896819805026,0.0,8,90.0,18.104735428698262,1,1,1
682640a670c4c42ddb6c44ab6340b4700701d414717b293fef8b7fdb5e2fa1de,0.0780037025737033,0.5837601863229266,0,128.07555555555555,9,972.5,0.2329177899233975,4,846.99,32.81,0.2877777777777777,55.90888888888888,55.900997867505374,140.10686637819157,21.0,4,1180.44,229.43344032340417,3,3,1
76073c9cc9ad623487499d51776a343aac6474be8bfd0cdabd7df76da9c7c5fe,0.1010198515398383,0.5926374312636008,1,218.81,4,708.8,0.233981446891,2,310.6,15.66,0.2925,45.1875,70.85917343492156,150.05853717217732,186.0,13,875.24,136.1538158407629,4,3,1
dc7aa6d6ee457542f7519e4d41ac7173fccaa10021cf9d2f8e61e3ff6a5175bc,0.0623536581705407,0.8546692083964057,2,364.5,4,553.0,0.0541559830459502,4,168.39,24.48,0.615,67.7475,54.35342749495479,136.1075659513148,70.0,12,1580.0,171.40799003757468,4,3,1
19342ac66df557da05cf125a6e2aa3f8e0dd639226de591a570161b228791870,0.0381570234206307,0.7844712380520686,2,99.607,10,929.4,0.1252109963822708,2,393.74,18.56,0.116,39.518,32.05081702115905,95.74299749307394,69.0,8,996.14,226.29851475382208,5,3,1
f7da3180046c55be126e30c9a29b2246195b681225997a633e813b700f7f8395,0.0178593427918173,0.8948460323503143,1,244.866,15,1554.97,0.0313958243050063,12,843.84,71.15,0.4373333333333333,41.34466666666667,35.05148020371873,114.9849590727957,146.0,3,3672.98,244.3782387336649,11,5,1
5b100f7ba24cadc8604ea1bf4b7dca89f8732e0b0f801f8d38de2eb313442e24,0.0057365764111977,0.8512375170917899,0,279.865,16,516.46,0.0200726400298577,14,932.81,82.47,0.435,29.0725,14.857036049319785,58.14965191465219,110.0,1,4481.8,277.4578616145208,19,4,1
aa06a031aa31d468d25ea42311d4d6bcda6b9a05709d6c2314d744cf26ed7e27,0.0,0.8472834067547724,0,78.15,1,400.0,0.0616740088105726,0,164.38,3.93,0.09,52.1,45.584862859828704,114.46294449643888,0.0,23,228.9,0.0,2,2,1
d407c91bf548cdff357f44f3be264c81dd189522593458c18c61f5406eda4f72,0.102592425921386,0.6567043412010076,0,226.9,9,943.82,0.2074573218833065,6,371.66,33.7,0.3633333333333333,83.57666666666667,77.2151795138367,225.20165005452515,0.0,9,2042.1,240.9861416885228,17,3,1
8a9418af9171e5e4746c05d346485289e24a81fe9764617b557f3199af6d5e6a,0.0381244526606112,0.6072350866739832,0,448.00500000000005,8,894.16,0.2521327167183788,15,633.27,68.41,0.38375,58.2225,37.88826987174434,121.66608652198693,168.0,2,3624.6,235.94941112427472,12,5,1
cdb1019d674538732588c25b042e4ce1bc63396dbea60f0809564adad62e5463,0.0644898993341528,0.6670481095233308,9,156.35714285714286,14,884.9,0.1722632870790676,6,841.94,52.06,0.3314285714285714,58.60785714285714,56.845653012549874,157.5006714830049,126.0,1,2368.0,313.9491973170915,5,4,1
5102615148b63babcbbce7ac56d325fdf3733d0b2f846bb18227cdceb2c77e42,0.0728932204544569,0.6566559771278013,0,244.98,6,547.4,0.2077462786183082,4,239.3,23.09,0.23,44.11500000000001,46.03509489780237,133.74963617347862,35.0,12,1469.88,287.60421598935625,6,2,1
1e844063594233577aa6ab5f61db5135ea40b28d9ecc06efcbbb485fec7970fd,0.1255645653125815,0.6287840413849283,4,420.0225,8,1205.3,0.196580408550159,12,768.27,67.53,0.4075,61.7775,58.347020456751295,158.90690208195937,221.0,1,3399.18,462.9678950568655,16,3,1
ae6ed0b08c3beca0054aee4c98b2909644c9e5d94a171c4a5ad5571423bd5505,0.0725022779584523,0.7186608911092949,0,335.63692307692315,13,1621.24,0.1621190233041254,20,975.82,92.43,0.3161538461538462,37.93076923076923,36.056200945276494,96.99227339450574,241.0,2,4470.3,175.9850383204034,17,5,1
3b0579dc93f8c130590d00a03c1388f96f6010b5f8a9f233b50e035b81650563,0.0317253740833025,0.7646381535750659,0,317.399,10,0.0,0.0855982097430332,13,970.31,70.78,0.549,43.007000000000005,33.41203190976184,104.52914485408132,0.0,1,3269.82,116.04820252963286,7,5,1
56eb5b7c0668438996e0cec5a1dee29b973e1afe31768d8089898592d984e873,0.019560667409972,0.8199541425338056,0,357.0,3,502.76,0.0475865822224614,4,1008.75,35.76,0.5066666666666667,55.54999999999999,41.90519912107315,135.1850674840763,0.0,4,1071.0,40.60373573978996,4,3,1
3008426dbd5878c12e0f95eb7b2caec39019759685f1460aa9907fc3ceaeb795,0.1070150954452907,0.6030731988918064,13,184.4533333333333,18,1227.23,0.2524247360726113,8,1048.1,74.85,0.2083333333333333,68.5788888888889,68.79421327462435,189.3464900724435,208.0,1,3532.21,365.414432423913,19,3,1
bb863dd64a637c2aa76a8efbf3208e68847cd03a7989fb13eee34507432bb296,0.0,0.948220064724919,0,36.78,1,350.0,0.0194174757281553,0,170.19,3.65,0.12,25.03,26.16665918960573,80.8131930432944,0.0,20,144.78,0.0,2,2,1
0ac3616e2bf3e3620346a19c41ec1c34e89b8af6ec90a03960119a992de3be59,0.0,0.756544502617801,0,160.0,1,325.0,0.1151832460732984,0,86.28,2.96,0.62,28.120000000000005,42.56558954647707,94.615214701716,0.0,20,160.0,0.0,1,1,1
503781d2da25ceae996702b9d9acabe93c669f5ef787e778085014f5789f8e64,0.0053665342921541,0.6591934031299538,7,235.114,5,300.6,0.1889429420124042,2,711.62,30.04,0.356,34.904,32.85580609326827,101.71714586760795,56.0,1,1192.58,507.83005495356895,6,2,1
4d0ae7e85b89e8ef1877df62b2e1c460abc4b57b61a13211a0eeca6719e6f678,0.0677270195813696,0.638942187412878,5,249.4955,20,399.09,0.2384367693371828,21,774.95,96.14,0.392,66.34400000000001,47.459166630506,148.20649215130712,69.0,1,4993.92,375.7398957485383,29,5,1
ac77448b3e5063112fc44b178274f94103bbe93a1ae99a18f11f132a7cd6e4ca,0.0970779700417983,0.7890665927069884,1,255.24714285714285,7,910.7,0.0796435645596641,4,592.78,37.38,0.2971428571428571,52.60714285714285,46.49114176777774,137.43418581993157,0.0,9,2223.3,289.73428136078223,7,3,1
610a399c00ab5e5b704f1e35dafab3c58e834fd9c4fe1b1efbe5b4904f359342,0.0280902821668843,0.8502540118323756,1,162.73333333333332,3,529.0,0.037815791557773,1,113.11,8.01,0.68,69.29666666666667,48.77563352569077,143.17403602743616,129.0,20,488.2,82.98380851670889,3,2,1
41909c22a2a860977c783f824854992e47359864f4580577fa34980228b91639,0.0704646277568827,0.846711914218006,4,117.76571428571428,7,643.72,0.0583286606084606,1,356.07,18.13,0.3671428571428571,39.55285714285714,39.051045097028215,101.0182890048402,105.0,12,1057.06,169.88829474532182,7,4,1
961bf13cde8a4aa1ebcc9cce118ddbfbb6dc03898720430c111bfc37dc418eea,0.0352608046411942,0.7637777510288345,2,196.11666666666667,6,631.0,0.0832261800077659,3,415.36,24.25,0.43,36.73166666666667,44.30386999334661,100.72223875854472,56.0,9,1284.7,201.28457089873007,6,4,1
4cdd3d45590844620b9b968fa1b65bff2296d6413e09c40b09e2a606cf65863e,0.051439457597246,0.7215719003074944,3,212.6381818181818,11,1010.0,0.1257351358594213,8,870.22,54.22,0.3054545454545454,36.60818181818182,32.11475986042672,94.64798113498794,6.0,2,2464.03,226.6640800731235,16,4,1
7fceb70d5b46ac261d0ae6ddb706a1a794438ce34f69d836f1354b464f38efa1,0.0373704059284566,0.7635147087532069,1,132.065,10,1247.17,0.1185816929731021,6,1056.54,44.95,0.199,34.937,48.4445434050343,116.37350792786468,209.0,4,1320.66,179.89526198409595,7,2,1
2d1908f2aaf3a4254889767718cba5f400be1839a5de1a069147e62110eb845c,0.0444684886843626,0.7960349794451436,6,390.493,10,795.67,0.0304677867012181,20,854.28,89.59,0.394,38.523,31.79151175222742,95.16655999107992,80.0,1,4190.53,288.533553920053,17,4,1
a78c8928e55b321905287a7fe74beef1ae52723adb61f65b3a1a502cbc8746cf,0.0384156772691354,0.6853801674867156,4,280.2710526315789,19,1287.99,0.1600269687661147,19,809.55,98.68,0.4421052631578948,50.23894736842106,51.53743673513739,129.6248280777964,214.0,2,5411.27,293.79155077952447,24,5,1
323cf1e41989ebc798bfedf1e57e5ad5d82929947f9a95c5d1320b3fce8fc87f,0.1195483403595411,0.6773293462550704,2,176.05142857142854,7,1200.76,0.1714578306258699,2,420.55,22.3,0.4328571428571429,69.13571428571429,59.57087202795821,162.54350256034465,51.0,6,1232.36,108.16582194538464,10,2,1
e74dd4e96eadb140af87ef65261f0445f30eefec9d5befe71e650ea1fdff66f3,0.0533147310132443,0.7002856603103909,0,223.5,2,439.52,0.1571561056313435,1,400.3,10.66,0.265,81.965,70.2606838692907,183.80515578288248,0.0,11,447.0,254.4961702045686,2,2,1
6ac7eb17c67c942b4de6c93487caf97215b3c7d1d3d9b23ec06338ae3af30fe0,0.1017337978464577,0.7195378088342128,2,233.029,10,1399.0,0.1306676481752488,8,864.64,52.82,0.366,48.915,56.380371448402926,149.17731305301575,344.0,1,2387.29,355.78348221859824,9,2,1
8167d9ee104dc3318f0a8e82bbed6f287ace522f6934679683a12a98430c1772,0.0101529512562072,0.8307179286583355,1,259.8333333333333,12,260.15,0.0468873625450332,14,767.69,66.22,0.31,46.09666666666666,34.19420294158579,106.24603885517858,9.0,1,3169.94,405.946929823016,8,2,1
ad6efcb3c48a27446adcd75c434590bfb3e013e7cc24ce93bfe8bbcd964a7af1,0.1120323296848306,0.6574145320778914,0,312.775,4,653.0,0.1751179086092268,3,152.09,18.53,0.5225,67.80250000000001,61.690356532362784,158.91331009819902,94.0,15,1251.1,107.77719138216764,6,3,1
766899bbb164d5ad7a0655f6d6749d06edd9ad8676824fb2255de5a15c0a4526,0.07234880529848,0.8237160137982307,3,93.12222222222222,9,653.93,0.0303864824252091,1,769.66,24.82,0.15,36.97333333333333,21.620829194614107,77.38215097413388,16.0,5,875.0,325.96195872908635,7,4,1
be7ddae3ff5f925245a79e67d9470c1fe683457a918aa1642c409ac117ba38fd,0.0418760469011725,0.8585211674243229,0,156.708,5,552.0,0.0353151862464183,2,333.17,15.07,0.244,45.274,40.536005993387946,116.8433140432614,52.0,7,833.54,26.77413105057213,2,2,1
c48261e6b4207920d2b3624a520fa88717a1543d2b0fda47a9f800df7784d8e8,0.0616433738904115,0.8501632867350661,0,370.63,2,757.2,0.026188166828322,2,515.84,17.14,0.41,32.065,52.71965285498353,120.47168981306947,23.0,7,741.26,34.52663137050468,3,2,1
8cad06f23ce2f29044cccee9be6d1fdfac5b38ef3d2b92238d0f5d77a97aea11,0.0347535969972892,0.8846613678127837,0,132.875,2,808.0,0.0,0,572.91,10.81,0.26,68.57,28.98842195786128,142.97404648042533,312.0,5,265.75,65.85058817856007,2,2,1
d44241c0ed3b6ed2b240941b7d2df33643e90a272e7c5b732518fb963b7ec90d,0.0873106393783419,0.6574063059722379,9,193.02615384615385,13,631.78,0.2101449048621045,9,987.53,68.38,0.2669230769230769,51.57846153846154,43.56798007027179,129.56302396824125,47.0,1,3185.94,361.9525730349495,11,3,1
ce164d400d34347055637212969cbc2f3f0606eef87cbb63400ca3b74dd92c46,0.054772698653056,0.6103368968515753,0,288.6,3,769.13,0.235490747996823,3,795.85,27.38,0.2166666666666666,42.57666666666667,32.70175588666235,99.03645792655222,216.0,2,865.8,166.14529147743468,3,3,1
07bbd7fc4ff21a6075dce261e0b9789fff2a2a289805ff83bd972c96f0166fb7,0.0836815107499764,0.7789316063453304,0,140.33333333333334,3,1269.8,0.0938031859888438,2,872.25,23.68,0.5266666666666667,78.67333333333333,60.51506044533628,148.82579847113513,333.0,3,505.0,31.610785123915832,3,3,1
641ae269c0a0608a1687f230e62b809c3e09c0266da92b31a55ac56d6921e88b,0.1102336277000356,0.7633977483092909,6,146.55,9,1044.33,0.1405520708806776,5,999.02,50.74,0.4277777777777777,55.75666666666668,53.37278175161628,157.93147633154624,390.0,1,2043.96,186.7486588934682,7,3,1
99ccaddcbedf9ebefd985d3e46ae996d5f31b3ef2084eca8e6343427a9998a08,0.0549850310176961,0.7006651325091335,2,184.1428571428572,7,665.0,0.150632363819011,2,437.47,22.11,0.3514285714285714,37.785714285714285,35.38730786472106,101.34843003150988,185.0,8,1289.0,140.06273603327335,8,5,1
2cfc118c89aeb798fd793d55249334261861ee5ed5342ca1fb82a7b444d8e359,0.1195761180810336,0.7185166028858828,0,383.19272727272727,11,674.77,0.1369704972931889,20,682.16,82.56,0.4190909090909091,56.30181818181818,65.2396757176283,173.96905522347132,59.0,1,4218.12,346.9464141383121,14,5,1
b345ffd91ae76138d67a74113cbae6b4161e2c7c4ecffe824dba0cffa4fc6b03,0.0351124061818343,0.7787375339391471,8,88.18466666666667,15,611.7,0.1205270585840702,3,1003.09,40.96,0.3206666666666667,43.28933333333334,37.0255683821989,115.01984486672984,120.0,1,1355.81,340.802307209051,10,2,1
fd29fe71be2d82080c8e478d965a1842098651b301ac764c57777e2698771cab,0.0,0.7679833469724722,1,213.9933333333333,3,513.0,0.1183766789189635,2,539.57,17.24,0.41,45.03666666666666,50.31698423349533,129.9289763473906,88.0,7,642.0,176.98932457653655,4,3,1
e0021b09c05caefef0571f528c06531fcaf4eb2cbab967dda8b5f760983d9b34,0.1053958704398056,0.7274116220667398,1,181.84272727272727,11,463.46,0.1250145914085592,12,667.01,57.98,0.43,46.85181818181818,53.543079849983286,132.475730461563,52.0,1,2897.4,204.9497601940876,6,2,1
67bdd11feaf0baf625481f16755cffc94678af33393a63997238ba6b5d92e9c9,0.1037873425287845,0.584156818747456,6,232.1057142857143,14,993.8,0.285988925757452,11,889.29,68.53,0.2821428571428571,76.85428571428572,54.05112160088773,178.04874719933443,129.0,1,3296.49,411.0564534337208,21,3,1
6dc619227790c3f7c7b10fb2a457577f9e6c9fec85394dca3effb3cc398d8f24,0.0136182266345276,0.7548005164495454,1,135.33333333333334,3,460.0,0.1610329765734343,1,140.69,7.67,0.3233333333333333,62.79,85.01354943444575,178.15403912431373,60.0,13,426.0,312.6061327813366,2,2,1
29e337e9b41697645c2d64584c5316dbc5dfb82e58afbc3da0c9990b404dc7a2,0.0410107200118742,0.7525314856390345,1,212.185,4,727.45,0.0936439467579104,3,661.48,23.92,0.51,77.545,72.65440966247391,180.8542168927557,90.0,5,855.73,180.6861609858821,2,2,1
7e0edbeaeca7be0e3fd065843281af7a869d67325ed3777c30b1b083941cc9db,0.0868812270399845,0.7766185103305734,1,126.02,3,396.08,0.1195309149949154,2,163.68,9.56,0.3699999999999999,45.28,53.98223456047066,144.70551876311424,0.0,17,442.06,209.4333728420021,5,4,1
70dc6ded291ee02be18358af7c6ef1dc1c178ce619116858d5936efb5fa99005,0.0526596952065519,0.6552763788438258,11,172.13,15,391.02,0.2182116821071323,4,785.59,50.99,0.5113333333333333,59.35533333333333,45.182122368750136,136.06356026871185,65.0,1,2601.98,406.82297117278216,17,2,1
399f801c492ead57ece04c3e2de867799849b71668b7ba622ed0aa8f3173f612,0.0198542106379764,0.7142443664313775,7,226.72357142857143,14,1358.2,0.1588162619018958,7,871.68,62.55,0.2642857142857143,47.05357142857143,44.14464535979938,120.1315156431216,268.0,3,3292.77,281.82925862622136,14,2,1
32eb26b8368c6c755cceed70ea4e0c153c0062515f4cacab098189f31da1e3e9,0.0241412222144661,0.7240402929402441,6,75.4825,12,1199.31,0.1596031437068457,1,840.83,28.41,0.2358333333333333,34.42666666666667,24.837090368040634,89.44529721739815,213.0,1,905.82,367.8986726240407,9,2,1
ab82da98cd60b3c43a4248ec8e43968216171089c030c0fe37d80f73d3b98568,0.0107563859187501,0.8112309952593156,7,174.14583333333334,12,291.68,0.0629872954104815,10,717.01,52.66,0.33,43.3475,38.18013376346728,121.8576576836591,0.0,1,2240.58,296.82080605800144,15,4,1
c4bdf91e1f86e2ebd941071037fbb9812804f0ad1b77d1d6396d210de697874b,0.0653400538800658,0.7894778830047082,2,200.8,4,438.0,0.0628560386563546,2,496.12,18.46,0.5,40.395,56.49250448073657,132.11959638555155,0.0,8,823.2,254.2208462327028,3,2,1
801a84149aca74458c19fb608e29c7376c5901b1401733181a058e13da416a2b,0.0400985938260513,0.761758412614098,0,293.48368421052635,19,144.38,0.1087899143459751,19,978.4,102.72,0.5484210526315789,46.71000000000001,40.37185771919135,112.7743059739424,0.0,1,5593.58,328.4313777228082,5,2,1
b123f1e57f6c909af20f151a60baafebd7fb609df7cd1a74dab8490c432812ec,0.1353199879828457,0.6271804966353207,0,292.4146666666667,15,665.11,0.297197359098569,20,838.84,89.5,0.4913333333333333,49.089333333333336,54.170613379248586,137.23573665965117,138.0,1,4470.22,547.7722886522664,9,4,1
e72d76c8ff65e3c952cc3e0e774a6b45a1b1d901a3f6b3d58902b86b757039e0,0.0490112812064812,0.6885071789104252,3,275.6991666666667,12,492.7,0.183422339703962,9,855.27,65.78,0.2941666666666666,65.36333333333333,51.1714001739949,149.04079050569564,207.0,1,3457.39,240.3217993066632,14,2,1
a8becc57444b1e08a7408c5743b0b41ede0c2d741f3f5fbac1fa4e6e8dd386a7,0.0184957015675824,0.7059039709713948,3,170.128,10,1040.76,0.1623713139741057,4,917.14,42.31,0.271,58.45,41.115479593774594,134.71470931585753,36.0,4,1755.03,301.2674323157523,8,2,1
61c6614ae2a96f708e366d7b967ed0e5561b9bc13501bc8feeb94bc4f6d12e5d,0.0813885461611988,0.6235937266386621,9,276.743125,16,1191.82,0.2379650489470667,14,824.18,84.24,0.3725,47.29125,40.42868416617358,114.75086396253846,131.0,1,4430.88,635.8905788984729,26,5,1
76b363f25032a27d67c0766be4d06ced6a863901bff1cdfad041c5da74b3feda,0.056756765614845,0.7599643998619136,0,151.0,4,854.0,0.1066511436022099,1,307.48,10.9,0.3025,44.0,46.66520552480527,110.77810940426568,129.0,8,604.0,67.41457292953844,5,4,1
d172a29a65d9002bb1db76016feb6f52cd4235fe976bc886dcb934aa752c2a01,0.0611106481455236,0.6988692175733268,3,221.8875,8,396.85,0.1780688917060877,6,836.36,43.01,0.41625,33.300000000000004,40.22528926026198,107.70420047970347,58.0,1,1777.09,382.9788653820544,7,3,1
58ed4405be49f17a5391e14c5f59f88af4ba07c83dedced83cea156e05b7faf9,0.093860981263948,0.7208729009655325,5,191.17666666666665,6,768.0,0.1697680775036052,3,839.29,35.44,0.2533333333333333,43.09333333333333,37.15040121113013,106.1922532456124,137.0,1,1362.55,186.4351998633069,3,3,1
33e81385120453af3855f4ce44c7740a069cff56bae6960b904641f09e21d5e5,0.1585660557342515,0.6827171349898191,0,366.03333333333336,9,662.19,0.1534748152380877,14,1090.83,74.54,0.2355555555555555,52.56555555555556,45.03916258433589,121.44150946877336,167.0,1,3294.29,175.8618661731925,6,4,1
0cb933f53cd7ff7e9201b4a2db5e4edc958a40ef086610bc980da0bb7ce79d37,0.0492605335922816,0.7753547304312197,4,123.96941176470588,17,2221.52,0.1196969589120698,8,1057.4,64.0,0.3152941176470588,49.34470588235294,57.87540343621577,140.46798645261126,503.0,3,3342.26,164.2967812267809,16,4,1
93527a4c00b6ed1ab787f82a9a5579f81b7154a63897cdbd064ea519951f9241,0.1178904399188094,0.5674048387554791,6,271.62,9,580.41,0.3097911769030465,10,797.71,57.98,0.4477777777777778,33.126666666666665,41.92811556463248,100.49256061281844,70.0,1,2570.58,534.1932580538146,12,2,1
34a52492d040ea6204d864db9515e300ae2a26dbdb33a5fefef9cf0b692acf1d,0.0599664188054689,0.6172563962983124,0,321.8,2,425.0,0.2193405396998211,2,161.51,11.55,0.47,47.18,55.45402057217709,124.98847850418504,0.0,16,693.6,78.7193483221926,1,1,1
7a66e946ff04f63d6d06be7fda9131e46a742a90e9f6a241ac77387add92a82d,0.0931120467596166,0.5872763887770812,1,96.11666666666667,6,809.2,0.2926459475994662,1,365.17,11.96,0.1716666666666666,49.76666666666667,63.32880754830549,149.80529058814005,192.0,5,576.7,239.14152785477305,6,4,1
471761bcc0af728dd95117ad1cff8a5a10f7f88565cd20c519832f790a145715,0.0494690995841102,0.7187704416923365,6,186.77,13,1040.4,0.1409769805329515,8,857.9,59.3,0.3561538461538461,34.214615384615385,31.31080265931733,81.95929408714287,452.0,1,2902.03,381.2854916563508,12,4,1
a7bc81ec9bf72add8225df5145bb3b510e4bd54396095b106c7f3b1d2a244696,0.0909420249172325,0.5402185188008432,8,235.84642857142856,14,411.97,0.301086326462344,11,899.16,71.03,0.4792857142857142,32.42428571428572,34.440739220594615,79.7024301180867,98.0,1,3422.34,467.04244772950807,5,2,1
ae2227b23a5fcec7ce40f93f83f9a1a2c195c1fc0c4bf9d6b64cc84ee04a5820,0.0745164316250988,0.7972164732490975,0,339.6136363636364,11,845.8,0.0665663164177072,15,449.09,65.74,0.4563636363636364,46.04363636363637,43.55000404270194,122.00018253749346,133.0,1,3735.76,378.3174498586572,9,3,1
f013e481d0e5a2866c4c7341899ced89114ac762160d0a08bd821a3ea84efa1e,0.0572538704625049,0.813999804893815,1,217.8475,4,638.0,0.0461376858435681,3,179.03,16.52,0.39,42.6125,53.550074079033855,128.29927132675624,163.0,19,973.4,202.61428679619613,3,3,1
5861835c6a9f827bb3dd43a9bd0317c0b78c1bdc3d1e6401b9700b021e089ce6,0.057880496298313,0.7059239569769005,5,238.68818181818185,11,197.28,0.170355799408555,8,777.35,54.11,0.7827272727272727,62.79090909090908,37.922431475846274,150.45237082217494,0.0,1,2634.57,449.7896336827514,9,2,1
e75a693c6ff20c2d5e63e02adfdbbf0167146091108ae89b6202bfc80900616e,0.0874202117047079,0.7687753574112139,0,233.59909090909088,11,1665.8,0.1042500062907688,9,666.83,51.2,0.3127272727272727,39.659090909090914,46.43579698395265,111.05901657873106,201.0,2,2569.59,184.00476719868217,14,4,1
053d66fe4026ff586ab0e82b4fa85cc00d8e80807f3f0c795395a6ffd9aa405f,0.0949281660289245,0.6281243059248975,9,257.36333333333334,12,813.32,0.2322206455161929,9,962.75,67.55,0.3,51.695,48.951901459681125,135.36761149462149,107.0,1,3165.77,349.2437564117997,13,2,1
24f44d8350c86252a059d533df3d88308201ff356bdb8bf05fe521d8f754f2c4,0.0,0.5340425531914894,1,263.0,1,500.0,0.2936170212765957,1,326.47,11.81,0.59,109.53,58.23429832329185,245.8083371619214,50.0,14,667.08,0.0,2,2,1
fab2dfac917171020bf033184fda4a43841ee0539afdf355bc0666960b782d06,0.0810586125680709,0.6191408077342897,0,143.5,2,357.5,0.290706377670357,0,120.69,4.08,0.255,55.855,60.94772598733558,152.3424896376708,0.0,19,287.0,60.33064027842088,3,2,1
6b21187a125e282a011303fc97fca54ab814a8c5c82d9fc160ebc1ff98fdcae6,0.0,0.852919321724503,0,266.77000000000004,6,1064.12,0.0366714777042334,5,415.39,27.91,0.4066666666666667,52.775,55.5682803325434,146.57805549097662,136.0,12,1600.65,116.53091237219827,7,3,1
4ee25cd04dbbb8116e574b37d1147c2347fc1112a5cf9d956f013d5217a28e8f,0.0394944976129784,0.7577737586354826,6,170.52533333333335,15,1038.21,0.1555503454013854,11,870.87,62.28,0.3793333333333333,49.32000000000001,35.63146656122043,108.9345159682768,216.0,1,2667.88,254.51784386827453,6,2,1
f478fb76302f7eae56a5729e71b7e9a43f86c0ac172b32c3e95f160a0588eb10,0.08647122460223,0.635048364859348,0,284.18499999999995,6,577.39,0.2399166823860985,5,480.36,30.39,0.2216666666666666,44.99833333333333,33.01495328629647,102.8805673157633,43.0,8,1705.11,351.3322447724873,6,4,1
3c1a3ea2425610b6f2c10d39f81e23b716fb51c31f3560ef96f0536a01abd962,0.0907978513302798,0.6519826605258313,1,210.80916666666667,12,1120.59,0.2369690269154954,6,829.45,49.86,0.4125,47.84916666666667,60.19180610512371,163.01307718463957,0.0,3,2529.71,277.56235682775707,22,2,1
20941f99cc5021af8295caf157ca91356c43e041d2d3c85673fbafaeeae6db91,0.0,0.8725923015225773,0,167.16,4,397.8,0.0036855036855036,1,213.41,10.32,0.425,45.51,36.499113869735964,113.17450141828394,0.0,19,668.64,103.67010850702628,2,2,1
ce2b057fc9b4c98996fc67d012ddb54d81090b1e9208ca4ae025d824346d7cfd,0.1340729261128178,0.647204719732032,2,364.48,7,697.02,0.220203727305983,9,585.6,49.01,0.4514285714285714,71.75571428571428,58.5584443853025,191.77223038579967,43.0,6,2604.04,328.87801715489303,13,2,1
6699a3a885b37e16a55e3bed77fe9faab892683546737931ba4a9a02a5f47438,0.0477068741523756,0.7545192471172162,0,691.9855555555556,9,481.13,0.0845881722736348,33,883.91,135.7,0.37,25.65222222222222,30.083547580040083,68.03456510468365,133.0,1,7027.82,254.74076140627392,13,2,1
2154fa346de54d880a4e8304f776c167f420bb7bc328507b63076fd2c18a82c9,0.1022225055422336,0.6202469621550023,4,282.14272727272726,11,894.84,0.2401635456870077,12,577.9,61.01,0.4154545454545454,75.96545454545455,53.1485249771134,164.39075080092218,130.0,5,3273.5,557.2388897145211,13,4,1
7d05221c8f8a72633169d86dc66d2c809f1132ec2b15671a54f51dac0d6c2265,0.0696783571477646,0.7748618077931686,3,282.9157142857143,14,749.34,0.0894912570796156,10,986.37,77.19,0.3878571428571428,31.77928571428572,37.46839462548421,93.15687485252076,196.0,1,4119.82,336.72427111592725,13,4,1
b941887fc9af1846148ba5083e1b0a482f8917082062ef18230068eb9ca7bdbb,0.0476067251855408,0.8751414600313095,0,124.42,4,350.0,0.0179738562091503,1,252.42,9.53,0.25,55.5,54.79043727087959,140.1852825118346,0.0,10,545.68,187.89185781284505,2,2,1
260eb31041c2f92b45a1b0af209bd236671c36386cf6b76eaa3df39c2e188113,0.0309552005288174,0.6958337619463398,0,178.484,5,910.2,0.2038486649262752,2,587.96,23.45,0.294,38.182,44.7806969766251,103.63631614276294,70.0,5,992.41,331.56544443569135,8,3,1
293631f1af8ba6b0d30a1acd027efa539badb7504fce4f2b1e8d35aad4e42ec8,0.0855522676577691,0.5596879379899565,2,170.365,8,825.22,0.3432759063968169,7,756.94,42.44,0.33625,61.77125,44.20607259972579,134.77868894633718,203.0,1,1818.92,415.6650446720602,5,3,1
8070f2d38b0aae681326bbeba1b056feede1f5f9cb98c4133b10550ffff09cd7,0.0511887715480251,0.6761714402840485,3,187.82857142857145,7,448.7,0.1961117017945814,5,226.23,26.62,0.4914285714285714,64.49714285714286,54.14439243522107,163.33965148433512,0.0,21,1535.8,284.94470542108616,6,4,1
84b8f0f5c7e766450b1f3ad8738ec23a6347859f003b1733c641f35483c3eebf,0.0652996474702758,0.7511670624096117,3,75.76,5,694.0,0.1456803231928633,0,661.65,17.02,0.266,49.742,47.898743913031616,126.73704910577936,72.0,3,514.77,265.9150004068743,3,2,1
cae40abc46fae49156105f76b62eae6c48244404a2f7f06caeb4a0e88bbbfc08,0.1629327902240325,0.5843179377013964,0,532.0,1,375.0,0.2040816326530612,3,159.71,11.88,0.46,29.97,45.37253405167916,109.84552909069556,0.0,13,628.0,0.0,2,2,1
6c40e9a30bc6089c21e9d42ca49e3016203e71d192a9db5c7f743ad7bd10978e,0.0933965914591836,0.7085712106154158,3,234.0,9,1139.95,0.1644746478927181,10,923.65,59.79,0.2788888888888889,42.51222222222221,46.62949313982069,108.53296256502324,212.0,1,2686.66,246.7725642808393,13,2,1
08f3c21449a6f17e35518ad491e22a3d4a562e604486dfa6789d945aaf06765e,0.0,0.790433962264151,0,227.0,2,418.0,0.1865943396226415,1,133.49,7.37,0.52,76.60499999999999,85.78145386114339,241.766696206515,68.0,15,454.0,68.71610597619575,2,2,1
3b5f67df9837b820aef7703f9155dab891155599bd9d47614968b7d5ebf5412a,0.0,0.8058601364522417,0,171.0,2,437.0,0.0751096491228069,1,96.71,5.89,0.3999999999999999,45.59,55.94988675104911,128.6671404388945,37.0,12,342.0,74.8827952231422,2,2,1
cacfce32750380c5511cbddb1cbca7af8bb20c39b0ecafe962b21cf40b25634e,0.0,0.863133895635213,0,509.7516666666667,6,286.0,0.0208174898971432,10,916.72,62.53,0.6233333333333334,31.843333333333334,22.730619553800192,61.93156183559187,27.0,1,3078.51,110.2760471079079,8,5,1
bf4c281c8603211989953a050e474ab9bd2770e12997bbaa1f38137028cbef5e,0.0958005559198634,0.5986258756763277,3,195.79,6,520.2,0.2715531088512048,5,407.95,26.31,0.2033333333333333,66.84833333333333,52.46404049511612,156.85694915402826,0.0,8,1300.74,438.6671034891768,8,3,1
943c67f0626f6b5eb7e9186d0acbcfb9ab40dbbb3a94120cb65e0bf2110a8768,0.059090813702203,0.6995814425515422,0,395.3275,4,964.0,0.1716908454477865,6,491.45,30.93,0.295,68.1,34.7336122749689,131.581388319703,21.0,4,1581.33,166.21688188441092,5,3,1
425d01b282ae3c68e31494274086b74a5d226913b99de419c49b1f016348e7cd,0.0823388646567769,0.8093246546827063,3,145.6046153846154,13,597.75,0.0941275699231326,7,608.8,45.79,0.3399999999999999,38.48692307692309,20.7474210669911,83.2620007100317,86.0,6,2493.24,283.2615523452384,10,2,1
6562a301aa1cba0111e7829710433b6e7523ea60110a3b7195a00033023b9493,0.0786659419943951,0.7272812023227507,0,366.7946153846154,13,1516.75,0.143496247680027,22,957.79,102.42,0.3823076923076923,64.84384615384616,42.35532058129344,140.0137667824112,333.0,1,5214.3,325.1022920405325,20,4,1
031e2af6937da3e87ad7441e1a071393f3c946e4f3155ff6465558ad9cb0f883,0.1167677959805965,0.6988678852878268,0,176.6772727272727,11,995.3,0.191693945700693,5,775.06,41.72,0.2754545454545454,50.03636363636363,53.80900630738981,137.00192675373654,64.0,3,2002.0,195.50189454588465,13,6,1
330bf8d55e57024fd0ef3c471b53767483de148e57e436b995a649ed08006f73,0.0513116756964521,0.817625852062326,3,136.85166666666666,12,934.92,0.0655363431555249,6,1113.55,58.39,0.2125,41.579166666666666,48.10282382779169,121.8085496083289,236.0,2,2572.28,119.69487214190563,11,4,1
fc256801300da0a875eb582426d41ed7e84c5ce44bbc17b0368257d4e04f294d,0.1807587744946203,0.5781597020285187,5,284.6036363636364,11,1216.61,0.3195797691872635,10,945.36,67.67,0.4163636363636364,53.49181818181818,67.56825573498048,156.42136590085687,320.0,1,3170.64,320.99783631431325,19,4,1
9a7dd5562d1918e33c044a160caae8ea98e73f4b5e9a3cf29a65f8e48ab8d638,0.0746270827582296,0.7193363950497799,10,112.87538461538462,13,1027.8,0.1143468282082276,3,916.71,42.11,0.2261538461538461,49.92,53.227234940474624,141.3207011379033,251.0,1,1586.53,249.5155888011076,5,2,1
44c6ce653cccdca4e37ad2d195d2d57e5dfde02df413eb9fbfc4b8fc13e60a94,0.0474752404805385,0.5575175833374094,10,139.32785714285714,14,565.98,0.3407281156398088,12,856.81,61.53,0.4814285714285714,77.5592857142857,47.59992904985085,167.68687764951864,90.0,1,2278.05,480.1045175056752,9,2,1
bdce43c4e4b66f67cdb0f937417d3d303e4b48cbf24343382b82f963a30bef0d,0.0121669302834894,0.7683940983925084,2,152.4,5,497.11,0.1182215171250924,5,522.22,27.88,0.3419999999999999,63.58800000000001,66.73281204360349,158.47490960760982,0.0,1,1249.53,265.14752263656874,3,2,1
c9944335d6227b414ccf7400f76e43b39e6277c4d4f1fba83c11442c7e7d7145,0.0822486076673768,0.8653115501519757,0,38.5,2,325.0,0.0566923577941814,0,203.72,3.21,0.41,17.595,35.601691611369176,65.730139874107,0.0,11,117.0,186.72183975961656,2,2,1
15110a27c7170f014fabbaf91e25b88a0618dcdb47233f566fb05db47a7d7c94,0.0441385998484781,0.8635023870084348,0,71.643,10,999.52,0.050327826836721,2,486.79,20.53,0.176,35.676,20.06931202075948,69.8118255000833,69.0,7,1102.85,135.31841127518354,7,2,1
e16d11e4c80225d07b5b9d528eda0abb90843d17c950ddafdfac5f7a3ddf4ed9,0.0950873275122952,0.83812214715426,1,260.2733333333333,6,1143.4,0.0382364494944335,5,421.75,29.44,0.445,43.903333333333336,40.306345746238,100.12766747376786,159.0,12,1713.62,102.33857128812126,6,2,1
f6ce4a06dd36bb9a9778ef9971d4b33a6d4b988ac5d2117adbaa6330dc7da787,0.0416081417025091,0.6219882876491613,1,110.84,3,448.0,0.235394941107423,0,566.51,12.08,0.1933333333333333,42.88,61.416684027004585,140.83677518194787,0.0,6,358.52,290.8921458698115,4,3,1
a64c9449a219655fb55ef099bb4a19eb90f2eb44903a2a343bb189ab0c65f8d8,0.1105453643015444,0.6856745117601312,3,225.135625,16,1529.64,0.1704133022547658,10,921.87,69.4,0.369375,44.433125,61.32887357278942,149.71974613462683,238.0,2,3602.14,268.793035885417,23,3,1
1be5c6d748be7298737b9d81cab4aed747b3f10220f3998c8d0333b636c0cc22,0.047270148900969,0.749379652605459,0,120.0,1,325.0,0.0918114143920595,0,76.6,2.29,0.2,77.59,57.94970481220794,131.9700799139189,0.0,19,152.0,0.0,1,1,1
26e3224a1fdfe1e120a8811687343fc5c52483269e3bca59bad37aab1404fca9,0.0320602850958736,0.8106176409752046,1,310.5466666666667,9,530.02,0.0664787674711317,13,780.37,63.65,0.3533333333333333,42.06777777777778,38.42372633430986,115.4242188246314,85.0,1,2931.52,320.0831906941988,13,2,1
ed640e5585e89335aac24dffd02709150a05d600fd1fca4a28b2003e6a682840,0.05206759093252,0.7769092356147179,4,182.245,14,1120.22,0.1088343758828072,7,984.56,56.96,0.3592857142857143,46.035,66.34071696047593,152.70980481295848,96.0,4,2551.44,202.6757305449283,9,2,1
49b094e75b1bb8f287a303eaf5194fad3072c12fe806d2595e98522238acd945,0.0946495037785944,0.6522837117299594,2,250.595,8,745.54,0.1875566809510823,5,360.27,33.17,0.29625,66.3325,64.51126006894502,160.1160634029358,52.0,11,2004.7,285.4930202603351,8,3,1
4d0cb2b5a2a63df90d6ab75eb1ba43231862689b60a6d5960dff1f48cb747933,0.0849345615479085,0.7088428508602397,9,179.40666666666667,15,778.68,0.1385463029702851,9,850.85,60.76,0.2993333333333333,44.15533333333334,41.78952939579957,112.16709776167944,140.0,1,2716.1,362.9471088260942,18,4,1
ea455b9e6557a71fe471a481c75e4edd403ddc37edd0b58090273928190cfd2a,0.0182049881667577,0.8751569340846537,0,56.904,5,550.0,0.026282920367773,0,682.41,14.33,0.1319999999999999,49.67399999999999,29.387922437245248,121.7991591131022,0.0,7,344.46,68.4328691426749,1,1,1
211fb1e23c45f463089db4b1365b950b7bd95fb59280a036bf45d385350e6812,0.0590503039489713,0.7442302617000531,3,166.57888888888888,9,628.0,0.1350239676828936,5,435.76,29.32,0.1933333333333333,57.46444444444445,53.06822047768771,145.697502238784,30.0,5,1512.12,252.0846924095564,11,3,1
d2b9d6e7346617259bbfdf97f0c673bf07d9af07cc85f77a08cb4d99786968b4,0.1247640887867506,0.7189957982512017,8,212.6610526315789,19,2293.45,0.1570401700034764,11,1057.54,82.17,0.4142105263157895,42.84,48.81533353526537,121.31310152080329,563.0,1,4040.52,203.4748910255261,21,5,1
7e2bb01d3980a83858ee4a011534eddc3a38234067efcd9745f848dfa260a31d,0.0727277915845934,0.8041847802472323,2,268.5585714285714,21,1996.75,0.0849705541188073,15,1179.75,104.85,0.3633333333333333,44.40809523809524,47.28528504549828,117.85327888612048,676.0,1,5852.89,155.61583246085266,16,3,1
72621ca031740d6f363973b189e229169704d87c510aecdd21e439a9fec58e60,0.050661127716703,0.7241379310344828,0,153.0,1,325.0,0.1724137931034483,1,81.59,3.85,0.44,28.58,51.84397741226158,111.08152718043816,0.0,12,153.0,0.0,1,1,1
5055510aa37d7f79e7200ae749798bc1cf58c4e2d04d2421fce8f6f552bdd453,0.0974327169877281,0.7096137344767925,5,238.53466666666665,15,1953.12,0.1563591420211243,11,871.39,79.28,0.256,54.85333333333333,61.55197929483339,142.63990290089134,408.0,1,4216.39,158.9420958131582,16,6,1
06234a4797e1c554d47e053d9b4c142d45fe98433e6a29599683e3a647a7051b,0.045849504743673,0.7981728983777935,9,112.7690909090909,11,804.0,0.0779350928825551,1,802.83,32.3,0.2036363636363636,58.50454545454545,61.34541405906658,167.8826395303702,182.0,1,1240.46,204.9755326168552,13,3,1
993943209f69862fea9f0bb451c923d2e400c3cb17301d0e574db9fe763b2baa,0.0202318570821616,0.551922229549722,7,301.5642857142857,7,236.3,0.3021673963295815,6,792.62,47.4,0.42,52.67,44.51022221261078,132.3861686959178,0.0,1,2125.95,230.47874200320845,12,3,1
98be42d10b2db5fd281a5300d0e4ff13c88a48532a55ce5b05fa42846d7bf20d,0.0836509588976798,0.6672555181530163,3,77.52,6,1484.43,0.2218463119526613,1,981.21,29.44,0.17,68.415,48.44268962152291,173.48332949797054,232.0,2,808.12,171.37173583488632,4,3,1
b74c95f2b908a428bda2a1fba50dc02c9002c7a11ebb4c09e66633934cf03e37,0.0713504257242069,0.871424614958534,2,126.66,2,602.0,0.0166402535657686,0,448.32,9.89,0.285,18.864999999999995,30.549756710178723,65.27010244216615,27.0,12,351.32,403.1961208556122,2,2,1
438e544d58374e96c488c823e11d64802fb7b48c8f30da74d3a15ee5d5f8c0d9,0.1335161255023777,0.5636978227616817,3,209.2488888888889,9,1429.07,0.2653479830457242,7,676.06,42.81,0.3111111111111111,53.717777777777776,70.54326405430464,164.99936068412086,324.0,3,1908.24,369.4940429427337,9,2,1
055fcbbd6cebca59c204441b06a3be4e2373845c78583fcf7d8b66b98ef6aeec,0.0704975842290766,0.761688914071888,1,155.93545454545455,11,1378.8,0.1056540776242438,6,948.49,45.69,0.2772727272727273,46.873636363636365,52.13693866722716,134.0563728365954,374.0,1,1715.29,259.4674813252173,12,5,1
f08cf9a6688fe0da11cfc3154c3119806819152372020c5ad932003e3618650f,0.0438797910124835,0.8112637462155255,14,153.9888,25,2114.4,0.0665526085006351,7,985.99,77.33,0.3012,43.34400000000001,45.93941906768522,122.78438467042828,307.0,1,3934.73,237.01080763711647,30,3,1
82ab07eeab08c7166072367c2e9ce84487e1db73644a29b7d22eaeef5aae6c2e,0.0642875813299479,0.7529372842665797,1,128.57894736842104,19,947.5,0.1665309047890139,7,1032.23,60.75,0.4157894736842105,41.556315789473686,39.42910255300603,114.36814751413102,50.0,2,3011.57,223.80137167529097,17,3,1
21e9066e3c43283ae8242e403757f1f725be3924af2e4a360c20fdc986763fee,0.0,0.7651006711409396,0,68.0,1,325.0,0.0604026845637583,0,177.1,2.95,0.33,43.35,28.61952302261729,113.84099122346832,0.0,14,68.0,0.0,1,1,1
65bee914ca7a0d4974f973af306bbfb88e9d849971afb5a5ee865e2389987181,0.045508467931309,0.7689223269070815,13,180.02866666666665,15,982.59,0.1050944031294649,5,1018.19,60.57,0.3106666666666667,57.06466666666667,59.99736803899973,158.92136885793332,195.0,1,2728.43,267.49596790057234,17,6,1
d19e002f41ed0f12392894ebec108d7c081cdf7bb6f3f6e43d5895ba7b881750,0.0402971079486065,0.9174411562620552,6,202.6325,8,918.48,0.0182540821533358,3,781.35,37.07,0.62125,50.01625000000001,40.74199183698873,131.50161049089107,0.0,2,1621.06,135.52102611351555,9,2,1
02e5abe8342cfb6fb05001f885ef22f06c6dd644178cfe8fbe52199e5191e50b,0.0335158669103321,0.673415388375921,13,160.81666666666666,18,375.7,0.2331261741748959,7,1106.21,71.28,0.4122222222222222,58.04944444444445,48.51706002424988,155.2365912222738,31.0,1,3279.41,349.58892285566293,30,3,1
4f2a9983a72d9a9cf80d099f48914c6bc730c431643b35ff0fa26afb253f65a4,0.076250583707151,0.6117846760203152,1,523.3628571428573,7,288.25,0.2131914568042535,13,822.4,71.62,0.6128571428571429,62.48714285714285,33.868280260863656,120.74513427173552,0.0,1,3723.43,357.21876168370176,5,3,1
b7d835690437a09b1cc49797265b5027e5243eaadece3ccdf6ec703cac6be976,0.0627971967444398,0.7861797540462667,8,147.36761904761906,21,667.7,0.0777866482928778,13,829.31,72.15,0.3871428571428572,57.73476190476191,49.669809921856896,149.64626990631254,224.0,1,3459.02,282.4137459668106,14,5,1
3eda66a4ceb6c62fb8d015c79c496089007ab2986233eb81a94a8256b3508f9f,0.0751809052380135,0.6425469491068763,6,201.46307692307693,13,442.84,0.2084694494349938,9,856.58,57.93,0.3353846153846153,34.25538461538462,43.187445960719074,100.99894529984856,90.0,1,2618.99,240.6937213447513,18,3,1
3d38e0c0ba63d0164c03557b3b5b291754d93fdfea5d65ff2e598147268f3e9f,0.0482504959231751,0.7739520525406761,2,196.7928571428572,7,854.1,0.081796389353049,4,506.35,27.76,0.1957142857142857,37.83142857142857,30.844276876997387,87.76732590562723,225.0,4,1377.47,274.7040019217267,11,2,1
3c89f735f0e4312d5c48db44aaace712ad1e4f758a7eabb0ae0c5fabc3ad8ff2,0.1527300496372661,0.8744075829383886,0,78.0,1,520.0,0.0260663507109004,1,128.5,3.56,0.35,45.89,70.51714916474448,158.80977705756524,70.0,19,78.0,0.0,2,2,1
eae279071261ef07e474ab7f4c0c0042458b3c31741a8ff984f36d13044dee4c,0.0214357641409679,0.8125643334138349,4,172.28,10,560.2,0.0926394760166521,6,371.77,33.43,0.384,46.548,34.46164155779242,106.095845852406,0.0,8,1814.8,383.72059171974246,7,2,1
4e5308dd8183eec684049e47c51369636e766f19f62fc83539c40b58c81f4e20,0.0221474131821403,0.6802951995766062,0,291.7,2,620.36,0.1936961365314375,2,659.57,19.84,0.38,41.275000000000006,45.33042660437871,111.25121062316956,125.0,3,651.88,56.67886894113124,2,2,1
16f2d26147396c415d7c38db3efe575c5c435b0be267c8bd2ee317431adbf3ed,0.059084886247054,0.7724929875037336,1,129.09833333333333,6,865.0,0.0943097637462286,2,1016.83,31.2,0.15,57.655,48.17806273743788,135.4451837657762,18.0,3,794.59,191.9250511301227,6,2,1
80e0d9ae041295d9061db3f9ea893aa0b8c66127ae5c153796caae4185144b81,0.0068973128069304,0.8833980553349708,2,190.80857142857144,7,83.18,0.0297759927611634,3,1083.84,40.28,0.79,22.58714285714285,20.7238105940646,61.80100889985423,53.0,1,1335.67,89.27035389081837,1,1,1
ed27eae7e1d2a2b3fb1e29ee37c87b801bccf0992bdec13fe94e3c5d2caa0ac5,0.0534156607837174,0.8056618963810896,4,279.8965,20,1037.06,0.0766275802019818,19,1162.97,109.38,0.5925,41.834500000000006,41.20123929329107,109.63142174242503,377.0,1,5597.92,219.7120693404534,16,5,1
4f7fcc9a99138c88ecff9aa25f166959a6c3a017a6ba51f2f96b3c2f4bff176d,0.0175010806227523,0.7928891472255217,0,241.66375,8,979.2,0.1187222826186654,6,800.96,41.69,0.36875,58.69875,25.65359676833858,118.83340221493307,350.0,3,1933.31,366.2148827130212,7,2,1
2f35d0b92f0e56c0ed6a0f71be728c7f228f72f456b5a255326ce946411d84fd,0.0325303587073989,0.7486651553235019,2,267.3070588235294,17,760.76,0.132761780350067,21,742.59,92.25,0.3535294117647058,43.06705882352941,39.26827564036506,109.40550365718384,0.0,2,4585.76,403.2754907463613,16,5,1
44336bf72af2890090c8850ebe4c31746a05fbd7000de1a21628ccab5174f7bc,0.0063026269349064,0.7295407831513544,5,163.8490909090909,11,128.78,0.1838376554775795,8,855.81,47.99,0.3281818181818182,56.76181818181818,34.17792221185666,130.03539777571416,0.0,1,1827.11,337.0155298645646,14,5,1
32c5910fcca764374de1a9ee224e50b5bb0611a8f4515417f1c855dd76c36516,0.1239579412347332,0.6447471685924826,5,142.3025,8,645.0,0.224753052830387,4,653.78,31.06,0.2625,64.06625,58.56265308669907,168.20091209139383,195.0,3,1138.47,335.23068464826906,12,3,1
2fc898cd30e829ff2ab92f6f68760f8f845130b32ece0d526ac490b4fd6d4d5a,0.1624712168271296,0.5729503163315329,10,221.69533333333337,15,1244.03,0.2462800407794446,11,885.92,73.86,0.3473333333333333,63.68066666666667,65.86033138203325,169.99024019705556,146.0,1,3638.82,485.433959333902,19,3,1
a75f434ffab6912bf62ab57e910b6d76046af8a20a3078b0b6fe6eb91663a9cc,0.0258135023695737,0.6247072030733475,8,368.4290909090909,11,613.43,0.23142877643846,11,817.23,76.45,0.3863636363636363,92.42909090909092,63.08143629460539,191.1858595523644,152.0,1,4118.59,308.0992459320548,17,3,1
e082e2b0d6c443ff91ae47e3044c653d8e74f4b4145c660affe7e3e0fa5992ba,0.0972701831335315,0.8732219695243765,7,127.0790909090909,11,1285.18,0.0505920041523061,3,827.26,43.34,0.5854545454545454,41.48,36.63320910291629,99.03619536015928,218.0,3,1982.72,252.8613223383248,7,2,1
e78aa76f9f7f5dfe048e1e7e5fbcecf707d8b7cde6bb63e7e08e11bf18f4f960,0.0782367340561806,0.7159478213627418,3,292.129375,16,980.45,0.1688920989733322,17,932.17,92.16,0.396875,42.460625,48.85720585431302,132.93861302439333,164.0,1,4753.13,252.8041352432309,25,3,1
cc5fef4d7b47ceedce20b1ba12035bd11dc508c5260214c759505b5e7d5b8b17,0.1004722194313272,0.7734301267935058,0,199.0,2,360.5,0.0464294018683918,1,78.3,6.9,0.25,48.06999999999999,62.56505239194623,145.50990189342713,0.0,9,462.0,129.33750811903622,2,2,1
2cb5f92ac1611b2abe3bac78aa4ae3646da0b864132754eb50105b8e2b61f808,0.0691678320537647,0.8066261067855005,1,177.0666666666667,6,591.92,0.0685588082604068,4,165.01,19.57,0.4316666666666666,37.745,67.1063042896658,128.61469762636474,0.0,24,1142.4,106.19683444139903,4,2,1
d2ac41b835b6da8507b11eac8146efb9ff36dd44d09a3b3366caba8ca950ee06,0.0409194750847717,0.7378202437901369,0,91.752,5,515.0,0.1335355853080267,1,131.82,7.41,0.2339999999999999,40.294,57.84850344812984,139.81538312473327,140.0,22,458.76,272.78390115676564,1,1,1
555bf4785c4a82b99579fadf8d88aca78f4fd10032bdc58372ccd6c1fb6c1fda,0.1078716500119714,0.6246786158518969,3,206.744,10,654.97,0.2209696232304018,6,832.32,46.81,0.208,59.051,53.69836200849049,145.2039146139333,94.0,1,2067.43,297.6405240456435,12,2,1
853b223e14d2052f2231e7488a9133d810a528098ff8197a727e3ac448ff9d20,0.0394539820918955,0.8257934240166659,1,229.08,4,429.0,0.0556650122029675,2,208.32,14.75,0.3525,62.682500000000005,54.82598133224811,150.16981333571945,0.0,18,916.33,138.22322004269088,4,2,1
b13387e65668b1d3d501cdd879e7b6cc9b2320d2ad321e98463dd2d91777cbc1,0.132085094171645,0.6909731576588356,3,160.933,10,784.6,0.1891614576272515,7,735.24,41.35,0.273,38.66,35.89326369167274,105.0509282434946,170.0,1,1714.43,417.13826751547407,13,2,1
11767a75aae9cb76049254ea33bf05432c81783bad4649e131189b7c0a03df2d,0.0990086992629707,0.7720486215304979,0,186.075,4,886.0,0.047272291218086,3,171.46,15.94,0.5549999999999999,45.7425,64.1784303645899,153.9909568859016,70.0,15,973.0,92.7195137307176,6,4,1
e49033a9a777834b80298c3f26409d7882ace83b2ffc932383fee8979947de61,0.0306280026350898,0.8040143534440016,2,199.34444444444443,9,729.0,0.1113891567537737,6,738.27,42.92,0.3622222222222222,60.11666666666666,40.58008572335361,146.9200538136601,70.0,3,2063.78,247.9920794494085,9,4,1
e0c99f4df6d77275c60a71bc6d09fdd6d549c0aedf93f0c646406191c995e4de,0.0842284345125881,0.7702858266285222,1,93.857,10,847.6,0.0814004684962325,2,1103.48,35.4,0.318,43.395,68.8602573937637,136.14401727702946,7.0,2,1048.25,145.892453926818,3,2,1
b2bb27f5d9bd1a1e3985610e0acdf93b0e9840ab20ee73deec20945cb4e84b9d,0.1375799683566073,0.606280193236715,0,192.0,1,400.0,0.2391304347826087,0,77.02,2.69,0.36,43.66,60.29486066131644,144.36968468959364,0.0,25,192.0,0.0,2,2,1
90a7756f0180a2724b249613297cc6c2f786caa16d851964662832e49368f03c,0.0803755527990752,0.7443862746178803,3,157.73642857142858,14,928.6,0.1362608657012188,7,1135.7,56.32,0.3364285714285714,40.55857142857143,63.061101730145886,124.17590407437716,224.0,1,2210.32,121.27486386245516,17,4,1
13caa5846f4cedef12330853ae892f3ff158b2430946d1a2de5956bda4bc8843,0.1244303466704275,0.5772244117264463,2,291.38,8,178.8,0.261022055231494,13,688.13,55.0,0.54625,60.22375,47.34125825041024,140.34446334343022,0.0,1,2347.04,413.43540666410354,11,2,1
e56e8736ee173f8dcb79d2b250eb6a88b840b43a808bfe9f305fd9011b9ec691,0.0907619750320185,0.7768335905028402,0,169.13333333333333,3,425.0,0.1139175113791851,2,300.89,11.34,0.45,71.04666666666667,51.03778827252137,155.71079394653648,0.0,7,507.4,438.9515791704521,4,2,1
09810dda2cade6a20d39b06c7e5d47394e465f7338cbe5a3bc9f29792d677064,0.0317237284306288,0.6975589316914534,3,120.955,8,730.1,0.1759446971708552,5,490.45,27.65,0.32125,55.5175,65.54757138469367,165.7118880500829,123.0,6,1155.64,252.5751659416252,2,2,1
ed5637cd58168f64e75944a49da3c2a8225b51d0399ccf33028297356cd07bea,0.0652615413520823,0.6547327159286243,1,207.07,8,1332.01,0.2040291090364148,6,492.49,36.33,0.4125,53.775000000000006,53.71092347713119,137.12387471448903,106.0,4,2019.2,210.48643019034503,10,3,1
91ced509bc7bfe0fed04601f737276281ac9ff37cfe10e5443063df87b387419,0.0414021362824229,0.8038271152796166,2,145.42111111111112,9,1010.88,0.0883593554866581,4,596.15,30.16,0.2922222222222222,31.47888888888888,39.01964263292719,87.77336332389629,324.0,5,1443.19,201.9028480986412,4,4,1
f4d7d3eb1bfc8fc17aa26cbc76b4e33154b900362e2b8f5cc83230a52765d0a1,0.0802315628124972,0.7827363403007424,4,202.1678571428572,14,609.6,0.0803738459249687,13,888.3,67.74,0.3742857142857143,27.49142857142857,40.03536462336841,89.63455773948586,133.0,1,3020.23,190.59118660765424,16,3,1
d60838f77936d52187ddde79d45a89cf4a9b3af564d17b6316e66fc238a42d38,0.0632900265977922,0.7090411238771223,0,152.7757142857143,7,999.74,0.1663331061047961,3,608.42,23.23,0.2157142857142857,45.57714285714286,44.29667963015447,119.606594089436,147.0,6,1069.43,279.5747144705443,6,2,1
07ab65117309f61b250c6dcb6a8b3ae9a6b3c3af652809eaefc1506973509b4c,0.0980051945648578,0.755901849807545,6,158.6357142857143,7,1039.85,0.0839474691657081,4,880.02,39.7,0.3,33.597142857142856,52.67187512225002,103.90109639847168,83.0,1,1536.79,85.71646270405255,7,2,1
51a906c73adb7b7d4d4d5aa5f69511447ba2f58605646d95d36544d0a8ee836d,0.0802495569070612,0.7968171374510069,2,121.685,4,545.0,0.0746112002216855,1,120.41,8.57,0.27,62.3875,58.73375292262877,159.62630227389064,70.0,19,486.75,200.47747787107795,1,1,1
4ab2cc9776d502679294f5de2d53f82c56281ab923064360ff37955d4317caf9,0.0307552558787085,0.6821141000280446,4,306.8445454545454,11,988.81,0.1795100846558063,14,976.13,75.6,0.42,71.12181818181818,42.08161879331996,163.30122909525386,115.0,3,3436.65,371.6619136417854,11,2,1
820a68e235367441c30eead50e023d089141518b1c8016000ce64130754a87c0,0.0715119580014969,0.6517362142675279,3,242.284,10,966.6,0.2033435744915796,7,775.45,49.94,0.433,47.904,53.50171774724112,134.72840813395055,74.0,4,2422.84,191.95549898272057,17,5,1
cd4523abe86ed50d5895c447f3164ce894fe12920c20c3bc9c060a7dc61d89d4,0.0,0.9433962264150944,0,64.80000000000001,1,492.52,0.0,0,294.97,6.58,0.33,120.91,97.58395807993794,259.8462088346248,0.0,16,289.8,0.0,1,1,1
0dd4b95ab858f577b509189da2f5145c83e85b7cff9e892d4d438c70b6dc1c89,0.0564186230450185,0.7730584314306566,3,53.965,8,482.0,0.083518642894763,0,699.01,17.74,0.30875,21.762500000000003,20.00556142444048,61.837690210599135,48.0,9,493.71,285.96800945030407,6,2,1
94af1b04fb5f2406cd66f5b5fa635b24b772d742369273777d28287cc6e43f72,0.018042399639152,0.6781496812054595,1,367.74,5,120.99,0.1678350325658097,10,479.64,39.71,0.778,56.056,23.833637834825584,100.62558079680436,0.0,1,1838.7,409.1569777431571,5,3,1
bd63b0578348e95db9c2f13a2f108de2570971808f3ef9c733e10496c29242cf,0.1340667876755104,0.6175666203093857,0,205.17666666666665,6,599.0,0.2581154127728913,4,382.49,22.75,0.34,38.31333333333333,41.43634159202569,111.94439795760422,199.0,13,1231.04,224.34677624418703,6,2,1
0e217d533f8f3e8b5ef65dbdd9d9a3b45011adc52b472201e1d30b184eb0f81a,0.0251452254704527,0.8004663516693464,1,115.056,15,256.64,0.1128383968727748,7,1036.71,48.23,0.258,41.42133333333333,35.66525718905452,106.09219369691476,33.0,1,1748.85,221.35220326694727,14,2,1
2578fd75e6a275d9f72ac3c18f859fad52158684e5d3c29142368ddc62d636a3,0.0413057474625173,0.7843028330309116,4,209.2453333333333,15,703.45,0.0992659755153805,11,889.86,65.98,0.3386666666666666,56.38933333333333,50.341999546657725,152.53453325943102,144.0,1,3140.72,232.2383294936152,15,5,1
816c13737d148a70f5339c79b4712fa911b2cfdaca201c0f30f9cb6345361b4d,0.0771942126463035,0.700983407348491,6,187.87,10,628.97,0.1110906065913506,10,772.15,51.17,0.375,62.069,45.54669856000654,173.1613914247527,40.0,1,2053.53,277.79763769553085,12,5,1
f8dced5e6d45371564648dfc35e73a11f2d3897835c63a7802a729db08e1132c,0.0784538999898639,0.9057841150208048,5,152.10125,8,937.5,0.019667099331133,4,553.15,31.84,0.515,37.846250000000005,45.01464712872514,121.100304411972,174.0,4,1567.77,145.26820277379585,6,3,1
6a56b3b3a1e3558d59b96ed384a0508643c4fb6057050b2acbd80e4b227de0cc,0.0527664499181914,0.7067213289437045,11,133.5375,12,897.25,0.1604525494541205,3,782.16,39.91,0.2525,24.55666666666667,40.00656278443597,84.63974510441102,260.0,1,1652.45,267.14178881187746,13,4,1
8b8aecc3d8f2a7ffb042f4fd9afcfe62d2db534a71abb51145ce05e011763f53,0.0477267065939362,0.6242105290169945,1,221.09333333333333,3,551.0,0.2192691212697154,2,407.04,14.92,0.21,60.41333333333333,59.495189172023686,141.6397584969868,104.0,10,663.29,111.04752444672316,5,2,1
0f04c5fb9299b729f363d38849b30b3eaf21116af71aa58ea8e827aeac591f6b,0.0835666234905778,0.7257383966244726,1,571.0,1,400.0,0.0963431786216596,1,128.71,9.06,0.26,83.2,84.84139589134602,167.82025924896013,0.0,17,577.0,0.0,2,2,1
5377d66a46f278722f6a984e193f4a05f4e86d57aa82906749da321d727e2ce9,0.0536899203798205,0.7719430022297454,1,251.0163636363636,11,2228.3,0.0879730819894358,9,1072.45,61.75,0.5490909090909091,37.85454545454545,39.76729680254371,105.58314503164546,953.0,2,2761.17,274.68373752502686,11,4,1
c8b4279efd3a029aebf57f1f8ed422ecfe177731ad087673d39fb8d8bb1efcd5,0.0598035951844893,0.7898172423442902,6,110.27625,8,904.0,0.0651818189042594,3,775.41,32.33,0.3325,54.99250000000001,44.6903234954974,136.69276615629045,227.0,2,1161.2,271.25266160315454,7,3,1
26f0966182b8bf3a31c4bb229532cb1816b82241fbe177e6483fe281d604f2d4,0.0335863505071538,0.8076258978486464,0,325.5,2,359.6,0.0552778696947003,2,138.31,9.89,0.335,33.92999999999999,52.09438910853706,109.73214090416052,0.0,19,651.0,68.91337012718712,4,2,1
7824de703af9577e74b154e0054579fcb74cc1e8b5dd515ce78e01e1d9eb96ae,0.1136270854647064,0.4649438891466968,8,235.37818181818184,11,638.7,0.393616616938927,9,894.92,59.59,0.3381818181818182,51.99363636363637,37.20500061025282,104.11467597906608,30.0,1,2589.16,444.0684595135594,6,3,1
9346da26907e5102fe78fba154d29185f856828c1fdf9c118cc282c477b03989,0.0862102442589825,0.5038718028076373,8,234.2057142857143,14,612.21,0.3412134932407032,14,1100.05,82.98,0.3399999999999999,55.392857142857146,50.21823600587047,125.30466673174526,111.0,1,3715.52,302.7958840556725,20,2,1
6c1c8b871b7dec9c7ab7c609d88b0b34bf90492e7cb654d57896266b9c622349,0.0609857550322144,0.8399849063764183,2,175.16,5,693.1,0.0445716429026431,1,576.64,20.25,0.258,27.22200000000001,36.58302361501213,79.97898896946556,166.0,4,950.86,203.54264922299475,6,3,1
dce65bedd3840d29c8e1b82332494d0c70a66904750452b330ab6fbbfa38f4ca,0.0838502040170733,0.7730153790181007,3,132.24285714285716,7,1191.3,0.1329544757876264,2,665.11,24.21,0.2014285714285714,44.91142857142857,44.35049043606893,114.56075037386846,181.0,4,925.7,202.36127343894185,4,4,1
75ca9fa16a97598d7c3193e13b5261afdcfa7e2b3cce9daab467c4e336a1cb19,0.0495384603088525,0.6589538499538832,3,438.50666666666666,12,48.46,0.2189785664693297,26,679.0,102.92,0.5950000000000001,60.8525,58.65060654556006,158.06679560385314,0.0,1,5262.07,582.7352759179761,18,3,1
2102dc30253611258a425ef03aae67f10b5d5e6758c77036eee2ce5b2bb239c7,0.0946213375937743,0.685821912713281,1,325.01750000000004,4,591.4,0.18607969036798,4,257.11,22.15,0.37,65.8325,56.89247142582408,164.6905126564834,1.0,9,1300.06,184.2077161404258,6,4,1
9f58eda0211def560e3863f5ea03dfe090ef34fe9d2093e84170f0bf09aefad5,0.0289802300272055,0.8084673945615526,2,288.34,8,1471.52,0.0707165085925913,6,519.95,39.89,0.26875,56.05125,38.07809720218872,123.9080290166566,209.0,4,2306.72,130.13767071283817,8,2,1
3b2794f51fd09e7894c77fb61a202a55460ff041a16ad7643a9e361c2739cfaf,0.0666278572449605,0.7301166695548075,1,154.39666666666668,6,1794.0,0.1728945402971354,2,777.37,27.37,0.2283333333333333,58.955000000000005,60.24275316988152,156.37687306041292,494.0,4,1060.79,166.78311136566535,5,3,1
6850a01526a88e14f2fb8213a72d67c1e404145e1129761f9a41aec6c460f053,0.1149742686542082,0.6277958481826899,7,236.07666666666668,9,841.0,0.2434159110382771,7,460.94,41.09,0.3544444444444444,57.41444444444445,66.63417765319303,164.94086863484088,142.0,4,2153.68,264.1996670850125,8,4,1
b8e80934d895256b317ea47e9cf20672df487441db51724a32cbdcbc0ba2fdab,0.0809773068554268,0.6063277006814976,3,154.23692307692306,13,1272.36,0.263639574877688,6,688.89,45.7,0.26,36.74384615384615,38.12837781455383,95.7604811964573,35.0,3,2365.07,344.4746518258215,15,3,1
f3bb1132d4ebddad04ca056c9c1a3c2d39100a553e335e9775ab5a7075bd3319,0.0643897069563013,0.4623554781314568,1,162.93,5,582.34,0.3407831145213251,3,316.7,17.14,0.3299999999999999,47.15,41.5563293125835,97.65637327978024,122.0,10,814.65,278.9530912421464,4,2,1
94add48d77760dc118ed13e40f20cf8cd651fa52891d194849d85212de464651,0.087791239889133,0.795386178597635,5,206.60916666666665,12,852.1,0.0721212342348624,7,801.63,52.66,0.2799999999999999,45.355833333333344,47.380686655788566,132.2863527834778,0.0,2,2479.31,315.91272431893987,18,4,1
d0bc3a838d9069d4412f413956f591a924ecf8a6c29177139449be5d9817953b,0.0410852300928174,0.7680173700097562,3,495.5944444444445,9,612.56,0.0790389255323146,11,386.97,67.6,0.52,43.74,26.836737461966084,87.80367850829121,25.0,12,4460.35,268.25790040314973,15,5,1
07562701ad85ed566258a27fb3219e9aa086c31d643b8c4bedacd5efd643bb7c,0.0476538015465631,0.7896775801725062,4,169.18454545454546,11,974.44,0.0699726072779131,9,910.52,54.8,0.2918181818181818,34.202727272727266,30.42959831862462,81.82622285706894,295.0,2,2321.03,171.58533715571417,8,3,1
af18d80d041f2eb461324ea8f7ab220c7a524b7e909e8e47f1a4ad80c41fb7ca,0.0737297621317953,0.6564112648600606,2,249.39714285714285,7,462.95,0.2104625210838209,5,345.36,31.38,0.3428571428571428,62.28857142857144,29.1604888982266,116.630870316878,0.0,13,1897.78,354.1714983925376,6,2,1
93c7c3019f13f4304f05baadd917df3200d54804e1da60c7660c3e89a3c1646c,0.0342781782227903,0.8701492496423855,0,103.73333333333332,6,500.8,0.0300277102256584,3,579.11,20.55,0.3933333333333333,60.79333333333333,31.39667990770845,110.70196365083386,0.0,6,774.4,154.73943158242685,1,1,1
ab438c06266f8685104cb7483961226aebd1c16effdff938708cc3a9fe9535ba,0.0788515787926507,0.7563900178917498,3,214.72222222222223,9,970.36,0.1375091779638841,8,693.55,48.68,0.3788888888888889,45.35111111111111,54.40843582217052,126.16977469620164,123.0,1,2401.53,299.2008952551991,8,4,1
1f1c01b79d43147308f27f04687e95f9f0b7134260db3adf75f67fc3dd87dc8c,0.0288158015877173,0.7032612598980212,4,133.3945454545455,11,1198.42,0.1307519340376155,6,920.62,43.44,0.2863636363636364,63.74727272727273,67.20407578784983,181.26474866075216,29.0,1,1559.72,178.74548211236765,10,4,1
c8d2e6fc3e6969c429e5cadb6d27e70df4339e9662eb8e26b47cf93afd7236ee,0.0145750299446101,0.7912116385926146,3,92.94666666666666,9,1052.0,0.0879143161391313,2,912.99,29.72,0.2344444444444444,34.26111111111111,21.98432446232437,75.97594503715338,94.0,3,856.28,250.89190643702275,8,3,1
a26677ba9c7b1ca64ff1b5aefdd111aa1c442d5e139d446e712b01fd5fce23d9,0.0364242798645842,0.7613345372749744,0,385.99500000000006,6,688.0,0.1048113106588787,6,702.18,44.04,0.3816666666666666,37.78166666666666,25.58945010855759,82.17726411114947,138.0,3,2315.97,107.82016668869193,6,4,1
7a833186b3f9c4c74668f93e42c9ed84ea1d9faa058d3e32aeef7c3f6a7c36f3,0.0723539045604588,0.7442643301884166,0,197.62000000000003,10,1636.3,0.1482258774185599,4,987.63,44.42,0.213,64.296,39.89343884281362,137.01609056433253,732.0,4,1990.2,269.9034201153662,6,2,1
6f74c01d72daee59758f6bb862eac2fcad2dce67af454b3a3a8967416e2587ac,0.0515053827970086,0.6903680334047643,3,133.89272727272729,11,1016.68,0.1938378400126812,5,538.0,31.51,0.2554545454545454,54.50727272727273,44.17903525822263,138.9047770878967,92.0,3,1472.81,233.6116929625132,9,3,1
48b6b34b6b6a0df7d3e738b30177acea2c4f5465711ed6ed44d93e3de6721bbf,0.0719948366888261,0.721149016723737,4,271.43529411764706,17,747.09,0.1423275713913377,18,746.47,96.56,0.318235294117647,60.290000000000006,53.63709389867603,150.5839773604788,134.0,1,5557.46,289.09846278177247,13,4,1
6f377d51b1f293ff6fa03c072d9f3b101c0a070951f1142c41dc21cbbb1cae21,0.1154134687518032,0.6053130929791272,0,176.0,1,325.0,0.2713472485768501,0,87.8,2.64,0.23,24.94999999999999,57.801800820916085,114.86856295521952,0.0,20,176.0,0.0,1,1,1
51c805b470c81e3303989f125766a27e5a30f2c09dde734a301697113ad718a0,0.1242571927281701,0.6552979822055532,3,259.725,8,1212.65,0.2177130120351132,6,844.34,46.7,0.3025,42.1125,43.96100287843987,101.9884569102719,276.0,3,2126.1,257.82305027369694,13,3,1
55a04409563bec21939433bd7c432a1fdbd5864a362ced15d6efe807d42aed36,0.0292404091267266,0.825728337335588,0,250.7721428571428,14,306.41,0.041498913575069,11,1077.96,78.49,0.5935714285714286,46.175714285714285,44.00299902867842,123.92513804488802,0.0,1,4120.77,159.72064879550987,7,4,1
3dad521dcfca395cfc0f8420ba00590cbf1c2e6a72659b93de64f0e234dce2cf,0.0153322477466859,0.8205193876621195,5,204.134375,16,297.78,0.090382656263657,15,997.3,76.52,0.44125,30.514375,42.301798681922754,105.55482757582104,0.0,1,3326.15,311.7488756166693,13,4,1
8a280a3aff751eeb6fccbabe629afa910445ac9b5cbcae2f17fb844e9298db63,0.0044250920419144,0.8101619475373103,1,186.13125,8,1358.0,0.0495157888782976,4,510.95,28.49,0.33625,60.33750000000001,42.69764979396598,142.09122392449254,38.0,6,1489.09,69.71257513641937,11,7,1
1a9059da53c8efa00ed1a8cc4df2cbc92ce8171d83e16e9890a83320cb3bdc0f,0.0965003534946475,0.6147681450502112,8,209.055,6,575.6,0.2588740885340464,6,598.88,34.34,0.3766666666666666,112.82166666666669,46.96728207982618,220.88461619224128,3.0,2,1254.36,537.8700800462725,7,2,1
6f5eb41d5747d2f8460099637f68d9c5bf9f15b2e351203cca2c763efb12f84c,0.1020545968958309,0.6784609827681998,7,160.73818181818183,11,603.26,0.1948657844475511,4,805.57,42.42,0.3145454545454545,48.6409090909091,38.88544442312769,125.81373539666444,90.0,1,1895.13,259.60063612398994,8,2,1
f497e9e78bcbd4d310704ec9b6731622e99ca780fc08c080978f7d3a126cc564,0.0492081696292289,0.8253886734193574,0,157.7975,8,774.64,0.0565097882085851,5,720.42,38.0,0.3575,56.61749999999999,41.4984539089545,120.67492384402595,110.0,3,1816.04,121.22839309024722,1,1,1
370c7760f14f218f2d113fc6edb57d27ca0775bd7b326085215f6a16c6943618,0.1118473883546941,0.6934342750222611,1,199.03,5,815.95,0.23432978911758,5,780.88,36.76,0.472,70.046,47.87206073864306,149.4306999871955,230.0,1,1540.47,297.05335960355995,4,2,1
e439187f7715b1db8f7d735d0ce0a2aa78e0f2d9305e707001eb3f954e1a13fc,0.11705236123274,0.6765895826440934,3,209.875,12,648.0,0.2120503596007063,12,718.57,57.63,0.4058333333333333,42.5425,56.7430047943181,130.4503868882221,119.0,1,2533.5,435.1783094074712,25,4,1
7b666ff4c75e72f825c5cd04d870a9ac40cea500d66820fa2fbce06694b3e536,0.0282811982679364,0.6276317722627022,2,204.274,5,749.4,0.2396832945811329,2,352.16,18.22,0.244,78.194,62.46176872136111,202.8563440422932,70.0,11,1021.4,370.71993946569125,8,3,1
db6eaa19faa9b43f951fd44d0c2f61e20959b2ecd389dc436d2018c741ad69cf,0.0661703204145894,0.7710290458354689,4,151.89153846153846,13,984.8,0.1093190922660286,6,742.48,44.47,0.1938461538461538,52.09615384615385,47.43065009897601,135.0407199634099,307.0,1,2008.0,197.8419736997747,7,2,1
4ff77897b16671c9f630e2f6e0b65e46779222658e34f208dd547d8cf12e52f2,0.0751095176392497,0.517590311206353,6,314.3954545454545,11,1223.8,0.3127517046044721,12,912.48,74.84,0.3663636363636364,71.67636363636363,41.45102890056759,138.22458421187332,334.0,3,3720.31,308.1103734850782,17,3,1
e78eb8f228e303295179fa22955d86d9424d196959c7ca1fb2cf4b57d9556673,0.0610310508752491,0.723280035112579,3,124.89090909090908,11,1352.74,0.2182283774145818,6,883.05,45.98,0.4063636363636363,63.48090909090909,57.15618472850473,161.83642467223697,264.0,2,1957.49,352.28833430493285,13,3,1
2cc9bced32289eac8ed6139d7574a74589fae0d02495b0af62d80431e6620165,0.1010883233342379,0.7171274943541869,5,222.526875,16,2673.25,0.1779787192889866,10,971.24,71.86,0.4925,42.325,49.04071904128452,112.88055411239574,887.0,4,3625.43,150.27372326942643,29,3,1
5c60c5e32f2fca24c3f5e3d9ecb85272319759562c8e0a771fc2d9cad4257647,0.1072462990379685,0.6247014387496463,5,428.0041666666666,12,916.66,0.229195183106193,20,678.09,94.64,0.3366666666666666,67.8725,58.65030284037268,166.33104590897372,69.0,3,5136.1,337.58764530948423,24,3,1
4b2d0bf645eac6ec78c39a62cc5ca72b9ac02118a0e3b0d0c089db8728e87398,0.04940572475042,0.7185474997546335,6,344.5,8,109.64,0.1179037286842932,10,892.25,62.39,0.51125,60.40875,38.19797094345761,136.80094521094867,59.0,1,2926.01,382.9164374872996,10,3,1
7666a10b5cbef161113c64977fde353fa3e2d1f80d5fa7e43f91f1a041f4a66c,0.0,0.8336430407132359,0,259.25,4,450.0,0.0242615938968612,3,204.72,17.55,0.4775,44.1125,33.16577411243728,93.65273244123884,0.0,15,1099.85,256.01201654822,1,1,1
5c20b48779819e00e16de011fdf762504c208568d3dca10115c233b2c131dd21,0.0370855676237702,0.7244020897161438,4,335.9522222222222,9,903.2,0.1249503195721228,9,589.9,57.08,0.3144444444444444,62.25222222222222,60.18717701657277,175.94335095244415,100.0,6,3200.57,309.19332527368965,19,2,1
db2911db435699a8c5d4126e0a0dca308d3db2b16a2c69eb2e9081718f8f5da4,0.1521147885869443,0.5739304334515583,5,210.7784615384616,13,560.1,0.3031421904057275,10,967.82,65.74,0.2238461538461538,56.70230769230769,50.28118548396545,152.37284962254915,94.0,1,3021.87,377.2860061696389,25,5,1
82efb8aedf717446a3cccfd08419ae998996d066f0c2ff62cf5f53a2af7723cc,0.0892480759904785,0.8374575455675564,3,221.815,10,694.15,0.0538072226308844,9,1061.84,64.45,0.316,36.43,44.41485001324212,101.00407069017128,169.0,1,2807.95,196.5445561742485,12,2,1
5386210acad8e4dd2ef4cd5a6fc22f1d7ec28b034ea4fb1fe394d53c7a6f9a0b,0.0905039975572467,0.6530501126336387,12,158.72,13,746.45,0.2286164689956975,8,783.16,60.11,0.2438461538461538,46.59384615384616,53.76172648026039,140.5180885814272,284.0,1,2869.76,363.9083295984672,11,2,1
cd48b2be4f66790a0d28ac209712783b679e35298e6c445d346bc56bee532d0c,0.1170006613365904,0.8411050832971906,7,104.22,11,1101.28,0.0718566985332578,2,1152.87,47.07,0.2272727272727272,43.50363636363637,36.59875388361666,113.80545298372562,163.0,4,1541.73,223.9245226136452,9,3,1
2937bb7ccb98d31aabf179c3df9d4410a65f31b94bff648abb96385768a84e91,0.1205549699277389,0.765250637213254,0,53.5,2,375.0,0.1512616822429906,0,66.79,2.3,0.18,46.18500000000001,79.11118480255428,147.47759324241542,0.0,18,163.0,168.3564004086891,1,1,1
47e89ecd25f963f2d19933936372fd40e909beb3081626d088a98f5ebb50a23b,0.045561631596635,0.7840962216923407,0,361.4858823529412,17,507.15,0.0547546035687197,30,762.96,120.2,0.4947058823529411,39.63352941176471,34.31748910227866,102.55487238821804,91.0,1,6229.86,461.58554269022943,19,4,1
5e7c907c93f4850f68df240cc004e3970006c670174c1e6cc1346bdf6e17803c,0.0297800115597218,0.8343167474739754,1,104.78222222222222,9,825.56,0.075764894118753,1,821.09,28.37,0.24,50.18111111111111,58.65915710512892,150.9322897395457,0.0,3,1151.21,191.5781666201202,6,2,1
84e9cf491bbd7a5dac017c53734acc337f635c54fd8dd7706e3ffa8d578b8c23,0.1006240209184733,0.8574077968542739,4,224.2516666666667,6,947.0,0.0268968709946382,5,633.03,39.03,0.3866666666666667,45.81833333333333,35.54807453736596,101.5444922547386,197.0,6,1887.25,224.17131321129284,7,3,1
e4b73aa8bc3b192eb1e301e4d920cb03bbcf3ddf99aff26254c11b2dbc2c46ad,0.070548094118282,0.6825699561583114,1,254.62636363636364,11,782.15,0.1643335704994116,7,641.99,52.09,0.2772727272727273,63.98545454545455,48.57392449738511,167.42135125052312,112.0,5,3070.82,306.2947912920098,12,4,1
4b922235852f0959c20a09a246e965650d1257d55ac7c80dae61a599be41e8eb,0.047784306068069,0.8213648856878012,6,250.9228571428572,7,719.0,0.0445562250586991,4,406.36,33.44,0.5642857142857143,46.77571428571429,36.02074534569137,115.36654291328335,0.0,5,1966.46,345.18317943587607,5,2,1
1942a92e0f0cadbc32340090fb7ee1532654a77067cbf3c2dc911319bc7ea42f,0.0634614682744354,0.701976573122818,4,259.7175,4,608.2,0.1873796548985491,3,375.18,21.22,0.2825,24.697500000000005,30.12411795369113,72.73045463098214,0.0,5,1038.87,311.02576282449775,4,2,1
db64c1b23beb195e32eab6e8b4229da46ef9a6935ae03264c2ae3f93d42967c4,0.08911067545892,0.58994708994709,1,55.25,1,375.0,0.3015873015873015,0,103.3,2.09,0.09,53.81999999999999,90.27592527592708,159.06133828195055,0.0,27,55.25,0.0,1,1,1
82546e132cb96f63124d3960f97f27ec4cb25db9aecb40efb33f24a394977121,0.0506139856580711,0.747855674763471,0,172.0,4,717.28,0.1267471822946311,2,317.68,15.53,0.3375,26.830000000000005,21.749364497830324,72.50672505347839,0.0,13,902.0,139.0973072484933,5,4,1
56644d9e3ab4f2e87786aa44ae37ef7d1dcc62b9b393a7637bd33de09bc53881,0.0276534374864809,0.6750582105044156,3,139.865,6,490.76,0.1895896435624908,2,552.83,21.07,0.2766666666666666,39.76666666666666,48.36095523641122,121.72678026494152,42.0,6,892.15,294.08887399576747,9,2,1
74a894e5d5f53942c8aa6c1e63259812e7515daf14dcbc402b58afe01ea6f164,0.1279263144428807,0.3712121212121212,1,10.0,1,116.17,0.5189393939393939,0,629.72,10.17,0.04,8.400000000000006,8.267592973475082,20.522846960518784,33.0,1,10.0,0.0,1,1,1
d7c72ed212ac4a080db8be6fe3be4c8bc9b6fe3b141c5e3adeaaaed9e7227659,0.0915601335483523,0.8000581936685289,1,48.96,4,589.67,0.1157454161294943,2,381.51,17.95,0.19,79.04999999999998,46.95223056215045,155.5290625514789,33.0,9,1003.29,177.0396111360833,2,2,1
1a9784aa05f563d7fc04dfa7de8a99551b88c2aa2681a215e4fd7d1a6182711c,0.0591560979531909,0.7030236368889892,9,240.0,10,450.92,0.1658079583968841,9,590.96,51.1,0.288,75.177,53.3868097179434,170.9368350866405,0.0,8,2399.98,365.8912932549253,17,3,1
7b71d01eb7c2004dee5b2c8b275453dc5289e58dd9a718bb53907a59c0c3a276,0.0769201184569824,0.8235955056179776,0,325.0,1,325.0,0.049438202247191,1,63.29,5.62,0.59,40.38999999999999,52.7858304838076,124.78867836874323,0.0,28,349.0,0.0,1,1,1
4e792352fb328f2d3f2232832e6699acb9f38ea8549af8411a77d9147045d271,0.0524806395348947,0.7852404143439298,0,218.5788235294117,17,1800.92,0.0753612303928684,13,1072.46,77.49,0.35,35.48705882352941,44.75819881981194,102.4743578758211,589.0,1,3734.83,147.27679518243278,17,4,1
49bda8b8a489238fd6073946b91e6c0797f4fc380e0fef82603e72f48f8418e1,0.0802149761360446,0.6356033452807647,0,176.0,1,400.0,0.1827956989247312,0,129.0,3.37,0.15,63.05,93.2527873454293,218.0595440600597,0.0,21,208.0,0.0,1,1,1
e295f963c0fbb9e89c910b38f64076c5b0ace71bd6938ff9518beb3cd62ef591,0.0647715357776763,0.6554994530686643,2,270.84615384615387,13,546.46,0.1868841627755237,17,986.33,85.22,0.3161538461538462,58.04615384615384,38.94496217812629,134.36822710004523,0.0,1,3973.16,330.576332274969,18,2,1
71fce946fb949c7d8d1ca1dedf7e99ef6787193fec34024a382fbef40f4e236f,0.0887773538696686,0.632642137504426,8,167.7436842105263,19,1227.3,0.2164796311949811,11,896.88,69.62,0.3368421052631579,44.53736842105263,49.95096089759872,123.64934666981956,339.0,1,3187.11,422.8683505860217,24,4,1
b827b380aff69695f76e640e22cd029a849a3b1d0e5fcb128c3d6395914224be,0.0594784781510339,0.7444623664325045,8,214.8,15,1030.39,0.1275670931559083,11,1016.79,86.3,0.382,40.674,44.57856858695121,111.11111106545992,173.0,1,4555.26,280.8224048936662,23,3,1
8eb30cf5068a0959fa3b639c63ca2aebbaac47c8d16873eba672c0aa0d7de0ac,0.025357641800105,0.7167235751879943,6,256.69466666666665,15,684.42,0.1484757921941137,13,998.43,81.44,0.2679999999999999,51.94866666666667,59.9062049031276,152.7325167959082,0.0,1,3914.76,408.00365914108585,19,4,1
56defd88133675a351ef05240276871054323e6504838b5df392192ffc6c82af,0.0953638140923975,0.6220046795858083,9,324.592,10,808.61,0.2116601011263953,10,805.77,65.93,0.375,57.487,45.853643189891386,125.72787451534128,249.0,1,3245.94,377.1883899970736,27,4,1
30ed4e075743ec7ccbe6d735f06f16daacee385c7b5cac9ca28203a9d1a97831,0.0932574839130841,0.7923728813559322,0,136.0,1,375.0,0.173728813559322,0,147.4,2.83,0.67,99.84,62.26124915651344,221.1949885117209,0.0,27,136.0,0.0,1,1,1
4dfedc29792f3c28c491259219969292ce6dccb685d8b03f65b5b37db82bc61c,0.0921783042773124,0.6998634501445369,2,317.13454545454545,11,1862.16,0.1582885192478266,7,894.15,63.4,0.3790909090909091,53.98,67.58835850937757,188.9413889160496,109.0,3,3571.74,309.78041002390626,20,3,1
a6acc88bc4121ed695b8f8ba9ddc99d22c32b85bb4ed4ce9b99bf6c966372e8a,0.1361328097458793,0.6134840840720721,0,106.05333333333336,3,494.2,0.2250965990285577,0,156.5,4.75,0.1633333333333333,59.396666666666654,67.2635495532038,195.35850736930288,92.0,17,318.16,95.06894805835208,7,4,1
89f000539579cb287fc491609534c294c2685f5f7b4017025883d94ae886e178,0.0171039755853558,0.828747107752361,8,189.736,15,545.24,0.1058033280603828,6,1119.66,67.37,0.4966666666666667,33.90866666666667,27.20763276762893,82.97763674975916,117.0,1,3154.84,237.4626928929544,7,2,1
aaedd1229441680b6c910b5447f97f21f933ec14646e08f2529b3c2c893d2bef,0.0174285991642808,0.8752370388873124,1,253.47,15,55.71,0.0225166529114542,16,1021.25,85.78,0.3453333333333333,30.454,20.77304122765013,67.25229701018552,0.0,1,4192.47,205.976003563767,2,2,1
e0148b15a9dd7c11862760b066037f595fdd4b1bbefc1eade09934f530329f96,0.0929354726916373,0.6455304101960031,0,287.525,4,524.3,0.21676380327147,3,231.3,18.31,0.3875,39.225,46.79077478707168,108.398153412187,24.0,11,1150.1,331.607737979936,7,3,1
d0ca82e160bd5b934dfffb544b478ae7d9a1649d251735c0076f25fe628b1571,0.1280312816141261,0.6791995495751139,3,161.06,6,1340.75,0.1928630184682697,4,694.28,33.94,0.4266666666666667,31.38,42.072147472375576,103.79697785811068,241.0,4,1525.34,249.7942817638156,3,3,1
4679d7214a5e0172d418edf648afd576e29351f8df06b6284d62c0bd5fe9fcd8,0.0,0.9187887936037772,1,256.9175,4,521.12,0.0091431556948798,3,663.42,25.69,0.2575,20.090000000000007,10.663417130567389,34.83130236398878,0.0,8,1027.67,62.450245698653305,6,3,1
e9de8e2bbc4dbaadcf4d7d04fee1833f1a8eacb659beae4a8373f60f0b25355d,0.019039685998574,0.8052658188856123,0,214.10333333333327,15,938.8,0.130941118144569,9,892.11,61.75,0.4193333333333333,39.821333333333335,32.75665066514892,104.57663905140608,150.0,4,3211.56,327.3020021854909,20,2,1
8caf6f61dbbe3fdaa345f5959aad4bfa4e9d126842112984fa7c2661b1984b93,0.0724184015424581,0.7476737242844025,0,204.955,4,519.48,0.1219727479745048,4,245.78,16.18,0.285,51.3125,58.27168082424953,143.44398158544635,4.0,11,819.83,295.58183143300647,9,3,1
957a07dd9f40d664f9429ea68af78d3c6b8e12ffe93efef04b1c53dc03b7c7d4,0.1125611432973611,0.7374540093718855,3,222.67,4,449.2,0.1070014232883279,1,219.39,15.9,0.2675,55.282500000000006,44.76288054807952,140.7071780417213,0.0,15,970.68,187.18334585136395,6,2,1
a505134bc85c1354e39bea9c99f23f167d03307ef614e1484f9b47b72afc80b1,0.0544030845113263,0.8421039851045672,2,132.3125,8,277.02,0.05948425815192,5,833.34,35.0,0.3974999999999999,16.435000000000002,27.67201081030817,62.50288747453105,45.0,1,1083.5,150.1389367334725,2,2,1
3a4c3420c72effb38612b7861c0c833acb62dd819206e333d28a8a3fe153361c,0.0297281460059339,0.6564671763012043,1,142.78125,8,555.47,0.2275753512247479,5,839.66,34.8,0.4287499999999999,52.7825,58.35141297904491,148.90502367702192,80.0,1,1148.28,232.7690651525477,11,4,1
87924a1615958d16098584eaa4fc2a74e92f808efbe4352ebf7dffac8d7cc240,0.1048925864013808,0.7428628573718368,3,214.6536363636364,11,1120.58,0.1542735467692942,9,810.13,52.99,0.2681818181818182,47.473636363636366,44.38414166127402,127.3674282834858,322.0,1,2391.19,204.49304861340207,14,4,1
0fa8912573c716995dfe53c3d923508262b4ea877e94195a7aeb5fee3fa76294,0.0532294980887759,0.6811993715060146,3,260.4642857142857,7,233.03,0.2080578351744788,8,819.26,45.56,0.3142857142857143,54.54999999999999,41.63140413247762,125.51755921208807,8.0,1,1825.24,438.4447489909821,3,2,1
9222311af53cb54226c01efb7999981a4c7acb36b5cb1979846a7979f98e0b01,0.1344862300781855,0.7153415701991259,3,220.09761904761905,21,1561.93,0.1837562340459509,17,1003.37,92.2,0.3047619047619048,37.7447619047619,37.36711074400701,108.21646540483444,598.0,1,4629.04,271.79809306139674,25,4,1
943bfd8eda2a6ba436ec3030e15051347c41fee99d25ae6c9034ed6101a0f0b0,0.0298382765411469,0.8238861788617886,1,91.5,2,725.0,0.0426829268292682,0,187.6,4.21,0.145,167.77499999999998,73.68773050629446,268.8171589930645,0.0,11,183.0,22.261913078803914,3,2,1
6e00e0ea3f46063fb25a96954c6d619f8bcf359e41c17342a6a99cb1bdf8fc5d,0.041702861942036,0.8178032670571507,4,177.06333333333336,12,514.18,0.0466405873438413,7,748.49,46.48,0.2833333333333333,36.20166666666667,28.57996948554884,93.60867920131903,274.0,1,2143.58,546.8180925728983,4,3,1
569c1061fa0603ce57ea170950a4001c7e6fed8d5bff8f22bb0753f7dac18c0d,0.0649529321541577,0.7989941084952321,3,217.41,10,271.68,0.0832611207076524,6,755.52,45.59,0.429,36.95,31.50669440643948,83.32952331630598,44.0,1,2237.2,226.95089590469,4,2,1
1f61c520d9610c25265551201bc4fe9ed467e4cf4a8335c9dbd1bc1b6763926c,0.1274736888167285,0.8151834831322622,1,132.606,5,855.0,0.078551566810016,2,654.57,22.4,0.196,43.48199999999999,57.0364482732969,133.92158423206,5.0,6,821.09,197.8882295701449,7,3,1
c73ece472000cbfbc9253ed1de503e4aaee79091a3970f4388d2c28ba8b70dba,0.0411218410739401,0.7839154267858769,4,172.8725,8,1308.64,0.0751398930649568,6,583.21,37.94,0.31875,51.66625,68.21044234133672,152.67634599675435,261.0,6,1752.98,286.12335726006523,9,3,1
95d08805e915a500c07404020e10572c5fa0640b352f77f211ec5701ee9813f8,0.0298178131615827,0.8489687373469746,5,181.71714285714285,7,833.2,0.0404814444788002,1,787.08,30.73,0.2742857142857143,46.93571428571428,59.201643958760094,149.97803317124755,164.0,2,1322.0,128.0134898647643,4,3,1
3c9c11300cf1f63c611032fcba2f8c68ae2a95ffff5537fceb82798e10831354,0.030189590629151,0.7053646563814866,0,15.88,2,361.9,0.1287050023375409,0,116.72,1.48,0.08,58.76500000000001,78.85631709050084,202.39773204815668,0.0,16,31.75,48.15680683768637,3,2,1
173bd119f2ad904bb78d288cab7394cb54fce1980f6597dcfdf6d23f24d5ec33,0.0224355727624866,0.7676983187213352,4,280.744,15,636.47,0.1271550946855177,12,951.18,80.18,0.5453333333333333,31.048,29.13700656177301,83.41724677496117,0.0,1,4257.16,258.5171796626925,16,3,1
820e48d9e90db0779bb738d7ffed7138a8fb0a83275da793f8c0f6e0aa9f4034,0.0121528832715561,0.7394906916671313,0,193.848,5,400.0,0.1334775299604832,4,569.52,23.76,0.404,44.39,30.853655648986383,103.57291207493012,0.0,7,969.24,268.4630639574674,3,3,1
f9b9eea224a5d54f193e353a6f10746e274fef2af95578aa8990317d7b03e092,0.1271688500279697,0.6903493179129971,6,250.72600000000003,10,1797.9,0.1718145324208817,6,935.88,54.3,0.367,42.785,58.0237770807091,115.84178971498316,249.0,1,2507.26,260.4062435750864,12,5,1
03c212b642a258c9508d8be175650e35685876b1b072b8238f8a87c93a9b6e28,0.0925754489909274,0.7666050617830795,0,218.5,2,350.0,0.0880725817537535,1,243.9,8.33,0.3199999999999999,39.475,33.363357709136345,89.75969623133547,0.0,6,437.0,137.50223373512148,2,2,1
96fab60101390a0f8cf31cb67048f971b45e05456ebe9545729a4ced22f8d099,0.0375862257284194,0.9660910653424188,1,145.62714285714284,7,786.0,0.0,1,815.35,31.58,0.6442857142857142,24.01571428571429,15.022787964562612,57.63129187309438,57.0,3,1386.99,100.5300984215188,2,2,1
eb631ebece2cc484482d6d58bc6b1fd5c9b3b4d01e34375ca9989b87f02c7bba,0.0140024644337403,0.8274751864484496,1,342.8,4,462.0,0.0333751076761102,7,560.31,33.6,0.625,72.9125,53.83225173349904,142.15059991186985,0.0,4,1476.2,122.51822914511844,3,3,1
d3634b4c43c8e662f659a6f899d1c3b6e679e8d817869aaa3e8d6c86bb8ba103,0.0847511838617624,0.7362835341249228,3,184.67363636363635,11,725.62,0.1546386789848675,9,810.25,50.69,0.28,51.98363636363636,45.18461714114549,132.80324589891657,143.0,1,2060.01,270.4579643512455,16,4,1
baaee12517d4172d6c263be5d0490351093e0844eefaeebd9163ef5b8182dc32,0.0633591418460566,0.7310988660360521,2,181.7083333333333,12,1436.51,0.1554794475940858,6,739.89,57.29,0.3408333333333333,49.40416666666667,40.66631402931698,115.25600687189542,141.0,2,3446.01,221.992673065932,10,2,1
76e978f4841334d875e3eba63817d9172dab984a02d089090316146fd8527635,0.1032640492328101,0.6263681151816326,1,124.403,10,1055.2,0.2777860336905748,4,721.49,31.81,0.176,46.724,49.04206385643396,130.2161595371773,222.0,2,1243.98,197.66468834987649,13,2,1
6a426a3a6db8a00c1a6923830e8a05c695ba637e5187be8a2e7bf2852fb3ed19,0.0680297733529672,0.7646572053337908,0,191.5,2,425.0,0.0738820048878789,2,126.98,8.1,0.54,79.0,58.8564055654162,154.01646307916255,0.0,18,383.0,174.48470658574522,1,1,1
915353435f3a41a4ef36bd3edcac0b68ee54b2e8df5295c18fc291b6240f6343,0.0435089708555323,0.7352765550384931,3,201.1614285714286,7,695.78,0.1480941982239009,5,760.34,36.73,0.2185714285714285,53.30285714285714,29.69152719439889,106.364713988688,212.0,1,1489.2,301.95191866968435,7,4,1
565ae1e12c00273f3e8b32e8b815f4ac929540f4ffc56c1b63720e470823ada6,0.071742642015448,0.7377484642000472,3,177.47363636363636,11,564.4,0.0900305429043601,6,425.87,40.04,0.2654545454545454,51.32,61.60631553813324,152.60641666032018,53.0,10,2348.76,291.3934053385615,9,3,1
3de0e5a80db4fa177498ca944d50b4bd961de79f9b45e300cf34261cd6d551ca,0.0435867741922575,0.739784524590619,2,166.85,8,835.44,0.155917753971876,3,651.93,32.11,0.3575,53.53375,45.07487102656394,129.0502148803264,60.0,9,1598.53,215.1790094933117,1,1,1
b0aaaea801a333530a2b43834110d80faa1e45e0dc9eb6c30fcb62b764641326,0.0095704952688584,0.6856492796416519,4,194.105,8,758.75,0.2043009526054286,2,668.42,31.07,0.20375,59.535,55.5312902828526,156.02085651867876,116.0,7,1552.84,310.8638377503152,9,5,1
af2ebcfae88992b873aca519846efe38c341c2a2c76d134f776a9e89ae1c9889,0.0770912220126608,0.5861142435573974,6,192.264,5,879.46,0.2667889198093728,2,709.69,31.93,0.3,81.074,56.697019028772026,169.88022852553345,65.0,2,1435.79,271.9123466319248,6,2,1
dc4eba2eca5db075ad8f847b2cc0d262cf09e5b4d8edee0a0e73d265c8fbb5d5,0.0124308533780844,0.7108273322100238,5,99.2,5,583.0,0.1602205677643487,0,487.77,14.6,0.404,35.476000000000006,44.86546763623441,98.040196660446,108.0,4,508.0,152.68339200315216,4,3,1
e2fcbe72e030779e4b900352f29af0b351040c48cecb145b2a3f24be20fb9efd,0.0662583781908369,0.8286764819152069,2,95.73142857142857,14,1141.05,0.0786668992566108,7,927.4,43.16,0.1885714285714285,43.74,40.20658661836952,112.23593148640953,291.0,1,1364.24,206.72947084902628,8,2,1
88f5846f44b0b47f0dc43d0146d6a9220572981b0ad8c3fb566378e9129dcb3b,0.0855241288787043,0.6972097495706314,1,215.235,4,350.0,0.1909287921047022,2,108.31,13.19,0.4525,32.1125,57.66582530976048,103.08905443899192,0.0,27,860.95,321.84834810331176,4,2,1
6f422c5a37012bdc15dbe13f757394393aafcb39c419a0bf5ae91f01a8686f22,0.1087240579030196,0.6539473136708986,12,165.73357142857142,14,908.46,0.2062874639943917,10,1017.98,74.64,0.2299999999999999,52.34,55.451413798156736,141.4420802886626,110.0,1,3436.41,271.8349763870049,16,2,1
fc75e505331f1833e8a25a8a2042f9060cb6d1e1739b19c140e5facd62296ed9,0.0,0.8611828664511871,2,193.225,8,450.0,0.0627387866546164,4,715.09,36.37,0.7262500000000001,51.00625,32.42886390398126,116.60290974870732,0.0,3,1716.8,185.26943010880825,2,2,1
d71afee4ffff55868e3eede7ace9e7a7eaac10497d74c0d2bcc35a82365965d8,0.088786284942046,0.6552062651147584,9,232.49857142857144,14,1300.05,0.1936695866456441,10,832.71,66.34,0.3342857142857142,40.62642857142857,52.1956783919419,110.08615287489005,128.0,1,3268.97,376.96231034746575,16,5,1
9e9fad934112e26cbc56f22e579e3f670115b959551209f05756799096308a6e,0.0,0.7867165020756274,1,132.0,4,400.0,0.1257803399686696,1,465.29,13.4,0.2375,104.64,51.983190103908406,214.02707662276856,0.0,9,528.0,161.22080380165252,3,3,1
dfbb31b93162eadc94d9453ae589b59a5f0bd295feacfff4f77bc267888e1e07,0.0440215462232848,0.8269327452245444,0,212.4166666666666,6,599.48,0.0596420429605085,3,284.96,20.29,0.2816666666666667,66.17833333333333,65.34726586800048,186.74044122684904,66.0,10,1274.5,95.08851696382072,8,2,1
22ddada6a0fc37a275c9359d3ee6043e1cc9166c5a57c82e39368f2abe3f8fd7,0.080035732097554,0.6878383448373105,7,237.46272727272725,11,771.36,0.191594700072465,10,767.18,58.06,0.3281818181818182,70.11454545454545,50.39460548047776,154.83351622644875,333.0,1,2655.09,275.6827726049654,5,2,1
345e118d880767a0ec111458c16daf3ad34bc030eeb4f7acb743092ba6639a02,0.0490385595209953,0.582215759008195,4,212.45375,8,691.85,0.2876509611547406,6,459.78,34.44,0.33625,47.2825,34.73316240000708,106.01340178742996,30.0,11,1839.64,493.3898064291831,7,3,1
6dd3899664660146aefbf72219412b9f4782c25625442d355e36058c20bb1211,0.0206169965901222,0.7083124596184907,4,208.74222222222224,18,1159.0,0.1686262646848809,14,928.32,78.75,0.3694444444444444,46.69555555555556,68.8338178824095,156.1704193257496,215.0,1,3921.65,216.67745516072543,20,3,1
a57a309a8711a1841e63073242933f5829930534eb3e911946d1d210da7a5e1b,0.0280748694272443,0.6667470962969204,3,383.0830769230769,13,440.56,0.1780009971405561,19,659.58,92.12,0.4415384615384615,73.76846153846154,55.51570288611205,176.00250613948614,0.0,1,4980.05,430.305473440101,17,2,1
29c25099b95976dde6da9afde5ff953d776658b13c12a3b1f4e9959fe84458f9,0.0921384749488442,0.5039701560192755,0,338.1166666666667,9,1502.75,0.337025248132534,10,724.91,58.3,0.3899999999999999,71.57777777777778,65.79535740071512,160.22875802652214,659.0,3,3084.58,407.3090454291065,6,2,1
2ed077f6a6923da1a5cba8a6e9127995ad9e90632dc2bfaad31c86b86f2060d8,0.0,0.8005181347150259,0,202.0,1,350.0,0.0492227979274611,0,90.11,2.92,0.41,96.95,70.83012565099503,198.52919055525533,0.0,17,202.0,0.0,2,2,1
b8faedd4df51cf6ef4953abd3a81177340dd7719dba53e6c5763ed6ec0014eac,0.0224021161848168,0.733221726652231,1,345.4725,8,963.05,0.0721101749814172,11,815.74,59.24,0.44,66.82000000000001,37.44409573074154,139.36031646354033,90.0,1,2801.67,367.2509440701315,10,3,1
c91755777df68dd415c4964409f80efd84830585a8d00eb295dbbe6db0f00c2f,0.0281382523857491,0.7850517527347823,1,211.45,4,581.6,0.0876914968427093,3,418.85,18.71,0.4975,32.504999999999995,40.579850257188376,104.94710645860216,103.0,4,875.8,273.0912718882249,2,2,1
fc15624f1ea4cf1fcf32b33e28f7d2ae87d5d2be91ec53b7e8971008aa672526,0.0788709136061074,0.8709159306366178,5,163.58066666666667,15,1041.0,0.0193552427950553,4,885.17,52.86,0.374,32.854666666666674,28.06486451196637,83.81808367677122,498.0,1,2689.8,210.5800024767079,10,4,1
c0ca38778836094aea3c15cb3a13e47b619053afd4f3e4edd2eb70e0e31dea50,0.0649477418245284,0.6790437986358953,6,171.38823529411764,17,1166.8,0.1886581270175356,11,885.17,65.6,0.4511764705882353,74.5635294117647,52.92798079813326,183.42688311425923,89.0,2,3064.32,414.7671419610659,16,3,1
7a0051ee5541b4790ce47154977625c530b912815f77ecb720d2afe24cc30c8b,0.1271877424110568,0.5410922834987476,7,148.33333333333334,12,690.2,0.3453654400441163,4,658.89,37.6,0.2575,57.49916666666667,44.72280784566391,138.092217428743,46.0,1,1780.0,371.1077988654728,3,3,1
f74169c34104e51472b4944dbcf1a33f2023a63bd09d8ded8238b5a3b7a8cfe8,0.0381346579531785,0.7847836686915584,7,167.50333333333333,18,885.13,0.1009653323956457,7,780.14,57.48,0.2883333333333333,32.870555555555555,24.83777962154031,81.34675301139286,54.0,4,3015.06,249.0060545177308,16,3,1
e636c775f653aadaa66b9b49d2bfe9b1e163c1f05d41a2cb9017f9523d3e02cd,0.1269038546002598,0.6328105322546839,2,178.16666666666666,6,1242.9,0.2280725765952704,3,1013.14,36.35,0.2833333333333333,57.98499999999999,49.02265006442255,148.06866996399364,410.0,3,1069.0,215.69972441321875,6,2,1
a679414c85d2d3908f879a2f05617a0ea9951d8af1667a3b6593f970636ebfc4,0.0857728261741758,0.7685740628514145,0,256.3,6,881.6,0.0911669960796726,5,263.88,28.5,0.4333333333333333,56.29500000000001,62.87673922796764,149.9482578002078,100.0,14,1849.8,169.6437969638942,3,3,1
84bddf285e0634b3b4fa61cd26e2d0645af2072808d24b1cab99cb83ccfc6986,0.0273290011637608,0.9016909523855522,0,401.7228571428572,7,165.56,0.0461823401855773,22,906.16,80.38,0.6557142857142857,42.82714285714285,28.671061669266244,96.06024592976208,0.0,1,3140.06,290.46197681948416,5,3,1
452e9ed515d43276c090e016124ab3e715a46a3f001a3a0e5a8e6ec222a03926,0.0569554986419589,0.714483159672434,2,161.93333333333334,3,576.0,0.1594905415883334,0,140.0,7.76,0.4533333333333333,52.73333333333333,67.69064005334968,169.38958734818786,22.0,18,485.8,208.40764184220765,3,2,1
41928efaf7c3208709d9f5c342a6b22bd7ab2f76372a967f8702686aaf6326f0,0.0928301493757224,0.7270383069666925,0,259.78000000000003,7,835.08,0.1551446957831321,4,826.43,39.17,0.3114285714285714,45.73428571428572,41.5728268887183,97.50182791636152,65.0,3,1818.46,283.6482489082535,7,2,1
74dac5faa805ca79f2350a3ae7a8dbf4c856e6408005b32b5e55cec8f9f5d695,0.0436834658238476,0.7235573833426965,1,197.467,10,614.7,0.1527131253869204,9,784.3,49.08,0.442,45.557,35.5710235564438,103.5125007429494,123.0,1,2164.84,346.8705494393868,9,4,1
c530686e984c3643492a27fa29b5a47cc946c462d644c0ac2f546bfa61789f5b,0.08315865530547,0.6736018060409111,8,187.4875,12,1167.52,0.1734533733240515,7,1008.32,56.07,0.2991666666666667,56.98333333333334,62.759655303048696,157.00984536712346,400.0,1,2253.51,233.26055605450685,16,4,1
63caca39b3708caa10afb4932ef21a46ef2b76c399653f1796dafe4c192ca2c4,0.0430067336241334,0.770949299482413,2,286.98857142857145,7,474.0,0.0915567208017752,8,355.2,37.63,0.5442857142857143,35.61,30.614192323275137,78.12047262717705,0.0,13,2008.92,274.3375674643116,5,2,1
4663a7ceb47a0dd5eafa6724a247f1dabc3db41397fde72c8892d6c89def81a0,0.1241210445157351,0.5493155264203583,0,256.3333333333333,3,595.0,0.2932526088464656,2,287.68,13.77,0.43,112.35333333333334,46.16923829235012,199.95840215334192,70.0,12,769.0,124.26291530625303,5,2,1
4d9d8e8bb87bbd29bc0126972b429532cf7547f52b9e56f12be031c3d4bf2d67,0.0768138457390431,0.8707544213560562,0,139.8642857142857,7,371.66,0.0247969102009301,1,222.81,15.68,0.2371428571428571,25.42000000000001,45.99956385398606,95.40785622680926,0.0,19,1145.55,68.92397245410494,2,2,1
65be838ae514a31747c4f08a59b6814da29d3126b42fda4802df2e1410211e3f,0.0570284393933278,0.7634327632889031,4,100.94833333333334,12,773.86,0.1234279408592198,3,716.55,33.75,0.2475,45.58083333333334,44.89505481967339,134.17214871637808,174.0,1,1551.14,236.4408313896753,8,4,1
f06acb6fc6d8274567381651e439d5c039d00c5ff198aedf8d8db16a23b7bc18,0.0287213265423352,0.7795259673992556,1,335.35,4,813.5,0.0787960424891901,3,240.17,21.42,0.295,81.17999999999999,29.55826954485068,133.29881199818854,59.0,15,1401.4,203.9398561133245,7,4,1
735afbc69202c74d73090f1302cbac2db929841647acacde0e491224a2610754,0.1249077845489796,0.7154498049750084,0,285.7,2,460.0,0.1747382340466229,1,191.09,9.12,0.3399999999999999,50.18,88.99103490413404,173.68250928537097,24.0,11,571.4,110.14367160041776,3,2,1
1b20e7dc1b9e89a7f391d7093a55c23ff12b162684ad95582000660f356f5298,0.0791023689514294,0.7119186503231083,4,243.69866666666664,15,767.25,0.1381247427970124,14,902.19,76.01,0.338,45.32266666666667,50.62859086155312,132.83498147622103,124.0,1,3662.45,349.2106877592388,27,7,1
fb8e72e64002449818171458ac49e82d3ca28b5224427f2d490b660ed99a7f55,0.0339162872274595,0.7976325928067465,4,256.6781818181818,11,131.32,0.0714839335965514,9,844.91,58.69,0.5772727272727273,45.084545454545456,41.6888081680303,118.61031350600756,18.0,1,2823.49,164.72439726400123,8,3,1
9bf565995bcdea9d9bb6a93ffafbcde898dde6a280696eeeeb0c32fb8cacf3e8,0.1057048966659807,0.729374090661524,3,217.531,10,1017.75,0.1716441040536864,11,572.52,54.5,0.49,59.478,57.38062400005855,150.25066167990167,249.0,2,2835.97,359.5893769435586,12,3,1
e4363746e1384aca565c5d33f0c89382eea770eded7b10238b2651276d714fcb,0.0992770177984008,0.7439234059014421,1,195.495,2,475.0,0.1481230255098751,0,153.32,5.94,0.205,42.545000000000016,58.46953987495507,124.10646760349135,0.0,16,390.99,81.8124776955657,3,2,1
01800ba878f045a494fd1e86efc466abc8f713c7c1afa6dcba2baa6c9ac84704,0.0533803452908448,0.6506366862905385,2,438.1525,16,51.46,0.188289937286474,42,726.97,145.65,0.671875,71.09625,38.19510490999285,144.21821273636397,0.0,1,7014.42,752.7527499577108,15,3,1
61d2f4a38db07f904b5070f1865fcd076dd700adeef2bb8382f46edf9c364767,0.026763388555612,0.7921206086118749,2,176.5075,8,1082.0,0.1063429080440959,4,519.28,29.38,0.305,26.8625,33.994416976708806,80.23629477445186,121.0,6,1556.66,102.8327772004044,8,4,1
6716682491ddceab3e4b0bdc301dec50f716fed3d23de24babd19ab41122ff3d,0.1448668677320377,0.909141237433013,1,179.8,2,534.0,0.008955223880597,0,514.35,11.18,0.535,44.78,46.52686328681465,124.2977167930128,70.0,6,399.6,158.53995140097982,1,1,1
5956600ffb13e2dda960dfe733cc52d05e7e62cd4db7cc0998397c8f2eabb961,0.0419498280057052,0.8506759273052287,0,114.16,2,576.09,0.0504971696707879,2,607.52,19.23,0.26,21.16,24.211882108369,65.25987457779833,0.0,6,721.45,80.21665223113585,2,2,1
31909d6baab9cdbfd6847e7b04c362a4f632444be9c5ef3a5d48a6019e61b657,0.0808961578351786,0.6576229587379139,0,227.25,7,813.7,0.1901182757015296,6,422.03,30.39,0.4428571428571428,53.85,73.50293261074583,152.61613815745275,70.0,10,1698.76,346.7952706057508,12,2,1
c034be8ee497eac21cc690e31e9f7323f8ef568dea2af9c746b5bd2002102ad7,0.0443752788518922,0.8167004597035277,0,255.3333333333333,3,397.88,0.0265347260399486,2,122.33,11.88,0.62,75.7,51.37708903292662,161.93489181912358,0.0,18,766.0,92.14398759885836,3,2,1
a0442816818a51b6cbefbc256634eddfac91b5f1cbba10d369570f06d00db2de,0.0782757453698863,0.8405250677787697,0,86.55666666666667,9,947.62,0.0652401072893283,2,362.78,14.94,0.2211111111111111,25.80444444444445,36.04161332726508,88.43686644573594,223.0,19,779.01,191.4384130972664,7,2,1
1be9e8a3a843d6bd3bf5a05381b438ac028d0ed302593e32457c6f5bcff0bc7b,0.0,0.5050505050505051,1,168.0,1,508.8,0.351010101010101,3,790.06,33.85,0.71,127.93,37.66210140148552,214.61372818952788,0.0,5,1476.54,0.0,2,2,1
545c1b0b147e26ca462093236e90fdee592068dc4a77270917775107eaa46c79,0.0382959031845994,0.6392609052529915,2,71.11285714285714,7,531.76,0.2645986838814838,7,888.99,34.02,0.3128571428571428,59.567142857142855,63.00589142759584,154.831599752317,23.0,1,696.79,517.5348316984553,5,2,1
080e14f72b2496f1888fdf328608abbb64af648f3278fdd29cda89e9c84ed7cc,0.0536336819522659,0.8777777777777778,0,179.0,1,350.0,0.0,1,114.42,6.12,0.25,54.92999999999999,59.65691128318882,168.0999437074344,0.0,13,347.35,0.0,1,1,1
77da23f984b83ec965375046e64f404f988202b2ccbf83e14506b42844546d6d,0.0749430847557436,0.8052995171680668,8,145.1573684210526,19,1004.58,0.0922568188126086,10,1050.2,73.24,0.3263157894736842,49.49947368421053,32.36168144682046,126.25932507596762,279.0,1,3465.37,326.1803528027582,23,2,1
43b2510157e60a5f17067150664da8e638b1030c4ca4412bc4b6b0f3a96397a4,0.0542668626803947,0.7234932235205701,2,440.44888888888886,9,383.9,0.1389997422829322,15,845.22,78.75,0.4488888888888889,45.193333333333335,45.60856956888613,129.63257480172186,0.0,1,4028.69,298.9923438336457,11,4,1
3ca83f93d1375e1d400ed87085ea2323eb595c0c04386fbaf8010f1c35425da7,0.0,0.8015953811656369,0,30.375,4,433.8,0.1130380084761226,0,151.79,2.83,0.1175,73.55,44.345908180044525,143.873200677736,0.0,13,131.5,99.50738006964797,3,2,1
e723d0e4d5b9782592dc7615e88a0d82dbfac428f318addba897065734cc00d8,0.1164763316910522,0.6613584897735242,3,232.64,5,804.51,0.2030899619842667,1,368.38,19.37,0.38,51.1,46.560919308195,118.2803307792778,90.0,6,1163.2,268.6323016422444,7,3,1
b9e70127bc7c433867d8806590336a9dd4334c53669266bd495944fe5471e2b9,0.0294048459186074,0.8727667603778841,2,86.67,3,418.0,0.0152777777777777,1,135.78,9.78,0.7233333333333333,49.32333333333333,46.52497564910692,107.497580952946,68.0,18,492.0,63.89176297016263,2,2,1
17488c3c04108665ce36d4c175ac0338d04b748017301130fd3f38459dd5158e,0.0383469909423703,0.6031268806126239,0,249.15,4,561.0,0.151481392684141,2,254.89,16.98,0.53,34.0125,43.1411216195632,92.07397955155912,43.0,13,1086.6,34.80289900817896,4,2,1
19011775a958eebe7d6b5fc6b2b5d1240673906fd8bc11956310dd63984d3d7d,0.0869883406522608,0.7135647097240516,1,115.664,5,627.0,0.1652519343010013,0,332.49,10.0,0.186,57.25,46.23809586942452,134.81194763415596,127.0,14,578.32,240.9373984113696,6,4,1
c062d44a44a244b6ccbf4fb55b72c32ee9153a22df39c9d58508a4e3aeaa1dfd,0.1597878667813632,0.526994455858611,6,194.98375,8,422.78,0.337374471933587,3,802.42,36.99,0.3175,46.1825,45.55206199412076,121.32934899012248,21.0,1,1559.87,254.3216546012665,7,3,1
bd919e6b5fd52c84dce88538547c6994eaf6efc8d4b532e12cf9df3f280a035b,0.0438442651701157,0.8477366255144033,0,173.0,1,325.0,0.0905349794238683,0,58.87,2.32,0.5,49.110000000000014,52.90752238603364,124.3370016212322,0.0,29,173.0,0.0,1,1,1
44e878f124b7c5e0e4f3665a4e304e19534749ae6cc4c322cab972c282200b1d,0.0750224131083242,0.8006555206091929,4,198.61,15,1637.08,0.0860978372470633,11,758.47,66.58,0.3493333333333333,47.97866666666666,48.85917311705917,132.57678848135674,192.0,3,3228.6,224.22773172436712,13,3,1
bd8b8e8a8326a56e76186a7669e3111a3f7cb483e1e7ab61c786bc106476feb5,0.0067774554721175,0.8759858084573696,3,147.6,4,681.88,0.0300034447194622,1,597.55,17.67,0.2024999999999999,56.795,54.77555231494092,146.5170009649517,153.0,8,590.37,76.00554214472947,5,3,1
3a891865d4035d69725e8d70b87dfebdd9c5edbd03599f48ab413f9428ecf579,0.0,0.8938053097345132,0,153.0,1,325.0,0.0,0,48.01,2.01,0.5,101.95,47.01485130406957,182.8381063658196,0.0,20,153.0,0.0,1,1,1
6513ab487deb4fa10797a271330f8db03e43c52d002da6a4a55d95a7ec23be64,0.0357291009114519,0.7693486599525021,3,108.0975,8,572.8,0.1275680513020574,1,661.58,22.52,0.19,60.8375,49.21230957151296,159.35477809893024,4.0,5,864.78,260.78118229539865,8,3,1
f0ed47021c4ddc0c00fde7c52dcebf6558523e2b07d390517485ed14699f93b1,0.0148137175024072,0.8092513019742118,0,47.686,5,516.5,0.0641195427428701,1,154.01,6.08,0.172,64.376,58.47935272490749,133.66426599255345,70.0,16,304.43,151.38006638475977,4,3,1
f968323789386c2267726607cecc7dc63770555058bcaa37ae2aaf806e649c08,0.1212601870687508,0.6352030300544531,1,265.451,10,851.58,0.2347439633699364,9,770.88,54.75,0.3399999999999999,51.68300000000001,48.86332050143437,118.78237901052076,83.0,1,2665.32,323.0520319118194,11,5,1
85680b234971041f23cd26315adc61d248398698af04d271bc9ba1b7231ff474,0.030235230090101,0.7959348198970841,0,196.5,2,375.0,0.0806861063464836,1,98.62,7.22,0.32,46.68999999999998,62.88901024875173,144.09767515047432,0.0,28,513.0,298.0110592231771,1,1,1
0d3700aafd4945370463953c024814f388482360db5e36c4b52b6946459a983c,0.0487550826684438,0.7818946030214203,9,215.3036363636364,11,818.64,0.0977497477986662,6,777.15,54.76,0.3609090909090909,34.67272727272728,45.67811727752491,107.48976830967943,298.0,1,2700.11,166.49975233281657,10,5,1
85c96192291ac4e4c30a0451c92e47bd178a5ce0e5f7e4f5f8c0741b4042a202,0.0196693328143146,0.6085692694983101,7,137.44714285714286,14,401.0,0.2633209448301267,8,821.03,57.2,0.1957142857142857,50.30357142857143,48.15102135401161,141.748127618903,67.0,1,2634.69,287.4251754133414,14,4,1
0e2259143a2585426f173020432022e5109fa140cd3fd5f6bb8be0f32551de66,0.0762988314570846,0.7423341227422192,5,162.563,10,225.24,0.1329081299839603,7,993.96,53.35,0.382,52.379,42.20955066610655,140.05451973161576,50.0,1,2167.19,322.8303556602769,11,2,1
0cb706953cfe29893590c2bffb52bace851f2605e811ff7c9e6474fea7c679b7,0.0721406565430694,0.7065959561437843,3,140.2941176470588,17,803.72,0.1772762168484873,9,679.08,51.81,0.2352941176470588,48.47058823529412,40.54403908670714,124.3772382322892,29.0,2,2550.36,345.5704011926961,13,4,1
9917947b984d7316b29243537b8e96a9d500c137f1a97c1430e2730bfdec9a14,0.0992441262526397,0.7216073266203784,1,159.26875,8,653.26,0.1423595431079516,5,1138.68,48.34,0.23875,36.30625,59.08663348021453,121.27401057541508,74.0,1,1754.15,114.32198688249426,7,3,1
ee562ffed12e5c0335e6e6e0bc90caa806b0425781035cc4bca3c9a48615d987,0.059232933511032,0.830051521313299,1,77.5,3,800.0,0.0752848793548176,0,517.24,9.58,0.3266666666666666,18.156666666666663,12.383751242689558,47.6310488426517,0.0,2,232.5,80.36325817272156,2,2,1
6593d9584c4ed32953e0293904b1db65ad7c37ebb68ec63ca31841d38d2a4fa5,0.0370660407165291,0.8389659629882933,12,200.9873333333333,15,793.36,0.0373536336431597,6,921.76,63.34,0.3586666666666666,30.82733333333333,21.531843003658903,64.84648093533734,137.0,1,3096.32,230.0131430819308,9,3,1
60ea376a747d2b5624b947d87664348250d181c3c9ab33b9cdf5a15036a40117,0.0628442805789787,0.8032663747135809,1,100.33333333333331,3,350.0,0.1172164290274526,0,193.48,5.44,0.25,82.82,58.853492838995294,177.08618289462902,0.0,25,301.0,113.25001557589952,4,3,1
a17db056b5d37927bbb056dc302da576fb5509b95a9089b5c84f3e44674ea642,0.0558909009613234,0.726312924145204,0,231.0,2,470.0,0.1053934492463825,2,148.2,9.89,0.48,59.465,54.37385780984416,148.5243236980565,70.0,20,541.0,85.29149914948151,1,1,1
f3041e958cab68cd45b1b257e9b9d406a5d0e4437cfeee54056aed132751ae8b,0.1046784992827073,0.6272058603476244,4,266.6383333333334,6,1458.8,0.2316221187888673,3,546.94,30.51,0.3816666666666666,62.196666666666665,59.89742831549928,145.81778630902954,0.0,1,1600.84,227.7123595153245,9,4,1
7ebc3fc2153baa1c1413c0149a0792c5db54e2844b6deb50735d6776ebe5cd4a,0.0594069084626333,0.7092953184285645,4,156.64833333333334,12,917.67,0.1776384472300949,7,737.67,46.29,0.2658333333333333,51.30500000000001,42.04903549355503,120.7952717977052,309.0,1,2152.45,299.8471176092565,14,3,1
50e1998176acec40012937a746635c927b66662e7b3763d9351475e679a1e44e,0.0206919791729063,0.7629588342540731,1,350.1309090909091,11,197.66,0.0993517850720222,18,641.5,79.5,0.3663636363636364,30.82636363636364,29.12399661337897,84.48183170389633,74.0,1,4263.44,394.1384925351788,9,5,1
21a8e05d0dc222b8d0d77fefc960e636516ac9dfcf8aa7bc4ae42aed706083dc,0.0559088902914017,0.75709572055885,8,143.05307692307693,13,105.25,0.1595237976822871,2,973.29,44.29,0.6215384615384616,28.283076923076923,26.25948993251618,73.2227807430557,0.0,1,1912.68,265.44302657712973,10,3,1
0339cbe012f88140231139a13b142b5f7598d37e5221b76a59eded05ff08ed08,0.0276290832328974,0.8642240261404857,0,220.0088888888889,9,493.8,0.0220791543845062,10,939.9,53.47,0.5155555555555555,35.988888888888894,24.764288675926664,79.04911064213547,0.0,2,2114.28,172.30638614964118,6,5,1
8e216b6388c42fdf2af7704f258526168f762c14ae5de84d5822c8937e9dbede,0.1302094205328085,0.5759371402578276,3,102.65857142857143,7,674.0,0.2320485338157477,0,508.47,18.6,0.15,42.28857142857142,51.22869498303341,128.77994057433415,109.0,5,1055.61,118.92127860363767,6,2,1
33c35ff25d594b0877d2109065b191bd3eebdef4fe164b4bb6af4c49113bfb53,0.0647178170122837,0.80700246350456,4,306.2557142857143,7,744.6,0.0991304548007764,6,532.97,40.59,0.4857142857142857,44.49571428571429,33.92413775790504,109.19039355059404,160.0,5,2143.79,184.2726220955741,11,4,1
47e702dda10092bafbfaa3567ec950ce46006f532c86a9acd57332abc5fdadbc,0.0107676239084321,0.623491044068629,4,139.74555555555557,9,246.97,0.2446354966545775,5,630.27,31.81,0.2833333333333333,66.41666666666667,65.69143141314674,191.2638474168392,22.0,1,1272.71,383.6703174740761,12,3,1
c23c39a096d77dadff90cfe5974efbb6f821629335640d1fe3dd79778f4143a1,0.098047912925945,0.7292346780444919,6,121.745,8,257.8,0.1344880197964762,3,724.64,29.18,0.19125,46.16125,67.3638284396005,159.08868506959934,0.0,1,973.99,285.7747327240362,7,2,1
da6a4230cccbd99a2e2f98cbe651466491788e36cb3e569ac310711fa702c1e3,0.0910079594064181,0.8207368925456519,5,162.00733333333335,15,1320.25,0.076752497974738,6,800.55,55.78,0.3613333333333333,56.39266666666666,53.17630576147774,148.21613878129088,363.0,1,2993.6,257.2106566333868,11,4,1
41da8196beb0188e85ef9cb4febd0dc9c501194a22124f64eaa1c35192636615,0.1044862852481559,0.6257450672380656,4,127.46727272727271,11,958.8,0.2637915908030476,3,968.88,38.57,0.3045454545454545,54.96636363636364,57.6565220468133,157.03565724112502,152.0,2,1402.14,366.2546924294041,2,2,1
5bd60fc9a6aa046230c1e5b23104e49c9df9fc9c569e2fb51fff1aac919de2b6,0.0373358580574087,0.8177077111545037,3,96.59666666666664,6,731.2,0.0711268120808637,3,304.48,15.12,0.3133333333333333,50.17,50.4667477809105,141.12727670718525,120.0,10,579.58,190.7732236324444,3,2,1
9da244a0319b7854cef320a416e3f699a744d260d67592e6b211ef8c477afef3,0.0309611541123489,0.6754604558093296,3,115.69454545454546,11,733.16,0.1745828927088631,6,573.54,33.11,0.4054545454545454,91.86,44.72762053958678,204.39164138908487,0.0,5,1444.16,548.3435614440195,8,2,1
4fdf785cf16fd798fb114e9c6e8299f8b4d57a2bf482e46faa48ec6421be4ad2,0.0319631721690025,0.7200318603173791,6,203.4642857142857,7,1192.28,0.1323136442742245,5,803.4,45.2,0.2642857142857143,45.39571428571429,51.75604177843304,119.93074973578514,363.0,2,1978.33,240.00576618018087,9,4,1
ae56f956824259426977546621956b1c4d147602095239f09fd4db44fac37255,0.058598466875641,0.6546694598526,1,339.8699999999999,4,544.0,0.2262710119563633,4,380.82,24.51,0.4325,58.727500000000006,47.19123116834656,128.52637548772748,0.0,8,1359.5,265.38874757305985,10,3,1
9b7d4eb7f46abbda40afc18bbeef46c0bee1e05a0758c17a8716daa1093a3275,0.0424124183560946,0.8154733668994358,0,188.2,4,398.7,0.119604824427082,3,275.29,14.93,0.505,21.555000000000003,30.27246564872809,73.51620204341165,0.0,15,752.8,208.0368216659896,6,2,1
565ac9ce093308917718b340605ea95b21bbe713c5cfbb24faf06d5f9ddf3f10,0.0744430803265147,0.696319393494742,1,58.2,2,700.0,0.1899783390979282,1,99.02,4.15,0.155,54.96000000000004,66.10971329597977,167.3624965217821,0.0,10,116.4,137.5114523407087,1,1,1
5650b818414a430613d064859204c839e768b59796dced71bfd1d3d0fed7a8a3,0.0878617272982698,0.655403641011613,1,139.0725,16,286.52,0.2079253497850637,13,966.51,63.48,0.389375,61.93000000000001,72.0736912196552,187.0812612031555,98.0,1,2249.16,441.00594727551646,11,4,1
504e79508bfeb34d1e3af1e527703b20e9af139a48e88aa2368a663414c3e8ee,0.0164387164650184,0.7120371477580348,0,261.6075,4,975.6,0.1044720142703266,3,226.62,18.11,0.3775,40.39999999999999,58.78850750070384,129.7122460513108,100.0,14,1084.75,158.2500291846415,7,2,1
ef2ffd885b5ca52b1d81277ce6a912a0862bbaa6161c5b78b67a6d99d440ebc5,0.0693695565464189,0.8084712752162884,1,207.79866666666663,15,1580.93,0.0783612603613318,13,894.27,67.36,0.3446666666666667,43.940000000000005,48.476837575819005,126.1469906209886,345.0,2,3116.96,177.59668016663775,14,3,1
d51b71efb0ad3e66e86c0ea75793a4d668866186f29191cf2b582b24e7b60dd2,0.0528447155260813,0.733308648918996,7,242.40642857142856,14,931.11,0.1087351887778941,14,793.8,76.75,0.3392857142857143,52.64785714285714,46.54026358263649,129.52091111221802,0.0,5,3907.15,254.1390769131796,29,4,1
67a186c0397325fafeb32d7a0c08dfa359cd55e441e84d31ba26239691672bbd,0.0425956276213982,0.7234175283612839,10,136.556,15,1468.83,0.1236263163543605,6,795.3,51.19,0.2266666666666666,47.096,34.01002697508412,105.05828186485031,359.0,1,2048.34,367.7438724070131,19,3,1
d929ccc4b5ef1425fda73914ae1b100c22c08fc05cb5242526062feba43cf71d,0.0745676116162443,0.7871607366933606,4,145.75428571428571,14,803.76,0.0849335759839803,5,728.34,44.14,0.2892857142857142,44.230714285714285,48.78691570054473,134.50524538915792,0.0,4,2260.57,283.68023002748055,16,6,1
3a28344f50f81f981b8e6156ebee210d24720dc82fd9383d102f14ca4930d75a,0.0767902213455837,0.6909609537693255,6,161.39384615384617,13,1075.48,0.1852656344522904,5,1049.12,56.99,0.2123076923076923,58.2723076923077,61.32464886151805,157.7062410657839,289.0,2,2642.97,229.65853709224373,17,3,1
fc2d35f2f2cdb89113e8d8c9dc0cc3a462b1d6f0c1e37d362591ed84e13c505c,0.0671826694094263,0.6315399818173668,6,137.98923076923074,13,1121.94,0.2317410357821597,4,775.56,40.16,0.1723076923076923,28.487692307692303,45.18165884131554,88.79188532382332,208.0,5,1793.85,250.64764744715,7,3,1
5aeb17660e162597a9304d48538493de6c5d5f11b1fbae039a3c03486ed0e019,0.1060189030550362,0.5798497862277509,3,226.8492857142857,14,247.4,0.294524261433643,15,788.64,70.37,0.4085714285714285,66.23071428571428,49.44053172110692,148.70610094554084,0.0,1,3232.14,620.6296182702982,14,4,1
6363a8e9241ed95e83a1547db6ce39252d4d73d87283165cc6cb113a4010dace,0.0060964086056903,0.7238214713381818,2,155.4892857142857,14,770.4,0.1262941181442359,13,1026.38,61.96,0.3892857142857143,24.268571428571427,28.317337035527142,66.40859145905354,163.0,1,2196.85,265.01082725811096,11,4,1
699f289c28193be6b658ac6576a38b0766a4971271dd39b25daa2048e0b39943,0.155490992114258,0.5873859083653667,0,520.5944444444444,9,1027.22,0.2515186832679159,22,533.91,87.03,0.3411111111111111,60.79999999999999,68.48324291807552,152.68553927453704,113.0,7,4685.35,351.9157559487928,11,4,1
fca91da71542e1b18fb79252bb79d9c3bd2677b4cfa46606d2f13252e44f915f,0.0849925369959712,0.6918730241447706,7,204.5433333333333,15,1963.85,0.1574005153803209,8,846.57,61.17,0.3326666666666666,35.62,35.245486949291646,92.14113499866993,353.0,1,3068.15,358.5395977277322,11,5,1
e9d1a921856dcee39614c8a33fb71e13c9024f91e370e0376466d0b8b44bedc9,0.0453577795813341,0.8019510229953103,8,149.89916666666667,12,787.59,0.0602400085657163,5,985.68,48.96,0.2383333333333333,40.1525,37.14546238867596,105.02146600068836,115.0,1,1798.77,267.9283479424856,6,4,1
a0708d62aac0637f9ca0000508be9ba2f45208c37d4c5e1cbaa68367c7501680,0.0574063632499071,0.7520246424009279,3,202.464,20,1547.15,0.1313307888033871,17,844.87,86.09,0.3405,37.4005,40.04091626181309,107.00799159107912,269.0,1,4413.8,271.99293791652724,11,3,1
bf39aa0157cd4f6a238f6eda9758a6f27397a56b3093ee5486f939bd383c4435,0.0985230526550683,0.7267495213494934,2,225.51800000000003,5,1220.64,0.0877000281750267,1,780.84,27.18,0.282,41.716,47.62008812217975,112.4402198992968,310.0,2,1132.59,307.16010412172244,7,3,1
bd6edb082284d4e2618212102440675091f1e4de1a8cac7333721425fc719d6e,0.0754388617548664,0.7622760777188894,3,87.73466666666667,15,1152.27,0.1282799762901389,4,576.71,34.99,0.2126666666666666,57.47266666666667,68.12627320773679,171.9277758537918,204.0,8,1974.01,168.29437503073498,4,2,1
b92851aa8cdc7703abcb8ab56f15cd21b9ad05347f59aa0fa1f85a899613ee99,0.1175220628140792,0.7552139160989209,0,361.5833333333333,9,983.84,0.1088066020237521,11,459.26,54.57,0.3411111111111111,61.49777777777778,74.13699758258991,165.12594962127605,108.0,7,3254.16,148.79951293620516,15,4,1
084353a7be8bf65056b9744078dc911fb8eeb28e4509d80348b34391b2217869,0.0215949545315429,0.8511212092635916,6,146.175625,16,279.73,0.0834171076928951,13,1089.86,70.83,0.410625,30.150625,27.41401779292111,78.18528514331044,165.0,1,2775.56,304.6278054995119,11,4,1
1c0340eccd70bfbb6383cb237fe6db784302b31ffed359bbf9869aa50023c864,0.0474276360640502,0.699425114473698,9,99.32142857142856,7,621.39,0.229771034187543,5,923.81,46.13,0.4528571428571428,39.32142857142857,36.85785696147369,96.63697374371176,347.0,1,1720.81,260.68431415193794,10,2,1
671dfd28ecf6f94859669e03bc11332e9869503d74f2d44d9e03c084ba741be7,0.029465184865487,0.832037909066662,0,365.65,5,278.33,0.0483732702088999,12,657.51,50.76,0.3419999999999999,39.354000000000006,36.20639086072124,109.27345194999494,57.0,1,2099.25,249.7384262739733,6,2,1
db7953cef171a73c229f20bd629bcd8caac2e2f1977f6a9122155f59265aa4fb,0.0443734977247913,0.792342816399273,1,169.23600000000002,5,1322.2,0.0968906415274376,3,622.16,22.84,0.3339999999999999,49.70799999999999,27.360174969509977,90.02613185439708,166.0,3,846.2,128.55559846492537,4,3,1
089e9148d593bfb5e3f4b469856f5deec8a6251ea22207b6aee61f26418d79bb,0.0314328916164889,0.694166710967195,0,141.61,4,667.0,0.1724440861140188,3,161.4,11.9,0.25,48.07249999999999,45.41436866226323,117.55039112200508,0.0,18,578.44,350.0418797335464,1,1,1
d1e4c47121a64a944d773d829be26a0efb2717f83957d38c0e1266fe15d57fb6,0.0072124647877165,0.7804899287021292,0,473.41388888888895,18,284.44,0.1109489423838474,35,1066.38,159.85,0.701111111111111,64.51833333333333,42.915855237962425,148.18019847076505,0.0,1,8586.42,272.12946632681974,9,4,1
1972492c320ee1ec10ccb6f680a50692d6af559500954bb771c693014b15ffc7,0.0658720788909336,0.748256650181423,12,177.87650000000002,20,1268.9,0.1411251404256904,7,901.82,68.97,0.3215,54.61900000000001,38.98547762590008,127.36737074850788,336.0,1,3559.55,281.6677196015088,22,7,1
2a6f50f4327a7f5da27feb905e9feb1d3a0325fde57ba89095e82192fe4b0e9a,0.0230707621330725,0.5559491762583232,2,413.395,8,147.94,0.2659635298971651,16,681.33,70.08,0.4912499999999999,94.25875,58.20746285178441,231.0446236090763,0.0,1,3372.16,347.43573105707407,13,3,1
cf7a0c39c81f54d49a5906ada08b8b5f22582020fa8cd6462774e6c9e264e236,0.0814725463527144,0.71716680747423,7,186.42444444444445,9,1063.48,0.161796433231641,6,802.63,48.42,0.3688888888888889,48.83888888888888,45.237929273640766,126.72087927526792,339.0,1,2252.8,371.6680869469013,10,3,1
db281fec0a063982e96d66a58b2d83ac46932d09caf89b8ac9dfa1789dcacff3,0.1384359313931471,0.6537227860111443,8,150.34190476190474,21,1757.3,0.2189291740584436,12,1041.27,74.09,0.2933333333333333,42.56714285714286,51.60655943857271,114.42530234536248,454.0,1,3222.84,344.9765957679476,15,3,1
875cbbca347cca49db7576c016e737109812364167a4ab8e504049647be8b4b2,0.0851595156834642,0.6337012599250983,0,180.1,6,632.47,0.244743114479871,4,624.47,26.25,0.2616666666666666,52.92333333333334,57.66167103899522,145.22577706442416,9.0,3,1080.6,142.40403444856975,18,3,1
469b93f99d57f948f36bba55881fbf2feb1156f88e2003c7433329a64453ee6d,0.0471111953897213,0.8066248368193035,3,148.579,10,1607.3,0.0829653829034357,4,798.89,36.16,0.311,46.453,35.77116726555451,106.36074139177232,431.0,2,1485.79,172.88232891883257,6,4,1
42c1b6efc1c21f44e2f0c19428c06ff1800f3c4d16d4a0bdd80cd6ae759e13e3,0.0586244017346117,0.7011403959038037,4,167.29571428571427,7,681.0,0.1922163238265104,1,320.39,18.76,0.2885714285714286,70.8457142857143,45.14673518374999,168.17204498139526,206.0,8,1171.07,327.78462659477185,8,3,1
069b64f1b6400eeccdae31397b82c8cc64e5f1c212695c423627a1a6411d0811,0.0612315358582857,0.7662217317001987,2,163.5514285714286,14,636.23,0.1540655446346198,12,840.87,61.48,0.475,37.347142857142856,48.07701385572072,114.81473798851202,294.0,1,2763.11,229.1488781008664,21,3,1
368eca10f9edc9dac05bd67e04603800061cbb32bb9407e8813734d11b52c50f,0.1207470873760622,0.6916051545684627,0,315.82857142857137,7,766.94,0.1563869505324013,7,539.35,39.92,0.3857142857142857,48.69857142857143,42.27020937689651,113.55826622417976,126.0,7,2210.82,335.0041623904946,15,3,1
209e69e222ca2160724198eebb1269828f98cc009d5740e4398e01266ebfb4f4,0.148816328774004,0.6856257518680425,1,234.74,10,912.96,0.2375419069138801,9,538.53,43.77,0.4549999999999999,49.891000000000005,65.8978536443605,133.42912436275415,253.0,5,2347.4,295.9628823328096,15,5,1
a8ce9fc108b8a763545cf442c344e04d85546fca754d40af4c946205f976cc07,0.0912225553540583,0.7662393850319976,0,421.555,6,699.72,0.1132776764191018,9,859.56,55.37,0.2799999999999999,50.906666666666666,58.95831107549687,145.33771732047526,97.0,2,2555.33,132.71267837108724,5,2,1
177e54100d8f874fb8035d642a77b17317714ee79591247f96757b09337d2469,0.0,0.7590063104562317,1,260.7808333333333,12,1033.56,0.0621168717386477,8,817.09,59.55,0.6941666666666667,50.57833333333334,37.93491214898843,115.05093742901612,231.0,5,3129.43,209.3203135588742,8,3,1
cacb82c25eab16750cec6c6cfb8596973e9e25cb7d8f071e38a9e0912bd4bc24,0.0391523271917032,0.601289673991984,1,250.395,4,471.2,0.2425748785180969,3,399.21,19.94,0.5575,92.2125,55.71541981030872,194.45920621204573,0.0,10,1026.58,606.9639452895748,5,3,1
ffa875fc079bd76119e28dbfe2376136e7c7f65fa803f07d8d6b59dc66be80e1,0.0921628081950866,0.6182551934449574,3,259.27230769230766,13,494.45,0.242063308371784,14,788.57,69.31,0.3823076923076923,67.30692307692308,47.79340789205321,152.7138371258561,129.0,1,3376.53,465.0260662662042,16,4,1
5bb7e091d93bbe7ae4f8bee78014057e127320869d5b7138b18c1f39d01c376f,0.0838513637051257,0.8845884154186608,0,53.68666666666667,3,350.0,0.0377777777777777,0,104.11,2.65,0.2133333333333333,43.71666666666668,43.3918435805052,129.88077891576327,0.0,16,161.06,283.2083476739195,1,1,1
98be7d1435f3ff8d11ecf329f9b5ccabefe7c3befde7e0d172cea770027b9e1a,0.0612119391170181,0.6652485744832501,1,257.585,2,541.0,0.1916429080541696,1,274.5,11.61,0.26,43.075,64.86824159190743,124.14676772429571,116.0,14,672.17,314.75936509029583,3,3,1
ada209d902d5bb3f87c6fbe06d741455e68c72d5eb8b5dbf949e435938d59cbe,0.0883031288290714,0.5687968028232826,5,230.0392307692308,13,1193.88,0.2328049476528632,11,936.19,66.9,0.3076923076923077,54.318461538461534,53.40191481153202,157.6493542705502,174.0,1,3066.52,420.6408512550275,22,5,1
b6b6c4c64481f710f981b599e204eef2aab60f0f543e31969f1392b4503e599a,0.0973662905151006,0.6724830130558644,3,159.18733333333333,15,2079.82,0.2066234128101753,6,921.32,51.4,0.236,59.13666666666666,63.92129614983212,178.96261346006034,342.0,1,2403.83,207.157715550098,18,3,1
d1901c7d9ca29d3eee24437a6e7092a99e94cc30efda40a0018888a9cd51eccc,0.0519697551769115,0.7032821643612013,1,498.879,10,832.79,0.1530092032111569,23,908.79,101.55,0.4669999999999999,57.373000000000005,45.13326664366001,136.32317699437812,99.0,2,4999.81,251.547508156034,16,2,1
94eb0e602cac9b497de56e106c375f620070ef5082bc36530ae66535cc2f86ca,0.0108220077008051,0.7912175061963722,0,197.512,5,635.4,0.0699787671717496,6,582.12,30.53,0.556,32.64800000000001,39.306734031776855,97.45174318277722,66.0,3,1314.56,212.0519640071756,1,1,1
b31343332228456025cb764cd7d1b50367a2f5e571d56a0ffb738af06e5422d5,0.020701290887101,0.7217239961662344,2,131.9414285714286,14,435.2,0.1717035830213825,10,969.74,54.03,0.3121428571428571,57.88642857142857,56.30607901618113,155.92791663638948,103.0,1,2046.17,327.57383239909245,8,3,1
0814487748b8ed632d78729d5c177c713d72469c33e5b73f78c9fa6e02581ed6,0.050150451354062,0.8266988597047497,0,145.6233333333333,6,520.0,0.0509568239211496,3,304.1,16.55,0.16,66.49166666666666,40.75390081384133,130.12147570380367,95.0,9,873.78,191.39710026693217,3,2,1
969dc8b694458b039d0fc8e5a81e0c55500b1e8e3a8e4fdfc32344525b184117,0.0950166322758839,0.735431451139101,2,158.70000000000002,3,483.8,0.1735963780571935,1,400.57,11.95,0.4433333333333333,70.37,34.366600552939,142.94994905111977,0.0,11,476.1,174.6477214474313,4,4,1
981916f5518944440fd3fcce82f716558feb7ac4766a44d410c2aeff1493b82b,0.0340932888738491,0.73773759455049,5,224.3241176470588,17,283.52,0.1412192334320154,24,835.62,104.38,0.5170588235294117,46.5164705882353,27.542588982287423,105.27874447615812,29.0,1,5316.05,295.564018440781,17,5,1
da4f61bff910b9f9612377c5c874ba8b0a9acc479f03620360823cbf4b3f7c4e,0.0859924686299731,0.7156120923779027,6,165.71071428571426,14,1300.5,0.1376062135766538,7,576.63,48.88,0.38,44.635714285714286,39.35992006503225,116.32311681553212,44.0,1,2663.91,403.96159203845326,20,3,1
c4d0505764441f1639bd240eee9476c890220c0544e2293a3c7996597fe753f7,0.0840930758011247,0.6309198252213396,1,227.72,5,794.7,0.2208339823815466,4,731.06,29.99,0.354,46.998,56.19546890751656,144.20704169027275,104.0,4,1138.6,162.13726984832996,5,3,1
0eef457fa07b17e12ab6b9f88c9c9a94ad7804f2d724b0118123b88fbf8ecc03,0.0320913962966528,0.8724103924142571,0,101.29333333333334,3,325.0,0.0280474649406688,1,99.62,5.54,0.1866666666666666,38.56,38.85325130606626,108.05873821244592,0.0,28,303.9,165.8408816805265,3,3,1
643115beb77fd176f38680249098ad64791a363b5abbd56595999abfb9d87abe,0.0389696933028088,0.8089118265577718,5,121.86,12,775.0,0.0612786637174311,4,839.62,40.11,0.3458333333333334,35.4425,43.07325219957516,104.06296439908276,96.0,3,1679.26,198.66298443674864,10,5,1
98c3dd441c944eee3ae875cadb33358a35a28ddc58152be4f75dea0953310907,0.0512470581691964,0.7850776763959237,4,174.629,10,694.17,0.1097067141695997,5,722.0,41.15,0.406,38.872,38.77827197413604,104.5239815396565,36.0,3,1977.14,242.3956561135709,9,4,1
ed257fae31d11313ddb290d369fb2f34b440159f1073929a42727c0e82014da2,0.0582087236217531,0.6405009904437949,5,239.68272727272725,11,587.8,0.2239899749166676,8,542.44,49.41,0.4190909090909091,41.50818181818182,33.20642937113091,103.12818242633152,51.0,8,2652.19,430.8538680087928,18,2,1
0830be1cf0840372da0ab62cf41e4fceb2381c27de92df45f80a375d5637b2cb,0.072302962916843,0.6207513913960879,11,224.3880952380952,21,830.52,0.207565028023256,15,978.94,99.54,0.3919047619047619,45.77238095238096,44.11904967244554,121.32404012093676,159.0,1,5373.97,383.10612220468965,22,3,1
19e94de5aca6619c3493f68944535635d6c2fb8d06478fb49fbeb3b931fa7378,0.1052768364160034,0.7557619128894664,6,141.79999999999998,6,169.32,0.0926174819384545,4,758.28,32.6,0.2533333333333333,40.28,35.164134483483195,102.63477979357872,81.0,1,1081.3,264.1896377554459,6,3,1
ccb0124563b6a14f17a62337f4b3b96f3118a5a47c2923f29f58653750a58575,0.1157356498995045,0.7689537909681232,2,321.6083333333333,6,791.0,0.0921650954433462,8,546.02,45.13,0.3349999999999999,73.85,60.476130082560566,199.58055037007125,0.0,3,2464.6,254.41697104330933,6,3,1
e844c1a7a5aabcec4b59736152b445aaf0b1c4b77a5437d8ff9b51baae0d7f50,0.1350097131883737,0.5152099189562014,2,156.48222222222222,9,905.13,0.3587958997596717,6,787.14,37.83,0.2411111111111111,83.97444444444444,63.824113727654,207.75186605876425,167.0,1,1432.34,244.82070384606425,11,4,1
6a9968f8a1b9c9016b14990f0f81e38e39b2823a48656d37134acdd68ca37dc2,0.0815758486295942,0.6632873093311054,5,270.433,10,426.4,0.1908264176139906,11,483.44,51.96,0.513,69.09400000000001,54.13256886349516,183.8733948191014,0.0,7,2704.32,473.6943366302106,13,3,1
eb9ebbe117c99ad7c65724a6674bb81739989db56f1abfd4d4f767da0c5218d4,0.0853365971533643,0.747634460189889,4,527.2333333333333,15,316.22,0.1170675462548854,34,855.27,146.02,0.5266666666666667,44.50933333333333,44.32767828889992,123.48166231375738,105.0,1,7980.5,352.4993116150016,22,5,1
8525c794b9edcfc1fb97dd63718bd6426a37a7f987ad29442efa8d0a5d19eb93,0.0337501962222971,0.804173619870123,6,190.86,7,643.96,0.099979518188059,5,546.65,33.22,0.4457142857142857,41.23714285714285,36.89922284920302,104.5130987228023,35.0,4,1522.98,308.2301389945597,6,5,1
7e8064248bc4dddf0b7e6e11167467e6c758d69f13f8f68618f6e3d1567ba2de,0.0769201381001352,0.7782264963559907,7,122.82866666666663,15,1705.7,0.1069897287088505,5,721.97,44.34,0.2346666666666666,58.73866666666666,62.30812709506334,157.60269826211805,232.0,1,1946.41,139.88621793542268,20,5,1
bd6e535c7b46975d2244d35becb58f2998d81b1223d029f23dae0df4dfd599a7,0.0733357957446838,0.7489558485437386,2,192.076,5,204.12,0.1203173907599849,7,877.64,53.25,0.39,41.548,32.49459253704922,93.74756783425237,0.0,1,2497.56,169.84706696031526,6,4,1
76895f8212af79e6a5449380a01303a0b7b88975516d624e789c02d7d2d57abd,0.0625427594980571,0.7246948722771318,2,170.2775,12,1258.2,0.1593127863479747,6,524.01,41.22,0.3491666666666667,65.19666666666667,57.46597369256377,158.6506469963126,105.0,7,2379.35,264.8393652326177,11,4,1
35dae40030b5549442fb014b16728c4e62fbfd32549859b9b748a542b8c3f90f,0.1608967187544208,0.7215232277262095,3,182.20444444444445,9,274.16,0.1335491953058407,8,915.67,46.66,0.2266666666666666,36.17777777777778,38.78028659076061,102.29064224365334,94.0,1,1643.79,301.1929757885631,12,2,1
37c6576f5faa4764132cbdc779be5c09f64e713c69461499ebc7adf8b97c17b9,0.027827248441674,0.7448513586345482,1,128.16,2,540.0,0.1505928522223927,0,126.6,4.57,0.41,67.89500000000001,46.62232201780661,153.30794371702177,84.0,20,280.32,25.03885412548872,2,2,1
9a7bff9e2600c4ddea275dfc4db03973c08df27ee45d640447a685b7bc901f31,0.0399396717778508,0.657159396170816,2,255.08545454545447,11,660.48,0.1656947869296364,19,872.75,73.74,0.3427272727272727,61.3890909090909,50.45425136012571,144.40930844308235,0.0,1,2908.96,393.09912429964174,18,3,1
73f9fc3c6dacc04828840f943a5bf79f672acc6df2ce73fd2fdc707bae352613,0.0336871189077285,0.6956054039689556,3,283.81125,16,427.38,0.1521546233839179,19,969.73,97.77,0.27375,55.691875,41.37162407478544,135.72440117169862,0.0,1,4970.3,327.82585900093613,18,3,1
83299dee00c8badf98b7e0fc5a8431645204fb2bfe984cb5b0467decd3c3a161,0.0463637722093519,0.7729727606600836,5,135.0909090909091,11,672.08,0.0680042555288002,5,753.81,39.45,0.3536363636363636,41.627272727272725,38.40133581309433,108.46564171681216,16.0,2,1677.13,335.2193537113388,11,4,1
e8eee05bc0595f8ab03401f57e74b639f01802ad9311e2ad9c2413338cb851a3,0.0895875281545399,0.6032918387465639,10,275.09785714285715,14,1345.3,0.2273973925108345,14,927.06,81.54,0.3214285714285714,60.83857142857143,51.20558615681087,139.91826640604236,150.0,1,3853.36,423.4342642668712,27,2,1
89d410686ceef58de26e8c2498cf4e412bb8349cb11b23062c39d20ef9126e63,0.0436452513966479,0.8572255777966356,0,170.0,2,450.0,0.0,0,136.69,5.95,0.435,93.865,66.0782550904484,185.2473099826822,0.0,28,408.0,90.31322276244524,3,2,1
db47809a09e3d70d2e09bf1e4dcf7f708dfcd5f8aa02e9c4aa92222f8010156d,0.0852514919011082,0.6701388888888888,0,253.0,1,375.0,0.1371527777777778,0,97.9,3.51,0.25,73.91000000000001,64.21387577804161,150.93465695448236,0.0,17,253.0,0.0,2,2,1
fdb8721def14e08ecf6ddf73ea02de167c802dea9bfa2f07bc99aadf35d75675,0.0397751308658204,0.7475143902940979,2,202.012,5,404.7,0.1466578865428396,3,482.06,21.48,0.352,49.870000000000005,36.95034517969147,113.0930932420343,0.0,8,1010.06,331.2370638372082,5,2,1
ed7bc242eaa7858919a651401f91e03a036a40b20145fcb36df8fe1bd4bf95ea,0.0591676210942591,0.8143619946648564,5,245.8211111111111,9,395.4,0.0473729281575803,13,604.75,55.22,0.3788888888888889,41.04555555555555,41.871417371321215,111.92113038664174,149.0,1,2426.9,313.5354335675469,14,2,1
21c89a4b7ec76623f01c7b2272bcc1a3b60acd4dbb8959bb8bbb181bcbf28f9f,0.0427976812625479,0.7708464011651237,3,286.43857142857144,7,550.08,0.0910014175054009,9,604.31,43.59,0.4342857142857143,60.55857142857143,58.84950515977568,160.9977477452248,135.0,1,2015.1,284.3951211840148,9,3,1
f2aa57a58a86e7d7287aff4783d4f00d4826a777fa9465c7c31bdcd5e6e4c98e,0.1132725846267876,0.7491016010381685,4,181.34875,8,1297.24,0.1233189019351276,3,866.47,37.0,0.4024999999999999,29.82375,35.53780851242433,90.31946698813532,376.0,3,1450.8,172.32369582765077,8,3,1
64515248bb0eb4f88a5a84bc5a9d2bc87a5099e2ccfe01c871832fdf59ebfc82,0.0378667713268528,0.6815330813304505,0,373.96,5,449.5,0.1867734297004825,10,267.0,36.09,0.5359999999999999,67.958,46.65277541149732,128.95185418540296,0.0,20,1880.8,150.6679258947578,9,4,1
c2f5e35deea11b9f52b648c0b4a9fb5b7ee21cf6521cab76b8af9a379328a51c,0.022056756989596,0.5604661541568979,6,166.66,12,302.38,0.2843583776516298,5,908.01,47.3,0.25,52.32333333333333,51.762733012397206,153.60163129393908,93.0,1,2027.09,308.3330720659697,10,4,1
7acef21d022af32139f3f3c0e95bfbd749f6bb72aaeb644eab882531d2f0aa0a,0.0508599539470333,0.722085117562736,6,214.7657142857143,7,744.82,0.1359705611828645,4,761.7,39.67,0.2857142857142857,41.79,44.586428589929874,115.73886552479428,230.0,1,1779.84,267.66461862081405,1,1,1
fac7c4ef194187385e22e4ed515987430fbd9850bdecac72e7c0b7202ba2823b,0.0630780072937666,0.5080151367319167,1,298.9825,12,285.44,0.3480984473958357,19,835.05,80.17,0.5833333333333334,69.28583333333334,41.24416724691373,146.22164654481043,92.0,1,3646.79,539.5514066963352,8,4,1
fd8f9ef22bdf31601a2d3f00ddd53f09a8d31710e1b13ba38cc36cd0368bc8b2,0.0099056846205709,0.8940032050582224,4,192.454375,16,191.86,0.007594093510967,15,865.75,70.66,0.3625,39.45,28.65041493597309,102.53087623328103,27.0,1,3119.24,303.75947911905763,5,3,1
f1ca218d2128caf2ea7c494f5cf83360492ccf198eee3e8206880ca668e51ce6,0.0216113416320885,0.7380862654471444,3,237.95,4,469.41,0.1442518599149871,2,556.57,22.01,0.345,47.3375,29.71819721136213,89.6287228407999,0.0,3,976.54,233.5755304213999,7,5,1
de046b85bc0b653d723cbd169eb0d3ad58b034c5dc37e61b91dbaeae9a4694d7,0.060934807001244,0.6352205925847967,3,264.07272727272726,11,1146.59,0.22781457528237,12,1018.85,70.42,0.3463636363636364,57.221818181818186,52.813932293035165,139.20764268036052,276.0,1,3212.46,356.9853785782611,14,2,1
b23a05419d4a34fff180a2b5c5809ee2fb8a7c7e08b4d349a557fb6149e3d0df,0.2006621852111969,0.628125,0,15.3,1,350.0,0.25,0,40.67,0.56,0.06,72.36,85.93810688806613,182.14911046163667,0.0,12,15.3,0.0,1,1,1
7570948d828bd609e19d2e83251ffc4f2b08ca59ad4ed5b91ffca82b5102d8a2,0.0558157764713412,0.5915074684023744,5,97.535,8,777.62,0.2855586265977855,4,822.21,33.47,0.3375,66.16375,49.13867919136282,173.343836101223,127.0,2,1058.88,338.0372980562807,2,2,1
c20bd583cf8cd2af0dad07babfed172c6d00c66b71abda16b512d866aedfe69f,0.0,0.8818443804034583,0,163.0,1,350.0,0.100864553314121,0,86.58,2.5,1.0,21.680000000000007,34.54373109932897,92.19519345554936,0.0,17,163.0,0.0,1,1,1
915c882277f17937c6fb3f2482882222a561140ede91f0957fafeb92824fffda,0.1026691283504362,0.6669727392458173,8,298.09700000000004,10,873.07,0.1804855774546549,10,749.07,66.39,0.339,38.22,52.87194704462822,110.09532688730526,302.0,1,3483.18,285.397733033844,12,3,1
8318b42b5e9dbd6147f944943c1cb239036dfe93bc19acfea65834404bedf17d,0.0166880548812951,0.8107351207476933,0,143.4,5,449.0,0.0806222086884127,3,313.39,15.12,0.524,58.282,25.05884395424125,97.5735288053082,24.0,9,717.0,223.84411624751493,6,3,1
e7c9c99af30791338ba368568f25236145fa62ea6914e16fa058a82388a5aa34,0.0669948820524946,0.8409298117130859,9,150.05363636363637,11,1214.36,0.0592438910408177,5,906.98,48.53,0.4090909090909091,33.54090909090909,37.00628656544947,102.91129004593935,89.0,1,2002.34,156.50521568321076,10,4,1
00284da8109803bfd5d4dad5e380646b5a2ad92620338500c4690ccb42c8c0bc,0.074186800459074,0.8627165265521218,2,143.11357142857145,14,1873.84,0.0429321951167467,4,1106.51,53.19,0.2692857142857143,36.14857142857143,51.74783372776541,116.65414221087411,596.0,2,2420.0,123.88573170613064,9,3,1
4a81968cc9674fedc70bfd652b7d3a367af6ebddd2383b9a834795b3880f8adb,0.081417810828364,0.7070193920277703,1,96.95615384615384,13,721.59,0.1634556368692563,4,1036.23,41.07,0.3615384615384615,32.559999999999995,37.62413354536527,97.19283703358003,38.0,1,1383.56,285.26504543360204,11,2,1
6457791a64d258c35ba0283c3bf1b6a724a722249f5d8b1585cfbb2b78c67752,0.0,0.8292011019283747,0,189.0,1,325.0,0.0606060606060606,0,156.5,3.46,0.75,169.4,83.29625692728712,284.673353389322,0.0,24,189.0,0.0,1,1,1
c148f83af370d649e25eeeb52f6a9eb2426c4cc4fa4f02aa09d7e56bde682026,0.0982163754057446,0.794989568997718,5,144.30363636363634,11,2676.0,0.0808021066016563,4,601.23,39.9,0.5263636363636364,50.937272727272735,52.90414481276068,154.3582664197302,611.0,2,2254.54,273.6153641793088,7,3,1
7fdb4b61504cb1af78aa775f2f1372290d04360ba75bf01fe0556d6943c249ad,0.0,0.8091882404403717,1,132.6525,4,929.5,0.1061071166132973,0,447.46,11.17,0.2275,72.66,54.2269007401748,172.03511617818472,142.0,8,530.6,42.39291901187737,5,3,0
a6f1735663d2b9d66e5bb54eb1e0cf12eaf650e75985eae03fd0b154d644a267,0.0,0.881619626819303,0,134.0,2,375.0,0.0057803468208092,0,336.27,6.96,0.22,54.89,27.760267863343955,94.35763701869968,0.0,2,268.0,79.28007201402887,2,2,0
b44b4f9e6eb9b3bc369a101637f3b8ae24935625be13de548ceb40fa79e51a38,0.0089019450749988,0.8200367905032925,1,158.9,3,400.0,0.0474264566771514,0,151.71,6.78,0.2233333333333333,66.55666666666666,33.81824217880105,136.71538270793542,0.0,15,476.7,162.42056965085786,4,2,0
9aa1778927f75c496c00794242292be23bfc5494fccc5c8a58bd93b114830fcb,0.0960153624579931,0.7657342657342657,0,44.0,1,325.0,0.0279720279720279,0,61.23,1.05,0.14,51.5,70.83420220770083,135.2891206894363,0.0,15,44.0,0.0,2,2,0
83c6458857983ebfd702bba26e7bb6b4ca72a5fbf757ead17910ff8adbb54df2,0.0586361903798223,0.8635025678812275,6,84.38428571428572,7,520.0,0.0571424897271338,0,448.58,15.29,0.2042857142857143,29.004285714285714,30.91274522180957,85.35390775282909,70.0,8,590.7,134.81768072265206,6,4,0
5adb33cda4fb502f9ea2a7852503e3c25b359482bf3e8f5a677669088112d3e8,0.0103077584106707,0.8751527937013831,0,150.7342857142857,7,1072.49,0.0087273634983041,4,856.51,31.79,0.2242857142857142,45.385714285714286,30.009055750309603,94.21025232407612,26.0,2,1055.12,173.59170680970772,5,3,0
e39536a1e0b42230d25294050eb042dd1cbc1c14dd78e72bb02a2dac6c14c256,0.0496416749221835,0.8753316998958776,1,56.720000000000006,7,465.3,0.0066259515358604,1,932.32,23.6,0.1485714285714285,17.26285714285714,14.035815579039951,43.163291294097256,0.0,3,446.04,145.26745325089004,3,2,0
f01d8b3a2cc83b55c9567f0cda74884c5709bfc7ac1d130f81e288b57e17634d,0.0282198424994036,0.8855403410375684,1,112.24,10,1392.56,0.0305726506269375,6,912.71,40.41,0.273,19.472,26.6707487506558,57.81536495564103,443.0,3,1426.16,106.83584974190848,5,4,0
aa42833405f9a91b215b717960196c5c9306a254807b61ffd043567e0b534bbe,0.1014143365063555,0.8132553028375799,3,127.17666666666666,6,433.61,0.0809889806745789,3,633.65,23.3,0.1983333333333333,57.71,29.21073554439556,109.49216939598394,0.0,4,763.05,118.89925201323676,1,1,0
409f739d2d529f8c1ea855b2d32af6cfbd7b5a8f95225df9acfe5ef6f099160e,0.0,0.8957016434892542,0,51.795,2,375.0,0.0,0,270.0,3.86,0.205,15.315,12.222807428318587,42.94687268745304,0.0,11,103.61,243.6682735051764,2,2,0
183f7ac50f8145ab9823d1d64dc389a6c595f31d05ca5a540c8f3849ce0e4bf9,0.0,0.8381197678887816,1,152.54,2,482.0,0.0544608288882847,0,333.27,7.38,0.25,19.86,14.696593408048347,49.57363481314235,0.0,11,315.08,407.4389386910137,1,1,0
15310952d0b269d289bd25cdc5df2f91cd3e75cea728b67f66505ea93e3c7d10,0.0502008032128512,0.9000087535014005,0,10.87,2,350.0,0.0265625,0,617.02,9.47,0.03,45.535,59.09487531703837,147.05930909788452,0.0,8,21.73,0.0,1,1,0
03e91f3be3f06f35ae21becce3f052a09ac6fdaebe4ade5e649165724bbcfc09,0.0,0.9249051433389543,1,61.14,2,375.0,0.0,0,712.18,13.36,0.135,85.675,29.536409082466204,146.73087773270458,0.0,4,122.28,110.40868223279764,1,1,0
bf86a8a5d9c303584a1cb5147b3854a160f3df4e071baf7f86337abfa8f1381f,0.0470872856462836,0.7895404004307129,0,297.85599999999994,5,882.5,0.0577992565454601,6,1038.3,48.25,0.392,34.908,31.04575028054273,77.21597033300375,239.0,2,1996.06,181.1206919876348,6,3,0
2f505a1e8fb93ddab8b3dea6d5002b46bb8365b042b1ed9f77db17a63df64bd4,0.0151192150103566,0.8399884820730419,1,165.85666666666663,3,419.76,0.0106951871657754,2,335.37,12.24,0.1466666666666666,28.94666666666667,13.977261261566378,56.287988711511126,0.0,12,497.57,200.00950587097591,4,2,0
e2e2c694fcf310781d54a177fdc9708bf99bb9dd77cdf389d8d8b8031d09e2eb,0.006826124945391,0.8030510196926818,2,87.38499999999999,6,479.3,0.0822265071439232,1,521.19,14.6,0.1616666666666666,46.656666666666666,34.0289471319504,96.42149747513588,69.0,4,524.31,351.0340611825072,3,2,0
7202c356cd7e20c7fc0ede33b4dc25823e063b0e62dc26f0e5b8e920e842f38c,0.0241928953698123,0.81079296315534,3,49.50125,8,776.21,0.1224278599560406,1,1038.12,27.09,0.21,41.77375000000001,28.786379363836065,99.75517090463478,153.0,3,431.01,262.86224065234694,4,3,0
b03fc14b21eadb4b0f95526ba190ad696e0b9b05eed41151d9b03fb959320cf3,0.017831148580576,0.8402037983489158,1,166.73,12,1301.8,0.0789771000884614,8,1092.38,64.65,0.2616666666666666,39.95583333333334,44.09045777906035,125.81610704794484,220.0,2,3101.28,157.84597906670726,14,2,0
696460fef935bab8c8bada51cb83bcec04f2ebe75a0873c0efe3256a29c72cd4,0.0211053023809682,0.8361030742210778,8,160.933,10,954.0,0.0158503551886287,5,937.53,44.91,0.231,42.977,47.64239817920296,123.60950370097314,89.0,1,1614.25,120.4803784122881,7,2,0
dad9214f6fa9bcf04ac930e800819b89ac2bb8b8ff696ce7350293f97d6318bb,0.0,0.8807990487738692,0,136.045,6,488.6,0.0262967119482831,3,765.65,25.63,0.3583333333333333,32.73666666666667,35.23168296095027,87.70143155864365,0.0,3,816.23,238.00772813274253,4,4,0
e5b93f4a0c70874fc1a7b59c84b6bef8133d8b7e87d823744dd3615179184844,0.0,0.8493626882966396,0,130.5,1,213.48,0.0231749710312862,1,703.68,14.47,0.31,39.97,32.78575205150925,127.91807706143295,0.0,2,155.0,0.0,3,2,0
9e5b471d02473c789d409192ca1df57fc164c23bc97e914e931442256b0764ad,0.0,0.8361383267710527,0,190.0,2,439.71,0.052760736196319,1,249.51,7.84,0.275,110.49,23.4337307552622,180.38937586245163,0.0,17,380.0,68.6606805050243,5,2,0
66c2bb0534348cc619e9abb5e9964cc7dc92a14718e79bd8800cbc16f989257b,0.0721240533717994,0.7417061611374408,0,178.98,1,375.0,0.1374407582938388,0,274.8,5.19,0.42,74.06,35.72856633333518,133.0121148912551,0.0,11,179.0,0.0,2,2,0
d8f82a5aedfd44c7358484a51a8cabe37a80e52d85c73fefa8a8e64099399015,0.038727593809404,0.9173331232478168,6,150.65307692307692,13,430.88,0.0212855493341893,5,1016.88,51.78,0.5123076923076924,15.191538461538462,16.30384906813103,41.76500463164536,47.0,1,2202.5,264.33100427670786,10,2,0
9f35752e502e12354eadb2b31cd2178c03d2278d2b907ce4fa43cf93b3ba90c0,0.0278623190156834,0.720303448854707,4,172.89666666666668,6,304.84,0.1404086235022396,3,710.56,28.47,0.185,44.248333333333335,23.87167519519359,71.93411560182375,130.0,1,1037.39,314.02583936260777,10,3,0
9eb2e30b1de9144014129e9b475730a98909f464f7ccc1a775fcfe20f0c2cc97,0.0424235427285773,0.8890698140377876,0,230.075,4,490.24,0.0114479236768857,3,362.67,18.84,0.375,26.355000000000008,33.69537103475896,82.29873177629794,0.0,5,1018.3,107.63965416838757,6,2,0
65f68e1d0b1f8e3f45649b5cb21bb1d76541927ac0266287d4f2726671291cb7,0.0504349018086434,0.8852832454364863,4,97.415,10,801.67,0.0250081165974485,2,895.27,36.11,0.224,30.091,38.31120872055343,91.8325083285798,102.0,2,1490.23,176.946658914304,8,4,0
55086c6354242d59efe349b2beddcf9e29ec1ab151e003b528fa9c8bafa77e75,0.0276977925299502,0.8248723272089878,2,203.4125,4,348.37,0.0872646850527975,1,235.1,13.25,0.3125,63.435,29.37101727005911,112.42798793618428,0.0,21,840.0,302.85760059352333,4,3,0
17eb2ea5dce2453d7b5b90114a94e3042e829150188e0ce1e029cc0acbfc706b,0.0367613765691501,0.7848185858659585,2,88.36800000000001,5,350.0,0.1231417704694136,2,671.21,21.6,0.288,42.612,28.69373072181588,106.68977760658596,0.0,3,699.27,185.1142241735597,1,1,0
23340c76d736d5423e587cac6c7a99413c9967ce98111ddeb1868550b918f9b6,0.0108197454441212,0.8968231976829207,2,247.99166666666667,6,423.0,0.0093036179111461,6,697.52,36.25,0.5066666666666667,38.68833333333334,21.0489204188631,81.09528700920295,0.0,4,1497.95,148.69174628332294,8,3,0
30b1b7e57a6a25f52d7d03ddbf7a0d26448e675d4cff4fa214359d24d6806e5b,0.0584612299343001,0.8669364619052494,3,106.26666666666668,6,548.2,0.0301324846325855,1,760.07,25.95,0.2483333333333333,34.303333333333335,33.05491991731781,103.40456055820778,87.0,2,1012.2,216.52205061043003,2,2,0
fb0b3310cf9edddfcf9eca1c321da4a012104192de27d4a88dd0be7f94fcd880,0.0,0.8540489642184558,1,231.0,1,350.0,0.0772128060263653,0,136.19,4.17,0.69,39.86,35.62673569585975,119.7287185588184,0.0,18,231.0,0.0,1,1,0
8a361de3f6a59333d78b325cafd29dc5d2aad62f048ca7fe99543965ff3fe58a,0.0210280211704875,0.8725977787430251,2,84.459,10,929.67,0.0721830114357737,1,880.35,27.28,0.373,34.191,38.293091715432304,103.05599754298184,87.0,5,844.6,123.33928934402222,12,4,0
9de15592aa2d2da688870e9f60037bcacc89da30e348e15b0d157aef3e69a107,0.0182958859614571,0.8229611061191789,3,123.0525,8,679.6,0.0570793091828686,3,1050.69,35.94,0.50375,50.61,31.646167254154008,105.74466721636776,142.0,2,984.42,187.3568630759398,6,4,0
3a404e79fa62ccaf3307287f0d47bb7dabe8b5ded4d3b7fa10d7bcbf842609b6,0.0147767237048201,0.864987108881366,0,122.85333333333334,3,400.0,0.0554250645662264,0,550.61,11.78,0.1999999999999999,44.193333333333335,38.50236541023927,105.70688059961655,0.0,4,368.56,87.02046099600601,2,2,0
da80a55812f1381e0439085043fa6f75ba6731d2dcaadd443df3c2973193b3d3,0.0,0.8487654320987654,0,32.3,1,350.0,0.0617283950617283,0,178.88,2.11,0.08,15.78,30.93595070403049,68.86799528356026,0.0,15,32.3,0.0,1,1,0
eb28719a1fdc72c8384f984e8b3720f22564d44551e2d3d25a64315e89787541,0.0295451564374538,0.7847515047939976,9,184.32142857142856,7,468.27,0.1238677837161327,2,781.08,33.26,0.35,55.434285714285714,46.29249448267441,147.49684929332247,204.0,1,1290.25,218.6035881573699,10,4,0
fb4fe5b52762ad288c5d1dcc231ee72f4ebab4b85e49f6e086b3c2e88b60a193,0.0,0.7987846393841102,0,189.0,3,470.0,0.0346830021415408,1,107.02,8.74,0.2833333333333333,53.35999999999999,47.15082972013632,119.66562112345149,70.0,20,567.0,99.75317994236704,3,2,0
81d51b6749fc96eaa46d20ce3eb445afdaefe7afd012e52a5c46fa2bb0e5dafa,0.0168067226890756,0.8273111432117469,3,73.404,5,1176.0,0.0822993857520711,0,508.82,12.72,0.184,28.664000000000016,42.71540325876068,89.05743117771665,248.0,6,367.02,137.11857538903482,5,4,0
6ee2f065c2716c2925b4663f083585e7f95247044b513359cb91ab70b9266bd6,0.0,0.8685791366121484,3,14.116666666666664,3,490.0,0.0772626931567328,0,576.72,10.2,0.04,27.30333333333333,14.812883838954422,71.94325934701519,70.0,5,45.34,11.817720538490002,2,2,0
cc073526b1e6dbe8456de3c3ce7c5d07b6bcf3480c8b96ac5aa5f78f6e40dd0a,0.196434417906462,0.6483559606140366,2,254.68,4,995.0,0.2044207014764044,2,890.11,30.32,0.285,70.4025,57.43103656535102,154.4508897256777,95.0,2,1023.72,254.5295619787464,4,3,0
5987973ee5839d3c5184f2f3fc673fdb9c7f23ef790e34832363f1a734f5fca7,0.0788475118165917,0.7270379351536096,2,166.22222222222223,9,1076.99,0.148390720490377,5,699.7,35.78,0.2377777777777777,35.18777777777778,43.73550737067134,99.5709479429291,416.0,7,1496.0,220.4246824280603,4,3,0
753b6ce390176ecb22a3be9bacb4d749d97453eb87470158b94c29d5c87f78e9,0.0890144039157111,0.701176251258488,2,101.68,3,662.0,0.1071801900584795,0,161.9,5.99,0.3133333333333333,73.70333333333333,76.93563840290503,205.98275666135785,70.0,17,337.02,79.86556884813729,5,3,0
15867d13a5829d8eb24124145698b0aceb996412f6e241b8f5afafa7815e977e,0.0,0.8015750890692634,0,203.055,4,397.1,0.1049382716049382,4,662.4,24.67,0.3875,46.697500000000005,39.08010530818481,108.14394607280784,0.0,4,828.25,78.7879551478127,5,3,0
64a9770b2071199f0c935dd8d1a49e26b9c3ca3d265f1b0786678e8f0ad1c538,0.0278388364026773,0.79290392595115,5,243.5457142857143,7,538.0,0.0517914324688508,3,875.76,40.27,0.3685714285714286,51.440000000000005,42.68406740310928,132.9944559175359,39.0,1,1704.83,235.0417530724401,7,4,0
67d4698a8d07ced40d4bd62b32b5378f2bb14e08bc2163ec56671cc7405e4b7b,0.0239112211947806,0.8146795666001239,1,100.2025,8,712.09,0.0758688346114795,4,799.06,31.0,0.18125,56.99625,46.32117311014489,131.0843182413504,89.0,3,1119.62,159.35758111142965,5,3,0
1b4d5d4b7333b7189af7282c2c7b363d51c7494f95bd62130d6bb3ca6d473b4f,0.0,0.6760367990654206,0,101.575,2,1164.0,0.2167421144859813,0,310.25,6.48,0.235,130.34,68.33760410591734,256.2675165985981,114.0,6,307.15,47.93333663064031,2,2,0
3b7c4fb9f17e5c70bdb00ef0076066dc59c8a917f15fff82cd224ab6871da550,0.0299118675034665,0.8127773509854375,6,92.51533333333332,15,136.51,0.103179812728211,6,900.4,43.89,0.2566666666666666,27.62333333333333,18.188509531719305,65.0862751501086,0.0,1,1555.33,178.05249317513122,8,4,0
8f3486290c77e6bad7341813fcba3d15ac338414444765a228e4e0a48e3565f6,0.0415527562931814,0.8068174254961641,6,40.54,6,518.0,0.1091014115707654,1,925.21,24.29,0.185,33.64833333333333,39.077352201825306,95.53130641196638,141.0,1,283.23,369.5561374343053,1,1,0
56b85e06c938f958c5245097017ae9559a8d67611567b43f03ddec775ecc71a0,0.0849513439690359,0.7887432324338358,1,236.6375,12,731.38,0.0871579304955563,11,909.42,62.2,0.2741666666666666,35.86083333333333,55.23826955050776,125.57269512639584,13.0,1,2863.3,276.2509381773007,12,3,0
902ad1d5bceaaf9ece8a02394da3363504ea9b40baaced21b5409d2f88851e8d,0.0502563071665496,0.7307648920502616,0,185.5,2,648.0,0.1432300316485444,1,646.19,15.49,0.175,67.29,56.82485569153696,130.6398816113783,0.0,4,401.0,57.65675624499363,1,1,0
b752d85e67a8cc10543042fe88a95a6071f2fdbeae9648ee21bbbc4312be2bd5,0.0170162891769085,0.8620533282033944,1,161.75875,8,416.21,0.0436100990068566,7,806.65,40.41,0.3125,21.897500000000004,30.743797472617164,70.72434833528125,52.0,1,1541.07,268.630564161202,3,2,0
beaa0f1680c1d06eb7e17b7fa94cfdccc031d1968c56b41e48dcb780a8d27d8d,0.042304906041887,0.8568592960104209,3,130.68428571428572,7,838.6,0.028923275465808,3,511.79,22.51,0.2885714285714286,36.83142857142857,29.74450109890861,82.89937076386572,0.0,13,988.79,234.2232013297481,5,3,0
089b1f24d4e7b717e7b5d11d80a495579f9b975b00d800d5487fd04366caa1ed,0.0,0.949914505315828,2,176.89666666666668,3,497.0,0.0202140309155766,1,333.58,11.54,0.7066666666666667,33.763333333333335,7.426611349194984,54.82774954753058,22.0,3,530.69,7.489433188385247,3,2,0
2a49767f916d397ee1ca9056e4bb5b8752614e7ffc749f7954e04674c427b5f5,0.0854116843184145,0.9226519337016574,0,32.3,1,375.0,0.0414364640883977,0,221.1,2.53,0.25,2.640000000000001,0.6059916531522218,4.840619597324897,0.0,13,32.3,0.0,1,1,0
083cbdac6e3b21a352b20cb2983a01a383f1bff59b3a2dd61493738a12c80419,0.0065855754663607,0.8582235507392646,7,79.60352941176471,17,1061.6,0.0649186178425864,2,992.44,38.86,0.2729411764705882,17.86764705882353,14.19915595032667,45.09899494184605,247.0,2,1372.26,179.47854372038697,8,4,0
fdb9a63430e72b41b697f2fd9cf7a9b8b3e60e5fa445a7dca2676dc3ef1a3bb1,0.0058064928202716,0.8289692894591109,3,281.84714285714284,7,438.3,0.0431506665047903,6,342.42,34.09,0.37,28.43428571428572,36.84597300147761,84.994642052727,0.0,11,1972.89,306.9766636194916,4,2,0
b2e45f2571c051098d7e043f7530191e668a59518c46afee548c6241790b68b0,0.0861895412581275,0.6609448139935945,0,190.31,2,450.0,0.1257041964359037,1,80.39,6.11,0.375,49.47500000000001,72.94135143503793,146.34674022484788,0.0,20,380.62,251.17653220890327,1,1,0
89d188edda28906b83bbba4651f22b10972200cef690f45b29119190ff2242ee,0.0,0.8108456597225105,0,88.66444444444444,9,1017.86,0.0528344340218048,2,570.64,19.07,0.2288888888888889,38.98,44.86160739493912,102.68724001909492,203.0,5,797.99,160.61108224767904,5,2,0
7c0b814cb0106fecbdb3a3efb2e9ef03659dc9855023bd6cadc096b898149829,0.0200742748168223,0.7554803418563427,0,80.76,5,845.0,0.1673571953327239,0,405.44,8.8,0.43,25.68200000000001,37.313331160970606,82.69310054529153,0.0,10,403.8,228.37606746524827,2,2,0
5269e709b43228e5b8caef930b5d70cbab0899fa61c990aca2e1b7d54c3201a1,0.039014493884478,0.7168332272476088,1,301.76,2,536.72,0.1586688818804383,2,158.2,11.12,0.265,58.315000000000005,70.49917754593142,154.65100804686358,0.0,25,603.52,256.6606431405777,4,2,0
7a502c2ad1342f5ead4699c34f4ae841cb3a4daf0d44d2649bb5606b10c1ff09,0.0799393336583339,0.7569970512197122,1,208.468,5,938.05,0.1256443347601887,3,845.3,30.38,0.214,28.312000000000005,28.89189045930978,74.07443384195122,103.0,4,1042.34,195.4581666213921,5,3,0
ef9e5e122597401691144feb24a83cfc0fe5db608f6512e5e58924c6a3a9401c,0.012992759161227,0.8567216189859792,0,275.216,10,832.3,0.0305500044468762,10,671.29,54.43,0.362,42.799,26.24448911908103,82.07314761636408,198.0,7,2832.15,116.32319847924302,2,2,0
950f71d4b6d07d8b9278c1de59f97adb09f16f22e6bc1d9d7be8f369c25f4c36,0.0086917597771432,0.8267335158173043,2,216.67,9,820.53,0.0553144891849014,6,651.78,41.12,0.3133333333333333,52.42888888888889,35.74400784531115,106.0363370690622,160.0,8,1950.03,135.54149831514374,8,2,0
975cafd9f188ae5118ef1e08006d6af83ad5eebda4efac249a90950376acd7fd,0.0346501058584335,0.8680493145319469,2,112.94333333333331,6,595.64,0.0418468356293084,1,666.15,19.76,0.245,42.75999999999999,29.60565804117198,106.7393945433739,66.0,4,677.66,98.4371274057971,6,4,0
d677c54ffe58a471f37cfdae6241e16c0594747c9672f1d703bcd3b50a0fba05,0.0389179732980301,0.9535484642180924,0,43.442,5,797.0,0.0148997134670487,2,690.44,17.87,0.486,21.31799999999999,22.76522733156554,69.35922493883041,109.0,4,378.21,69.50529683985336,4,2,0
d9bf5ac52f5d2711841823daa08927df6cf3977352b72d4c03939336b1b88660,0.0,0.7030882734586439,0,201.875,2,375.0,0.2035387239090942,1,244.62,8.0,0.25,30.92,41.88504282994153,101.25928985863744,0.0,6,403.75,130.29471047233807,1,1,0
abbb8be81ec8fe40a13da069ef2030d744908f31256d710105ae03201de3fd43,0.0671465009934996,0.8937982592287584,0,175.712,5,425.0,0.0038696537678207,4,453.96,21.97,0.232,16.164000000000005,11.04121088887904,38.977895541531765,0.0,6,1050.9,152.37029232288816,5,2,0
16aac885df7e4196876d5ed0f491c8fa5a90e603d784104d80037e1d0dd7ff02,0.0497462939011041,0.8897881191950464,0,21.6,2,476.44,0.044891640866873,0,873.48,16.1,0.0849999999999999,11.905,11.669473073223346,30.953738283998348,0.0,2,43.2,598.034762710631,1,1,0
736aa612e9d429db08d0f0f25d558b9cfe82d3fa95697313ec02d898ddde09f9,0.0318187240007241,0.8275224218582584,4,219.33153846153849,13,593.6,0.0491695432967184,9,440.39,49.28,0.4238461538461538,31.685384615384617,37.74216097864243,90.91343607188465,140.0,15,2851.31,301.6075194646091,15,3,0
c395a1b710f131c9f2d9bca3664421b0a4b88c31d155cd2361e354433694d9a4,0.0,0.7819767441860465,0,44.0,1,325.0,0.1627906976744186,0,75.52,1.2,0.13,23.029999999999973,46.14332553439168,86.50575291958637,0.0,20,44.0,0.0,1,1,0
6ace5bfc7c091947b13f685e447762c5cefaaa820a6bff4cc413142704becd97,0.0131752305665349,0.8581414299684595,4,67.14,4,350.0,0.0550681761509225,0,176.31,6.45,0.235,21.485,21.54961650746553,60.78986899264319,0.0,18,268.58,102.41536618916015,7,2,0
e8a2243bef49f9cc0f55e97cd70cd035984a60851eddd2880a4cbdea9a5be50e,0.0234018884508515,0.7967715753435991,3,272.65166666666664,6,423.0,0.0520081470490759,4,668.63,34.4,0.3983333333333332,57.208333333333336,30.468212766652744,112.16998821573712,0.0,3,1635.87,255.97344681569805,7,3,0
7ba1274f11cba95f8e9c96d31678fac87db8257b932d177b75ee0ce75f86b490,0.035081810958411,0.910771443881078,1,96.15833333333336,6,415.75,0.0412143534074265,0,597.24,15.03,0.3699999999999999,16.456666666666663,21.88627940492684,54.70620091679251,0.0,9,576.95,155.12698255374656,5,2,0
59fd2835f26bba9b4848d088667acc2087179fcd87bc6b67f49a50da49272ecf,0.0334941050375134,0.8121405315758109,0,119.6,3,400.0,0.087680169017187,1,528.16,12.12,0.2433333333333333,25.613333333333333,19.48496834277456,65.26152814927292,0.0,5,358.8,118.30973062731618,4,2,0
486dbb83967792694ad63cb8fdc46a8811b5a37b5ee58e4ff343235ce015e38e,0.0651112631274631,0.6922740264487314,5,405.0675,4,453.4,0.170636089530269,4,220.7,26.41,0.3725,39.5075,49.07355715744235,115.36740951861591,0.0,12,1620.28,196.6003390243312,9,2,0
181bf54d04f3699470fe7709e0df68376d741edc625ce37f19da65da94b1f77e,0.0297109848067617,0.7960816113217559,4,165.42111111111112,9,569.8,0.108745596646503,5,722.52,36.73,0.3166666666666666,56.1188888888889,37.3848460510857,116.3815492224242,140.0,5,1533.81,248.5670251356227,8,3,0
b70bb58aba30ea13dd6b02c7b7aeb6382dc88b5fa0a61cc7a5a871a30df4a330,0.0423845532589189,0.8894763942161514,1,108.48285714285714,7,799.0,0.0472494705003392,3,972.28,30.73,0.3457142857142857,29.13571428571429,22.06919628736807,69.10791912431905,6.0,2,759.38,141.78342892337557,5,3,0
779e8cf4b222e51244e87ef3ab5ce3468c2cff80e1268610acec82f1cbea4e5d,0.0,0.9017567274060222,2,110.74875,8,596.42,0.029715046428556,1,796.29,25.1,0.4975,24.385,25.787064723956952,72.23816941457227,93.0,5,885.99,157.09536145565212,5,3,0
2e963171ccb242db5669c541a298b0f01908a5d2928ade4eee9be978935e4031,0.0,0.8452757952349329,2,169.76833333333337,6,733.24,0.0038161761043876,3,737.48,28.48,0.2516666666666666,40.2,41.13753114223682,110.86400598195311,90.0,3,1071.62,212.9763488118988,10,4,0
6f6fbdd0129abaa240f99aca9a4501291f06c24a3fbb1e36b904c81dbd361907,0.0500017000690529,0.8841004307687115,0,205.5666666666667,3,689.0,0.0435091167157986,2,357.65,14.55,0.49,38.633333333333326,48.04346668935119,108.72863416704752,124.0,12,747.1,90.44658778556304,3,2,0
f715d436ef6c96ef79aff04e6ba3de4443b4c28aeacfeb6ccbd0ee4ae63120ec,0.0,0.912121212121212,0,108.0,1,350.0,0.0,0,180.22,2.88,0.19,7.620000000000003,6.550878145525113,22.0548558436642,0.0,13,108.0,0.0,1,1,0
2b0d805819d88c307c48de58a788e7084cbc5ab3d21419f3ca77a28c2a4dfec0,0.0303951367781154,0.8090033087595054,0,52.5,2,371.0,0.0548654244306418,0,99.9,2.29,0.1,74.3,77.45551129897348,204.2213662215557,0.0,5,129.0,71.44593478969179,1,1,0
abdb2c7185316ba0575dd31ea8dd96819f3082e7bd7cdf8a900228cd52f51380,0.0,0.7433747140694961,1,286.5,2,825.0,0.1006811560991874,1,472.95,13.46,0.29,24.59000000000001,35.03436383292119,89.1120242847362,0.0,4,573.0,260.37793836820526,5,2,0
117dcb9dcf70316d5a9958f82b040fcdad7414aa7f533d6de6f740b142ad6b9f,0.0935979034069639,0.8961538085412245,1,54.495000000000005,2,1145.0,0.0229226361031518,0,672.11,17.02,0.325,64.47,50.1788715824977,154.58054152700748,70.0,2,538.84,44.980776263858885,2,2,0
b1a93781dd7bfa3694dfbf8a082fca6aa02e78340ba9a1efdeeb1eee8943ee18,0.0146251858035667,0.71546588826745,3,123.49818181818182,11,1481.58,0.179223579853115,6,861.69,41.7,0.3136363636363636,50.1109090909091,42.12751049857638,119.456119223017,0.0,3,1583.03,350.7304332427209,6,4,0
357cebfca6c13e37a9bdc8623dc99b1cca214debb3aecbeaf7206263c81e96e3,0.0223361365184665,0.9031784792752652,3,64.26222222222222,9,700.2,0.0415712129916106,2,826.89,25.31,0.2622222222222222,38.59444444444444,19.32585019635277,86.06751305949808,140.0,1,630.85,132.6047905560395,8,2,0
366f572c7d091698e599cf094f6efaa013a705f23e9adeab85e6276e6532ea7c,0.0258598351322842,0.8802628340255534,1,119.894,5,509.8,0.0235668789808917,0,420.74,12.98,0.252,49.354,22.013862924864107,90.53627109956209,55.0,7,599.51,184.7926628331778,4,2,0
6e9a046367d97bd1e0bb472cccb7635822fc7e492c6200171fa8b53a54042715,0.008642818250175,0.8625921408695704,0,140.9142857142857,7,568.78,0.0522408000530469,5,650.98,30.62,0.52,20.94285714285714,26.03163559258841,63.01945791130639,95.0,4,1301.4,130.9607727892264,3,3,0
cd148ba628b59e231873fe6bdcbe3b077cd757b520f2e9642f88651653c5ff59,0.0,0.8732490026167752,2,129.8033333333333,3,1361.1,0.0362869198312236,1,658.17,17.37,0.4166666666666667,39.44666666666666,47.80390038194718,125.26182169507568,90.0,1,458.96,164.8202650896148,2,2,0
20f41185c35cf79f623b566aa342b0352f9a23ab6ec38d1de78f348a7d1bb221,0.0181228733098818,0.8020063335350424,3,295.561,10,583.79,0.0800304671501727,11,602.99,56.96,0.281,29.941000000000003,28.58907225931535,83.20507329456795,69.0,2,2955.6,251.3225378369115,9,2,0
b37a448378d22ae6a06631107187aff40f2ae19b83b3613968e349b9ed4a4d26,0.0620106100251504,0.7245631627766711,5,191.02666666666667,6,760.46,0.1671114858144551,4,456.94,27.9,0.3633333333333333,55.47666666666667,54.57493733679775,153.6533780690361,179.0,4,1389.86,216.8413500490884,11,2,0
d1374293d8825e81cbf64627ff83d2f187ea77190332af378e2f493eb21e4a3c,0.0081235484072781,0.7937079154085793,2,259.8728571428572,7,41.52,0.0924676434675309,7,1048.63,51.11,0.4171428571428571,37.89857142857143,30.658536479568983,93.4279955597884,0.0,1,1956.12,149.02228735373916,8,4,0
7494ba75d7b54978d34efa116db20ba646bee498dde0a03f79301acc8a6a1ddb,0.0,0.6713908325003569,0,52.1,2,375.0,0.2200128516350135,0,126.79,2.31,0.24,46.165000000000006,46.07029088668851,124.64567712540392,0.0,21,104.2,324.8574592686267,3,2,0
686c795b0795463b30c3dee5002b7056cdbc518f3d9df6a9ccc9673df0f07425,0.1004116879204739,0.7150537634408602,0,24.0,1,350.0,0.2204301075268817,0,98.82,1.23,0.11,74.31,26.0910316988789,174.9775228785985,0.0,29,24.0,0.0,1,1,0
9252ec27f1d7708ef61f57c2f593618e06f7f71a8e4bf37051f6b875e4f674a0,0.025732037653421,0.7727915048709068,0,112.36,5,535.92,0.0845700579488635,0,253.61,8.46,0.3299999999999999,40.29600000000001,42.847934035781535,113.58440685271606,54.0,8,586.8,84.17506415103553,4,4,0
30567b6421a56fa5de9a622a39c0a66360f7e1346a13b356b187033338728cce,0.0,0.9543568464730292,0,11.9,1,325.0,0.0,0,335.3,4.06,0.11,13.659999999999997,7.5636080570848385,41.53946019587548,0.0,12,30.25,0.0,1,1,0
337adadb731763190ce2f5561dac15b34060d7e5873b4c25a93d0dc2b51a705f,0.0,0.7159533073929961,0,44.0,1,325.0,0.1906614785992217,0,48.59,0.93,0.08,22.35,52.27045599987298,79.86861131091825,0.0,19,44.0,0.0,1,1,0
7e60b1cef041b78110e63804cdb716b52d57ecfcfea059833357bdb07c600c8b,0.0872075382855779,0.8217769966519426,3,157.4022222222222,9,681.29,0.0541165781074755,4,626.12,33.38,0.3688888888888889,25.636666666666667,22.301846725029137,66.95835008194723,44.0,6,1639.62,240.14818546177577,7,3,0
4ccffb2a3e5e2593c1087319e4c912cb8a5e08c8d759a9144df6034136547e12,0.0463832879936588,0.7620535534005866,5,128.29833333333335,6,549.2,0.0980777153687007,2,458.89,18.98,0.2066666666666666,62.315,38.42840898561774,128.21761191477782,65.0,7,794.8,128.97458218736932,12,3,0
53904a26683ee07d2656aad1a14b29aed961a373232b7fd2bac3eba7dd78f209,0.0327406838138456,0.8389947444531595,3,158.51833333333337,6,1201.25,0.0533111245535916,3,978.47,34.19,0.4066666666666667,23.158333333333328,24.60173438932144,61.469915356628654,105.0,2,990.03,170.33906771293476,3,2,0
64a6c5c8b59957d0948e6942ff005b8964a0e30f3caf0baac6a155593b84746c,0.0480538202787121,0.9284133371658524,0,45.5,2,325.0,0.0204081632653061,0,91.1,2.22,0.75,42.175,51.46285502414208,97.0697425834274,0.0,28,131.0,123.7070383941218,1,1,0
bc1ff8e48cd840ea5b4d05228422f38488867ba0a8cc3912c62109e8e35ce442,0.0463623077237501,0.8056818986029065,0,218.74666666666667,6,439.3,0.1028592488403337,4,639.42,28.94,0.3866666666666666,44.97833333333333,27.19571694736895,92.98150354804774,0.0,4,1312.48,213.59567939711087,5,2,0
13bf3fb94aca4cadd5c424e1280db362fa092940d46f3b6b0d88dd6030bd5671,0.1225706546293117,0.6677831140982947,0,116.4,4,476.2,0.201044781748707,1,1155.75,28.88,0.3025,34.947500000000005,51.378362868364704,100.30233355346743,0.0,2,465.6,164.13053890635535,2,2,0
fe281b3df775bf428566b73006e10f21ceb95a4b722e085a01df5d571f184cfe,0.0150066185093226,0.8661029795313685,6,178.82,11,183.8,0.0570607541168722,6,836.58,46.8,0.5918181818181818,22.50181818181818,21.17326126062369,56.50418374764085,98.0,1,2006.02,231.2124366457464,10,4,0
4a02e9fc56e2f8027a972c2c086ebebc249eab9c83576c59cf15ae4bcd02b9af,0.0,0.8213845022646944,2,291.96000000000004,3,493.23,0.060069087297563,4,490.85,21.86,0.24,25.01,30.5817829333392,67.76489612320404,37.0,5,875.89,172.5831105196376,5,2,0
1b852455b813ad018ac2abb7b0fa7a2701a9345cc33d29d281d1a92fa562ec7f,0.0190198712987806,0.7785153921117443,2,109.324,10,636.4,0.072130628483007,2,857.61,31.32,0.288,33.229,33.00107565934115,96.28588876240912,0.0,3,1105.24,170.99892990139082,5,2,0
da354f792ef981aa1094c6f8af731a5269e3633c5a42e2f03eb6788d9f205425,0.0236094059873453,0.8829564308237493,0,32.85,4,650.0,0.0583039006103417,0,265.27,4.07,0.1775,38.5,14.683836052043713,83.68559687408975,0.0,19,131.4,154.01942346093014,1,1,0
b8a92bbf6641c5b9bcbac32744d5b7baa17105ea077e0c387f5a6dbede4496fc,0.0483198747159265,0.954940632647371,0,45.475,4,350.0,0.0053648068669527,0,205.62,3.88,0.4125,44.6775,27.41150368619305,94.87301543872226,0.0,14,181.9,146.7316639455715,2,2,0
86a4a56d095d996a5ee2ef25ed5cbdb2c9413fa662cf324aea69cacd3c0c6c4f,0.0102711585866885,0.8997356547371751,0,178.095,8,360.28,0.002079002079002,7,1008.87,45.23,0.265,39.0325,28.87009649787258,91.41649840297448,151.0,1,1467.76,137.54385930462405,5,2,0
04cd5d21ab09ec185a96322dfce87ef06c819c6d94201a17144830eefd6a0545,0.1001903938574187,0.8299734687753847,0,148.54666666666665,3,350.0,0.0366876310272536,1,127.59,7.56,0.2233333333333333,28.666666666666668,38.70523089806723,98.5430629620822,0.0,5,478.64,112.15437482019271,2,2,0
905bd633bce2451bd35a8525844a85efe50c5d25af9b1913487cba2527aff23b,0.0210837022981235,0.7296948596452937,0,184.8,2,437.0,0.1537987650757218,1,465.91,10.82,0.195,74.9,38.50862945642632,145.8589520654233,48.0,9,369.6,191.2091674138634,1,1,0
fdf85f3f37094456e078fea32641cc63b6369fd0d04f59c1d684824446fce680,0.0234244730771096,0.8472544611894598,6,186.77125,8,519.0,0.0438232145321451,3,799.6,36.51,0.3825,43.478750000000005,33.267704086233245,109.66854039824253,256.0,1,1519.18,307.4678261666938,7,3,0
f1b49dcd34827b761fbdaa0f62aed7459b47753e36030aa374dccab47bffc208,0.0,0.8663375042436079,2,186.96166666666667,6,592.31,0.0132809202536731,4,481.92,24.09,0.2766666666666666,27.816666666666663,25.833900438897388,70.35851531973701,47.0,4,1121.78,133.24478164686025,6,2,0
f29ac04f5f30c5d9c0d10552c5e0dd6c3b5eba69c19b775c04015882871ad9a1,0.1258817819192653,0.6858434621668864,2,150.74666666666667,3,565.64,0.1695725262845722,0,124.31,6.77,0.2833333333333333,66.35666666666667,57.65920116469372,158.09326311158472,116.0,19,452.25,137.6413070793855,3,2,0
5baa6aec3affeccf2917055ca2aa7dc42a206d48ddd22935a2e38bd6dc8fb899,0.0,0.8733994506466655,3,132.7342857142857,7,350.0,0.059063913541695,2,365.15,17.98,0.4385714285714285,24.90714285714285,18.631742960419498,53.29851409871519,0.0,13,929.14,144.10160438882002,8,2,0
aac7b6ba3e639eda6e7e47ff4679bf60e8011642d558059f36f69be9edabbb87,0.1145909100674266,0.6961866938440519,0,86.43333333333334,3,415.6,0.2280022000214703,1,659.81,14.42,0.3333333333333333,60.82333333333333,29.69446636431481,134.15271404516267,0.0,3,259.3,54.77052224278564,2,2,0
dcb018f1becdc9aecafbb833194fafe6955d4e2e80c41736e70e8c501a40a06b,0.0141236953236444,0.846858153124702,1,206.66666666666663,3,625.29,0.0120192307692307,2,450.08,15.1,0.4766666666666666,28.57,28.59229902982554,70.36378645010004,89.0,8,620.0,76.23407174566498,3,2,0
6461f017aa24c49004f06626b3e939a12631d2b17661cb305eb5ed875fd1d332,0.020389406272628,0.733359253693717,5,67.04153846153847,13,994.0,0.1526167148226839,2,924.82,33.4,0.1707692307692307,29.48615384615385,27.528015587777432,80.09185035343188,160.0,1,895.53,153.42322429806134,9,4,0
1da92de886675bb81dcd09d29dcc3af1b3f35384fba8dc80475f3c4bf0a34fbc,0.0424472200311415,0.8548717769682814,1,123.06375,8,1107.76,0.0811878608066475,3,1054.08,37.02,0.4475,32.955,32.32903898922507,92.25525620023691,302.0,2,1133.71,117.52936820050697,7,4,0
ef06a7ecd1ae24eb3f0242a0af6619e8abc84f405858909aa586ba595401a020,0.1503457953292572,0.6253390664871707,0,19.0,2,375.0,0.246599288713858,0,158.39,1.96,0.055,87.495,80.92298729448666,249.6104277205009,0.0,9,38.0,49.47385653095056,1,1,0
0552a1b4d1c47928749a44faab30a815678869adf4f4d60e4ebcf119945672c5,0.0,0.8465253520425934,0,227.3333333333333,3,350.0,0.032242623277106,2,402.27,14.54,0.3266666666666666,56.53333333333333,32.13062902770408,103.25944803034774,0.0,14,682.0,178.01440804051813,1,1,0
797728c930155e0a4aeb5bdb5f62eb6167ae7026ac85c7cb05d99a2d0ae17275,0.0,0.8581172653911613,2,47.14,5,1125.0,0.0548813439310463,0,412.68,8.22,0.156,50.040000000000006,20.44617719112105,107.06492516930498,0.0,4,235.7,54.116007069175424,1,1,0
ebc878b9a7560960b5c76e59ca28d1d945126550387aad03050ada916e3b5283,0.0,0.8600195256625345,3,210.95,5,17.19,0.0299147286821705,5,866.66,35.04,0.4439999999999999,55.57000000000001,37.225974554640814,119.2771339717871,0.0,1,1054.75,168.77189672639437,5,2,0
eb507a0c10aae62b88c3f88b9f79566527d54b247b409837cbfafae295bd6174,0.0,0.7293970610513558,0,150.94,2,350.0,0.1701222955199625,0,140.28,4.42,0.355,43.84,42.12100946974262,128.14665428452471,0.0,18,301.88,135.04627257991507,3,3,0
a3aad028951eb671e90aa0e36d16300368e0597f5a13d0b6283ad8270e8897b2,0.0754277783568099,0.8212311698350856,0,152.785,4,533.64,0.0604059551418869,3,568.17,19.12,0.3025,31.9175,50.07177313311922,110.94874325509308,43.0,6,659.13,88.78856908679658,4,2,0
89ad4ff24d76722b949fd00f21af51e843e6b1592ed5073d6f0f6553bc04478c,0.050315649718529,0.6091592557389425,1,126.195,4,420.4,0.2664493829017655,4,513.13,17.96,0.1475,50.8325,26.24400919131518,112.21076574058924,0.0,6,842.22,148.05314246309877,7,2,0
67b588bc9bd5e8cfd24c0b2dc3e7995b102400ecbfc2d95d7088b84eebc4791b,0.0553158535236199,0.8316179315681831,1,110.88,2,719.2,0.0,1,303.21,9.76,0.23,109.795,49.176193436263205,167.1077135285792,90.0,12,445.76,21.96094433107382,3,2,0
3b624dfebd8dd7cfb32bd7bc4470c2483604fe6f913c8e9c3c0cca7f0acc5bae,0.0794486590757457,0.7824803149606299,1,81.14,2,435.0,0.0669291338582677,0,429.29,7.23,0.235,48.44,31.64809881368864,101.31273383059296,0.0,8,162.28,247.18442871522868,3,3,0
e0c7366e5e647f13fd1052625353f7af1e23a8071054b0d10af962a5df02135e,0.0,0.8339850708696176,2,84.45,6,1260.0,0.0484731981697417,1,815.07,21.77,0.3216666666666667,42.09,44.25967203138129,119.58304658740344,110.0,1,506.7,133.39487562528058,3,3,0
5ac31ac053e54e710fc82a94c94ea3c43b0a5d8d457aa98004d01931ee7f807f,0.0626802055910744,0.7020732101974579,1,48.232,5,506.73,0.1823343325452792,1,766.05,19.56,0.102,58.336,33.69349964240123,129.81149950654114,6.0,3,458.27,190.97284486730388,6,4,0
3bcc2acd76c6f139122a24688048eddd82dac44db7da126aceb2f7f398f77571,0.0,0.7611940298507462,0,115.5,1,350.0,0.1313432835820895,0,82.61,1.98,0.21,27.039999999999992,47.42408167235764,98.86331850507416,0.0,20,115.5,0.0,1,1,0
185c5820be51c81f881ce7c49da15c322ba72ede7b5b0a0b7ca8fb8a5730df09,0.0663517921943781,0.8861509366956041,2,120.52285714285712,7,706.0,0.067995987798589,3,431.48,19.93,0.21,26.851428571428567,14.155239425426704,58.81434678066063,88.0,8,929.53,362.6058259768285,8,2,0
2ca1e145266647b4dfa6500fe93daeb0b90842873f34646e35bc49e5d7ab7c04,0.1813894431344094,0.7742857142857142,0,93.0,1,375.0,0.1085714285714285,0,287.1,4.0,0.25,63.360000000000014,81.64707903132634,205.0675717618913,0.0,11,93.0,0.0,1,1,0
a58e91169ef9bd03088c7468b91d287caf8d1afeac48d2a1a726b38992147f45,0.0332601609791791,0.8692909839028838,0,55.73333333333333,3,426.5,0.0718044632673984,1,463.34,8.76,0.32,29.153333333333336,44.81679445655836,99.92907839051414,70.0,6,167.2,245.8665514570764,2,2,0
ff52b2d4139b32655a0a7c2dfa5151971e3d4d32c1037cee885018feeda794e0,0.0256700521377256,0.7917772904196292,0,232.37857142857143,7,509.0,0.0934841987382797,6,450.85,30.68,0.3,35.98142857142857,48.77598745189198,108.47431404964044,109.0,7,1626.72,117.07363542898328,6,3,0
7d28bde8c73f5ceebe71f49295a405b3a3cfad5653d41029e0c936af9a05e32a,0.0503396321493061,0.8360137598602414,0,146.9611111111111,9,707.89,0.0264669054336507,6,456.16,29.49,0.3777777777777777,40.172222222222224,44.44364354798959,122.51714223289724,139.0,8,1500.66,190.0834660090388,9,4,0
32a456fc10d77639be1d44cd47f262fff16f17b566f2fd8079c6f084488b7823,0.0,0.574585635359116,0,72.2,1,400.0,0.3591160220994475,0,539.42,8.28,0.25,48.97,25.4842058035278,93.4048029277952,0.0,8,96.95,0.0,1,1,0
991a7acc8d7871e81ccaabcfdd42f3e31d62d31b3329e8dc4bf10d55d8438332,0.0031318050504044,0.7862534952165389,0,347.41700000000003,10,456.7,0.1121314427591223,15,650.56,67.68,0.461,50.187,33.76978721695543,104.91138467171422,136.0,10,3509.21,203.2689231240858,11,2,0
51a9bb951c78d05e3807cebbe1fc8527e4ada09f7dc2da0bad51f2b9a9b29a24,0.0438489189511109,0.8652980972975607,1,52.76,3,375.0,0.0431184581015516,1,514.35,12.73,0.1866666666666666,88.23333333333335,43.21131098874477,178.7377126916267,0.0,5,404.44,102.11135878379488,2,2,0
5d071e78f4a8b9c70e3b6c3838ac8788f3630471f9c4f2810ef3b5b9d23c6db7,0.0233392933058991,0.8473507526222377,0,179.052,10,539.3,0.052970428999926,7,403.99,33.15,0.242,96.175,79.27751705010212,214.41990522228463,22.0,7,1790.53,109.03393293578348,17,3,0
f47efe34bef44b24593ad748c49541ef41fa7302bb016cb3c2410890a227eba9,0.0479340427571662,0.9727255744442368,0,16.5,2,350.0,0.0,0,82.78,1.16,1.0,45.805,23.42846096665076,105.03293378720444,0.0,19,33.0,125.37675798902283,1,1,0
369e9b241353ffadf99d669ad38830926cb37f65a379471a1978a9260b029039,0.04171790280947,0.8410441456891947,0,99.56000000000002,7,1025.4,0.0605399174770333,1,837.11,24.9,0.2757142857142857,36.39428571428572,47.536131047457374,110.98236012561894,152.0,1,863.92,204.77553445597485,1,1,0
f1e45f1f5fb202b6a385eb7c5275cc0cca7b0406bc2559d2939d445121e829d5,0.0,0.8055739729500762,6,183.7025,8,425.0,0.0676717402337416,3,833.65,36.87,0.37375,50.9525,41.26474639987954,117.7082113785752,225.0,1,1469.62,265.9444052433547,7,3,0
6ee6224327055f3719545528c0b76902ae0dcb7c5d785a7c2970b3b6dc43ab76,0.0768098052029156,0.9047768426322822,5,100.75875,8,1296.9,0.0036442473189461,3,921.94,36.74,0.2125,29.79,16.283376934454758,69.64686197455589,201.0,5,1286.2,212.0158699253408,5,3,0
ea9f5507900bdb4553e149a412c893906640130993c5d4f4bea9e53aa7c8eb02,0.0573108296453667,0.7338738373659683,2,224.4025,4,384.0,0.1316707796239984,2,319.57,17.01,0.245,25.95,35.99977404284794,82.71133679812247,0.0,12,897.61,154.20602643726494,5,2,0
f86fc63ff23d82f8de2068dc0357392bb71b373272d52726ed7af6eaa5327e6d,0.0,0.836418772389273,0,317.5,2,187.92,0.0373101283118985,4,489.09,18.41,0.195,61.900000000000006,21.51707313285193,82.64196799723736,0.0,7,635.0,366.6116544411884,3,2,0
cdb0a4d55d53bd28cc5767493357f5b52635826106caf7650423f6023f06df68,0.0278495294594048,0.7052932368027334,5,116.41266666666668,15,1076.09,0.1616828227617194,9,979.7,52.44,0.2246666666666666,36.720000000000006,41.49673288365965,102.92475250148168,234.0,1,1762.19,246.85166774295485,14,2,0
0fba0770a8044f6a35637b72fc9efb09b2567a627975afba04a60b841963c1b8,0.0597898448811867,0.618639433072379,3,117.73333333333332,6,1002.6,0.2670532478131431,2,528.13,18.6,0.1483333333333333,46.13333333333333,55.83872653414797,127.06611656736006,180.0,5,706.41,251.35490772949368,11,3,0
e2bb2640c07a99a5bb609a4d13f0ec199dde6646f2fcc5397251366a4b83079a,0.0249557516462944,0.8556349187882352,2,63.37428571428571,7,951.0,0.0157134479828624,3,408.27,18.42,0.2814285714285714,64.68714285714286,40.11365933780649,116.60223026848364,133.0,6,811.62,108.2821812115406,8,3,0
d6059187ffe6b7b66ae857fac88ee2a41e5981ae85069b60ff73a4506352232c,0.0747384155455904,0.8486140724946695,0,115.0,1,350.0,0.0,0,84.5,2.2,0.15,49.41,73.52765649920798,152.73120666800304,0.0,21,135.0,0.0,1,1,0
69065c559de1e97d24e283819fbc8d84d9c0a400599f9d923aa685aee7b408c5,0.0121996230369443,0.7601340979479476,2,112.365,8,718.0,0.0736314102927221,2,586.33,21.48,0.17625,44.595,32.08932205380724,112.5865653571122,143.0,3,898.92,262.59142721433506,3,2,0
94cc8e0d98cda40c3b0762feac306bc9eec98a56591e80a2f5d721affefc4893,0.0485149334677897,0.8386175774393297,2,134.88666666666666,3,524.0,0.0262960414017815,1,182.93,8.38,0.1899999999999999,27.530000000000005,29.729199940445728,78.86238174154644,74.0,16,404.66,395.43428465610623,2,2,0
5e7b7e4c93a1e6a1bbf380f85c0f4d6edc5b5755f7e4717b3830a3cc7352fb63,0.0,0.9363636363636364,0,28.0,1,325.0,0.0,0,58.9,0.87,0.08,82.76,57.99205086200985,194.6351218373973,0.0,31,28.0,0.0,1,1,0
9fdceb04a00f5e8e4cd2f0b7c7df10919c17d22d4b09778b8e5c7f2cace8d292,0.0,0.879959872661839,3,129.71800000000002,10,823.59,0.0158340260493759,5,735.48,34.19,0.18,37.547,23.50798571663568,79.42598195600242,0.0,2,1297.18,225.5289143242005,2,2,0
eab096be421725a70c641569aadfec95dafb9f107684c49df996cddf8e703a02,0.0,0.858582422223265,0,69.12,2,928.91,0.0746445497630331,0,406.11,6.16,0.21,67.42500000000001,11.69748300559097,101.00496961657586,72.0,4,138.24,4.88209326916813,3,2,0
4c01d63c424590b0965caa9919ebb22bc2db2fbb34fc282ad92943d7c0422085,0.0719707375640774,0.8850762040840627,0,138.0,2,450.0,0.0265225933202357,1,254.61,7.45,0.395,16.655000000000005,29.623831436461607,64.16969726168287,0.0,11,334.0,305.5171773463697,2,2,0
8b8b856e18ff9489e4e178947241dac4f9964674c5ad001114266453a042faa9,0.0427485294679265,0.8610779598983079,1,124.08666666666666,6,495.0,0.0390224627406451,3,710.48,24.04,0.3566666666666667,35.41166666666666,17.428604388391776,72.97801640912822,70.0,4,744.52,241.23707433056816,3,2,0
cb8f831cfdda3c5db668b86bfe8a617b46c60571a99b7eb7b03ec44c4e717b2f,0.0811543562435701,0.6660001915265575,0,156.21333333333334,3,852.0,0.1657321397795921,1,554.51,13.88,0.2733333333333333,93.34666666666668,77.00320050258301,215.4599385760847,84.0,5,468.64,225.64730887895533,3,2,0
668375966009e5778759e15c08162c97a5c378787b63d10c1a084a60bf733436,0.0,0.9003323038796948,0,119.29999999999998,2,445.0,0.0,0,473.63,8.12,0.24,53.2,36.10004253398295,124.76484963277504,0.0,4,238.6,77.22919584266789,2,2,0
5a9bab102cf3fe356e099d106cd588ad24352939df7b0139736731f59c958411,0.0268785126322181,0.8405889086836792,7,132.84142857142857,14,472.41,0.046060354179186,10,1006.49,59.36,0.2814285714285714,39.50857142857143,29.339154290535618,90.39193553613224,80.0,1,2086.82,240.5625074063208,11,4,0
e937a2c9fd606d2e9b7e644a4748e3d23aeafe1cd95f8896443cbe240ed13808,0.0799842686246152,0.7446954263499891,0,32.504,5,791.0,0.0776527677765826,0,584.36,10.06,0.1159999999999999,51.324,52.93228292661753,130.27435031834054,56.0,7,162.52,79.51323920125591,3,3,0
b54cb5de0325a60685f8acda21aee49797e5c41ce4048922c6a3fd493ef0a9d6,0.0327284827088263,0.5965203219710701,0,38.09333333333333,6,520.0,0.34912728159912,0,248.49,5.06,0.18,34.52166666666667,41.17851880112004,103.37737698124478,70.0,15,253.42,304.0874727166127,6,3,0
0ccadb9368e4f86a64d9ef2f2742a2d8543e193667ccb08c5d241c518f55c503,0.0770682178183952,0.6580947019082612,1,81.096,5,649.0,0.2389146242110376,2,831.9,22.23,0.148,25.246,27.006738481920145,78.47873540012252,174.0,2,410.48,102.64415507894664,2,2,0
2a65c08d68a35e0ca373d68f236b8c261fceef279d027726a1eebaf79fe1f3d1,0.0296079902096245,0.704858417583415,0,200.075,4,436.71,0.1244651503929489,3,548.43,20.04,0.2225,42.8725,33.59842242794005,102.64350061205796,0.0,3,800.3,157.43525542759988,6,2,0
a69be28683892bfe4209fbe52e931c8f29d7b295d2814f6bfe9b99c682681c67,0.0,0.8975741239892183,0,88.0,1,350.0,0.0215633423180593,0,84.6,1.73,0.18,10.989999999999997,20.01236250680105,35.8293548703523,0.0,30,88.0,0.0,1,1,0
3b8c9d28dc2a544a538556563cec959122c46f995be36af983bc1e991b6e7100,0.0,0.6936619718309859,0,23.76,1,350.0,0.1901408450704225,0,116.51,1.73,0.09,46.870000000000005,29.194202369114628,100.84754688899058,0.0,5,56.0,0.0,1,1,0
5ef578e3de19a542419c34b5e224c2b7dc3e5eb7f9aad8f5e8b9cf32e506decf,0.0050241157556269,0.9455259045553028,15,176.863,20,107.7,0.0104259050313265,9,1009.18,75.83,0.5599999999999999,23.7445,18.44300551050204,58.069675806318266,8.0,1,3577.25,202.32978056431853,12,6,0
1fe03c03e00c3f6d3b9b115d686a5d4d583942b9660250c824fe4fb3dbb0f3b2,0.1071505107507679,0.969106317411402,0,19.175,2,375.0,0.0,0,102.9,1.86,0.645,86.53,41.27382501394857,173.04457197118515,0.0,5,83.4,116.23935874745116,1,1,0
73f4d3b3d95c4a5e48c0147a9ff87438fb0b98400061c63fe3d0cb480f4a9b18,0.0,0.8129032258064516,0,21.6,1,325.0,0.1419354838709677,0,121.39,1.43,0.08,73.00000000000001,39.58742742102717,143.33605929743914,0.0,19,21.6,0.0,1,1,0
d6e906d1cc649b1f6b50bc23e57229db30a0eb97023df133f59b9348930e2fcc,0.0642573444319568,0.8156472837814128,0,304.5,6,762.62,0.0551672677678208,8,674.82,40.97,0.33,48.43000000000001,28.72863213871078,105.79297850203253,94.0,6,1827.0,190.0294755816797,11,3,0
abc8e667993eab55e5caf9d0c0481977592d10f099f6593ca7ef8314e3f5237c,0.0327262615915147,0.7894721436046622,0,144.0490909090909,11,1198.86,0.1066289851882553,5,956.21,42.08,0.2990909090909091,43.29181818181818,39.28930819466967,114.93703926012954,179.0,5,1584.54,189.0294473080613,6,2,0
19b47391506d03783daae0f437e06210020a16c4b368bbf2a2809d97f13ee92c,0.0978090766823162,0.8666666666666667,0,68.0,1,350.0,0.0636363636363636,0,209.99,2.98,0.29,87.11,99.69317412050071,206.49181808919923,0.0,11,88.0,0.0,1,1,0
3c1bda7974faa524c38b8f5ee5affd738cc64b730d8b51ac663c6fca0b407a53,0.0534490873222568,0.7484253211526725,2,155.23,7,998.0,0.0987951390200079,4,1002.28,36.75,0.32,52.57428571428572,55.36277615948466,130.05251896787482,233.0,3,1086.61,254.52727207106813,6,4,0
3b99e3466616ac9fda9ca07e9f7b630c9527d7641af53f6a84ce3126d92a065c,0.0,0.8917904424002974,1,178.37,5,581.35,0.0762260112177099,3,764.95,27.87,0.442,24.834,17.963884350249383,64.6243298231988,0.0,4,891.85,88.96638476834042,4,2,0
5fcc2f6f336be56edec6b4a89d87e9e2fb90973bcfc2a5ae18746c642a4c39bb,0.0905201838433082,0.7508277838434525,0,111.21666666666664,3,500.0,0.1173245312759849,0,423.62,8.36,0.1533333333333333,55.30999999999998,84.83151618483753,177.5832991658258,0.0,9,333.62,89.52596370235165,3,2,0
b6560ebaa6e8e4045138904c96ea57adf213604370119e02a8c938ce7cf96f92,0.0,0.8116608842995213,1,29.0,3,375.0,0.1007092721979206,1,243.18,5.32,0.1433333333333333,39.14666666666667,38.5815482573146,111.28653351324483,0.0,16,87.0,190.0767897656909,1,1,0
00b08f59ab4b403f3eb07f2dae6c80606043f7967bdf2c785140b9bb126cdfe9,0.03766314900865,0.7149495417300598,5,150.44,8,89.93,0.1653423581625355,1,751.4,29.75,0.2825,33.72375,31.79694368741085,89.32588422725884,10.0,1,1313.79,200.13248263987217,5,3,0
4c6d05d2a56567bbc3b2e47e175d5c1bb8fce1e6b23b1bbebbd0e1f4f3464f88,0.0742860165472531,0.617117117117117,0,28.505000000000003,2,350.0,0.2848421108333002,0,161.23,2.18,0.035,68.71499999999999,83.48356828042071,185.66634910167727,0.0,18,57.0,45.020252263165695,4,2,0
b7dd9383f0b7ef134aca913201b3593a28f1062de8c420f34abaf0e7b6ef0330,0.0,0.7730263157894737,0,114.0,1,350.0,0.1019736842105263,0,54.71,1.69,0.33,70.49000000000001,82.09429755844248,219.97220374934264,0.0,26,114.0,0.0,1,1,0
13bfda56d2d72dad203efa5bcb4828972aa7907797ed6d4456a7b55305f26561,0.0102471615362544,0.6784160618724042,0,165.0575,4,600.0,0.23150686822454,2,612.18,18.74,0.2875,62.135000000000005,55.14779902727426,164.05042509862162,0.0,5,660.23,240.03595497392897,8,2,0
878a409bacd986d3161fde00babf3d23d1a350029cd983b1adc7ddc5d3043bc8,0.1267594588402007,0.8199324981754836,0,60.873333333333335,3,400.0,0.0977971716583952,0,339.35,5.65,0.3133333333333333,29.05333333333334,49.532003701266696,120.08236018169254,0.0,10,182.62,141.86179045939892,4,2,0
cc9b44773e1483ce313b596039c6ac653df7b9afd7793dba503ff2ba4d6ee9b3,0.0,0.863671307754732,1,214.8075,4,400.0,0.0424683957895884,3,600.96,22.44,0.2825,32.20499999999999,26.03872734481142,84.96563697922204,0.0,6,859.23,104.09087295432774,2,2,0
53f67c9b1c599b36b960a1a374f271f9b50200cb81d4bf7fe50f009b7952407b,0.0,0.8354430379746836,1,22.0,1,375.0,0.080168776371308,0,135.41,2.07,0.06,9.769999999999996,9.348091989094474,22.16795439618804,0.0,14,22.0,0.0,1,1,0
21ef99f6372afccf4fb05cb6b85db0b239b8c67f2894623aa6294d8dfd3be22a,0.0382467681480915,0.7900625640040962,2,183.0,2,400.0,0.0692604326676906,0,434.41,9.84,0.355,28.49,29.63794812780916,82.1819482244027,0.0,15,366.0,129.1920576774203,3,2,0
5b0c018a07c737a9be25a546145dfefde688a55038d05fc7afb676e02ca0584d,0.0386601334478755,0.8754079634464752,0,274.295,2,387.6,0.0137075718015665,0,267.6,8.28,0.27,78.94,36.12093171031694,120.00344724621326,0.0,17,548.6,81.94440390553218,3,3,0
21ba4fb368be21235c20f295fb6c5c94348fd1265fcd07aa113b51b563d5d615,0.0295612714298663,0.8347011630093116,4,209.8842857142857,7,654.0,0.0468773361514916,4,893.34,39.35,0.3057142857142857,34.70142857142857,30.880386163876345,80.1987810572256,221.0,1,1469.17,175.26545931741308,6,3,0
a3064650c47675d157f72e6476f9c530f2ee2e0bd0cc78f4222b83b14dd6b9b4,0.0543114325876225,0.5005869080678164,1,140.1966666666667,3,375.0,0.2009790138407501,2,140.49,10.47,0.3233333333333333,34.19666666666666,49.65700540095647,110.21614514947994,0.0,24,556.8,142.18222312655283,3,2,0
8543f2752db02173902bdf37837549f057ab1e01bd4d92a2b6cf3711e39e53f7,0.1360742866283535,0.7491441750659227,0,163.9825,8,980.0,0.1427031049504252,4,423.24,24.15,0.3175,54.06750000000001,73.82878098507963,174.90669976171122,134.0,10,1312.84,78.6170300785511,5,4,0
e22182281daef9f92d490cd87e1e7e565c7bc4dec6c78be2efad0cc0cc1f92e3,0.2726529128419525,0.7891156462585034,0,66.0,1,350.0,0.1020408163265306,0,197.49,3.07,0.19,46.07000000000001,69.02599505300039,142.8977008564355,0.0,16,110.0,0.0,1,1,0
098b0e17327bb8981af11892622245a07ea343956c0514de07cf8f671df808a0,0.1003310926055983,0.6737588652482269,0,17.0,1,400.0,0.1985815602836879,0,108.6,1.26,0.03,47.03,63.68407554245954,130.87013457969624,0.0,20,17.0,0.0,1,1,0
1e070b82bad78ac2fbe67f7b6b626a3c4f397495e75e6a6856ae318bda01ab54,0.0159718894745247,0.91264556682253,0,251.846,5,355.86,0.0214443809323158,6,535.99,28.82,0.416,20.62,25.29703818371804,60.11991363820236,0.0,11,1259.22,181.6733083523393,4,2,0
6985841cadea1cf349741da33984e5a0445d383c9a447ec02ff74f3175af2d7c,0.0379193044025279,0.8590541334170197,4,160.255,6,527.4,0.0494157402657543,3,649.59,27.08,0.1883333333333333,23.56,24.04951861031773,64.32362281893596,2.0,5,1001.54,230.0522937739652,14,4,0
99a4400738763278a1682a475e0a8003a1aa813d092e55d7b3a2912d8c0c70cb,0.0483364267290182,0.7347696738607404,0,106.008,5,1447.5,0.1218972979770321,1,793.55,20.47,0.434,48.31999999999999,61.30326941868036,141.6412444878804,321.0,4,530.03,163.51469748169194,3,2,0
82db56d2b535df4469e1d4995a77530adabbadf7ad25b518ad66262d29e51821,0.0103165105434737,0.893277099509947,1,98.7875,4,400.0,0.0193486672553284,2,314.6,10.92,0.42,28.19749999999999,28.399021108916667,84.41827069042739,0.0,12,395.15,143.24720958808464,1,1,0
bb4d2f22bc9851e465fc31f41a5c9242f4d753e99e7264939f4a561edbb9b408,0.0,0.7717028784926407,1,181.75,4,377.7,0.122944457351402,3,592.01,21.4,0.3424999999999999,63.2175,64.61755344494149,149.8091904719907,0.0,6,727.0,174.04317063029782,4,3,0
b80115f5eec50ea83a3184fac5ac3912529c7b862f4adfb39b54a8af5e3bcfe7,0.0208073241781106,0.87835740396716,0,196.53333333333333,3,325.0,0.0364896364896364,1,154.2,8.94,0.3966666666666666,44.63,17.68239455261205,59.4934063337592,0.0,17,589.6,366.0475084537733,6,2,0
49c22c882ce5013dcef23610fdae42c0b799ce70169722c752720e272f1888a4,0.0,0.868601902605382,0,172.13333333333333,3,386.2,0.028624607459158,1,142.14,8.09,0.1633333333333333,43.99666666666666,23.712038352787875,92.3426257702078,0.0,12,516.4,82.65388248435643,2,2,0
30d97f02a69c76550125c900ac58ec3adb6ab2e27912590e24ba08dbce670e87,0.0,0.8402931236188743,0,25.200000000000003,2,400.0,0.0357142857142857,0,147.9,3.34,0.135,100.095,26.76999823823336,174.84057991697185,0.0,14,186.4,139.24660379890932,1,1,0
2ca6ae9aceb13295f6e4cc09e2e4bba7eda4f7169e42282e53458928f1485e4c,0.0,0.9106239923158724,0,157.5,2,1027.08,0.0,1,345.17,8.55,0.495,28.305,21.053716002918463,64.60764864004867,90.0,9,315.0,289.1896979214956,2,2,0
d6964b526001ac8a27adfaf97e95899e28afaa88d6b5c60332e6a75990ed4922,0.1333841629479668,0.867404307421149,1,35.25,3,1008.0,0.0492170022371364,0,240.33,4.42,0.1066666666666666,62.26666666666667,61.19021473571488,137.28528013353068,70.0,14,151.42,136.55531196109135,2,2,0
f02299d6f59fa5b070226a22bb3ba86a6a9fb5750cf13efb4d68509d0616141e,0.0326328932660106,0.8301799018467351,1,179.036,10,1312.7,0.0570669859853437,3,682.65,35.49,0.313,30.78100000000001,33.57680737457604,89.45975073111511,0.0,3,1909.4,257.96356382030234,14,4,0
7debe568c4cd162ddba882f41793021a88eb3c52beb080be5f6c00cc5172819b,0.0396315458918872,0.8336755523494658,2,159.1614285714286,14,979.08,0.0610224555810708,12,988.53,63.92,0.2878571428571428,53.55142857142857,50.31964266671788,148.86357768390536,655.0,1,2688.2,130.7224209143304,11,4,0
012ed468908fb94bc9d34206275826647718a1d73602ae55a611d1eee4acc343,0.0343621699474445,0.8747216296506636,1,41.91799999999999,5,390.6,0.0229853193485408,1,587.03,12.6,0.088,28.226,19.858160646338145,66.26231876607545,0.0,8,209.54,239.39921238688265,4,2,0
7dfc5b332a2fc3a096d1d9f10c3c189d20fca4793a3d3f3259134728e6121213,0.0480042033249989,0.7043834431739783,2,82.94111111111111,9,586.0,0.1990906628778369,2,416.68,17.67,0.1855555555555555,49.16555555555556,51.00008608967398,116.33279420148486,102.0,16,874.47,151.5144837468784,11,2,0
523708d1a93f8cced5b87eb097f6c06916f7e551ad10fbd262ae3c6846a8ad64,0.0989146867284305,0.8340909717056506,0,47.81,2,400.0,0.0841116345703501,0,188.61,3.16,0.12,37.705000000000005,49.43721294472187,111.98718634087273,0.0,20,127.72,126.30118048133876,1,1,0
3ff5d4c851240e50440e321a7eaccc184c745347269a1785e92cb1afb59fde62,0.0795621722381275,0.7192961591403912,1,269.3722222222222,9,913.6,0.1185193068113064,10,722.79,55.17,0.3477777777777777,59.43111111111111,51.38031055188133,147.08077584362866,175.0,3,2877.15,233.1400388387877,9,3,0
6380ddefd5b7ff9b32e1bfacf23cb59c9f6ef3874255f47f2d6890c54ebb71a4,0.0567719981883608,0.7044006345806174,1,59.8,4,515.0,0.1953375676388916,2,435.95,12.98,0.165,65.91,31.8826562860888,146.66492028728547,49.0,8,428.2,506.2623312069773,2,2,0
ab2b27c988eb91dd702b976577f399325872216e03e57b25864863a5447bff4e,0.0447006051109216,0.8207933810200893,1,245.41666666666663,3,592.44,0.0752816113028764,3,546.03,19.84,0.2966666666666667,27.413333333333338,30.005197348770725,84.42076233040659,89.0,5,736.25,174.4506399539767,3,3,0
20c4449210587d3563ad7844a41482996278bf2db0d17c746c12f3b121d58254,0.0407008500073225,0.8700538728446894,4,163.87625000000003,8,1002.9,0.0227029093182881,4,672.72,34.95,0.24625,54.995000000000005,53.157889863046265,146.13466334640177,307.0,3,1630.04,85.17673351815448,5,2,0
96f2c02e818b576fc5a04333765627f7b65dc1c2a67e5839a63a58cb58b349d4,0.0055851568870569,0.8630803505446243,2,125.51142857142855,7,863.0,0.0235001615339177,7,596.43,30.57,0.2714285714285714,17.21,24.57226045636156,59.4169204269639,207.0,2,1032.66,169.80479554023165,6,3,0
4925b9c182c97633c0537883cddfb0fcc0c874fcc447c29e7632b4b1a430e5a9,0.0884141987005364,0.7543258555524797,4,157.02333333333334,9,365.0,0.1359110658709666,6,805.26,39.13,0.3344444444444444,33.11000000000001,35.03263195267601,99.04012837205696,252.0,1,1417.17,320.0714371416153,5,2,0
49384edf72cecbc7ed835be4081da5937907b511165a868208e80629e6880d6f,0.0,0.8326657665239049,6,93.62666666666668,9,1014.29,0.0791673437075596,2,702.28,26.86,0.1988888888888889,58.95,41.76585459620381,144.52211966422394,154.0,3,897.65,189.38873326263183,5,2,0
7c236284702ae720fd86b9f105d0734704899e15c569021b166370ab1d544aa0,0.0076797837372899,0.8545964076008823,2,151.125,4,552.49,0.0353003161222339,2,516.16,18.12,0.7575000000000001,27.274999999999988,32.966329267756166,78.09222545000449,83.0,7,738.5,115.7508227403819,3,3,0
10ded1f97edc2d93c68f8e248f02a695cf024f0a8322bbb06af2acbae92f563e,0.0,0.8110679970436068,0,183.325,2,400.0,0.0674889135254988,2,380.3,11.07,0.2249999999999999,22.475,32.36665066799745,74.99337776935415,0.0,11,366.65,101.6815403773354,4,2,0
6afd0d2a4e938db6a2d80a0109f5d0dceeece555ca3614b01c816b3075f037c4,0.0372426213862774,0.8940359874212395,1,78.85555555555555,9,777.98,0.0273357292803245,2,1076.87,31.35,0.1077777777777777,23.54888888888889,17.726506622657983,59.82946440482068,59.0,3,709.7,105.26113456849431,5,3,0
e0a69dbf78bf4e888c30f2eb5ad82b5cdedcaa8e1d394c6aa0f11ad982482a1f,0.0,0.9623264820517424,0,65.792,5,481.5,0.0069414316702819,1,784.02,18.22,0.422,19.026,9.245268396049363,38.10865046158048,0.0,3,328.96,19.755602755316943,4,2,0
b4b8eec738d33aae9be5e1eb4e316cb6e60021a3d9fff79f01dc25c19bb4db87,0.0300923836177063,0.7341808400549793,0,73.66666666666667,3,350.0,0.1701774371720519,1,294.98,6.9,0.2466666666666666,89.52666666666669,34.1375083193218,193.28682430139315,0.0,12,220.99,162.60279343654213,2,2,0
14f9af019ddef7de8494aded500052a44cb3345d40a153d13f2239e1f3f04c9b,0.0274597028860147,0.7517811657525333,1,146.01666666666668,3,400.0,0.1179209661925567,3,347.91,13.32,0.2666666666666666,33.02666666666666,20.952197101623792,67.70106591921412,0.0,10,438.06,313.23882021070574,4,3,0
932a3bada2af4dcc96acff8cce48d43d833214f5ab4afe12cf602e8d5eb573a8,0.0231979382915772,0.7488437313082249,0,238.1533333333333,6,748.74,0.1018520883102064,9,817.24,45.69,0.3816666666666666,48.94499999999999,40.52624686222362,130.65286008333166,29.0,4,1792.71,167.82131220973253,4,3,0
a0a6f1cea08b788c6d9f5606df6b577f6e3c0b898d8317f311fd71a3567ee74d,0.0304775837371612,0.6517224448071474,0,192.7333333333333,3,379.28,0.1803661495920636,3,206.63,12.35,0.5466666666666666,43.78,44.14461666983447,111.3039639101903,0.0,16,578.2,236.50743829315,2,2,0
cdc2588ef38682ac9d5edec3358561bb3a157160fd56a10af019b2788ef67b4a,0.0,0.678135952115243,1,189.25,4,626.7,0.1875222698208367,2,833.97,26.28,0.285,91.52,72.16397644732427,215.0863157843068,114.0,3,810.0,90.32921288909756,7,2,0
51e125363783b6b70bf7bd25e1b2d03da3e8bfadcc45c7e186021d75f3f3840a,0.0,0.8688460811350285,2,129.48166666666663,6,217.0,0.0303814322055856,4,940.74,32.12,0.2633333333333333,40.51,32.21070840127447,89.76553938059051,134.0,1,776.88,186.05585358569388,5,2,0
9213ff1af3c2324bd7d7cfb69678e9e1318cb4c7dd42e1cb40a10116a601b157,0.0459939288013981,0.7562224172710053,0,54.4,4,325.0,0.1462703184146069,0,154.4,3.72,0.185,28.637500000000003,44.22665382442628,86.03616517206791,0.0,22,217.6,157.89318430948512,2,2,0
849206b609dee21cdbca8da90295810d66f8c28bb163e461cf9eafeee212cd59,0.0637433736924372,0.7489669722100974,0,100.095,2,490.0,0.0926742325040011,0,147.38,3.48,0.215,60.155,35.857915026259064,104.42843309456131,90.0,8,200.2,262.41630360463364,1,1,0
c12687e928eb0c83e43b5ac90d6a3e6e4e93a43ba9aefd6ff1dd196cf8b718f9,0.0714893677319034,0.7200570567534547,4,105.96666666666664,6,632.5,0.1727585824342604,1,867.25,25.37,0.4333333333333333,42.681666666666665,41.36830620979178,113.5270591725456,146.0,2,635.77,202.5636286743729,7,5,0
e8bf5f56c866fae56c5f7354ae2cfaf2f1dbf9694ee04211ce857afe50271d4e,0.040794718111088,0.8105411670152461,6,163.3825,12,835.4,0.0865953426893663,4,659.65,39.43,0.3416666666666667,39.98333333333333,42.51090469561871,104.80740669387036,165.0,7,1960.58,224.15583048904367,15,3,0
f6c49b44091ec9153bc398689702a49b623bb440a298f8c4e758f946554e708d,0.0048971356653493,0.8973022380913525,3,92.42222222222222,9,167.0,0.0283440053875891,3,771.05,27.42,0.4322222222222222,17.432222222222222,18.85133556898881,51.81686099639064,67.0,1,831.8,224.71506061704048,9,2,0
7cd17d19e7a8b8b3bacdea91f18fc8c98248b1af6f1bef9fffc869e150b3e086,0.0242083857848358,0.7829727957764109,2,238.4575,4,400.0,0.0720450313762257,3,450.32,20.44,0.2575,40.9675,40.00963663207687,118.17245780481797,0.0,6,953.83,81.103201123979,3,2,0
88a5b169117c41c9004bd4549a77d3478ad26034d6e577710e469ab4f8e4ea09,0.0082782827530257,0.7395034502124606,4,142.33333333333334,3,395.07,0.1382604976401135,3,461.14,18.65,0.4166666666666667,56.366666666666674,48.17617670771465,146.2988199348798,0.0,13,659.0,330.4394988085217,5,3,0
5bca7c40f66dde59f180eb41ab01230cbdb09917efcfe7b1ca73e863cb4b19c3,0.0452406804198335,0.9085655876642388,1,88.5,2,589.0,0.0209003215434083,0,159.68,3.87,0.3,29.4,54.55461491297452,109.69648034293806,90.0,14,177.0,77.9126562370284,1,1,0
d5ff904ce73019e586b5467e6e0a46c7f08d30ff0a47352dad0bc1024e0dd0e9,0.0277762346536303,0.8549522149120017,1,436.0,2,440.3,0.0,2,801.97,26.1,0.29,40.21,37.53769295729999,83.93505051756634,6.0,2,872.0,82.14803155797003,2,2,0
ece3084356af72bcc5138b5e12be6fc31f50564ad6286bba4955bcdcdc0b1044,0.0343493196654988,0.7200065350096643,5,264.21888888888884,9,213.2,0.1469729177955573,9,1016.55,58.73,0.3388888888888888,32.967777777777776,41.13545531344321,97.98203622126545,104.0,1,2398.97,300.28504806827243,9,5,0
e0e6f2a7c4600501ddd4cb94d30e83dc8a817d85433190688449a75d75d631af,0.0618779888158352,0.7566106552194589,2,92.715,6,1071.93,0.1220970928375855,1,526.36,15.05,0.1866666666666666,46.620000000000005,34.11079531741445,101.49488430687092,217.0,4,556.32,150.9477593736002,6,3,0
91ec9183eb362ebb9c7bcaf25d695b699f88fd756f7a50d9df63a8ae9b87a19f,0.0,0.8559941948180665,0,194.92,12,841.7,0.0319990203269134,8,1004.87,54.34,0.33,22.70833333333333,29.70296363647812,64.25430911847288,170.0,2,2339.04,249.9345583195648,7,2,0
91da6f2d1cfc3ee72bf44bfdd91234cf7be7561a05a785d506f11da8882ab496,0.0382066517526702,0.8321955419701741,1,182.62125,8,759.71,0.0538497261742047,5,583.13,31.52,0.41375,65.695,45.39986696104357,148.5105250348663,180.0,7,1460.98,170.9745587580886,7,3,0
fec63fcd0c91132e728324a4ae5ceedc561b24957ef50c635c2e0bc346a3fa91,0.0157559715132035,0.7513962373655644,1,178.1,6,1074.0,0.1377353801939257,2,691.48,25.8,0.2749999999999999,36.245,45.02506032181611,117.91233316162383,286.0,5,1068.6,229.03615690872456,7,2,0
ef311ea2307ef200939d9e720213ffce9b727c87672f7317fb9d79a10fc8edd3,0.0623375291941163,0.826103999342841,8,85.25823529411765,17,378.68,0.0820599807468304,6,959.52,50.59,0.1811764705882353,30.170588235294115,26.583355239700825,80.99022401798655,155.0,1,1926.99,138.64472719550986,9,3,0
2de0e1cbbe037b1cb17f98c27f6adb2de2f0746c68746791d454a87d0621e970,0.0505941284400272,0.8137909398783807,1,131.975,8,665.02,0.0796134228018862,4,539.42,24.57,0.16375,41.353750000000005,53.63097920062911,139.3279105576032,70.0,8,1075.8,218.39034191225343,12,3,0
0ea580f011d388150011794e2631d81f6fed2faf928ce52caf122aed5217bf2b,0.0811300949582569,0.7551425017215718,0,136.0,2,375.0,0.1284348135148943,0,111.13,3.83,0.175,54.395,65.30532806029396,155.9114057377799,0.0,12,272.0,32.84523669054368,4,2,0
98dbf0e25e67025fdfff93807e315810fad8d822922aae168c411a4c175fab7b,0.0,0.646481178396072,1,119.79,1,380.94,0.2307692307692307,1,129.49,4.49,0.79,35.780000000000015,54.913350074124416,95.08340352649272,0.0,16,119.8,0.0,4,2,0
e087079995f4c9ee142a74b199b1d42f570f17400822830aec6a6917d766d8c0,0.0470781714922152,0.709006079022711,1,223.808,5,1150.0,0.1935604049455047,3,682.82,29.69,0.348,84.66,67.09595412874577,204.41201023230883,0.0,2,1379.08,112.1859769055486,7,4,0
a8661abac9facd35d0e9446934b719e6f9fb033a83bd580de77cf7d8d1f250c8,0.0182615047479912,0.9364796901500766,0,54.2,5,406.72,0.0,0,234.8,5.26,0.168,15.85,30.93956840578709,61.52379496659677,0.0,2,291.0,99.87306775759444,2,2,0
d0d2fa53f43a35347317e3a9bbc8e783350b4271d34e1e2865ad2f9020995989,0.0341483403906568,0.8664003508281477,1,78.61,4,456.0,0.0554335362582178,0,629.82,13.22,0.2724999999999999,25.2125,30.2175140200326,90.9328331702159,0.0,11,314.44,256.52397505177345,3,3,0
971b14884b8f6412739cb527f4564beb0ca7cba14ef6ef21c38f231988b702b0,0.0736692964191249,0.7598532231119459,4,164.57333333333332,9,891.44,0.1305361948427204,3,484.31,27.75,0.3344444444444444,42.98555555555556,71.73980591101397,136.55436273648257,207.0,15,1481.16,191.79739142839648,5,4,0
040f837473947d25fd194c3664b93825c0b6665c63ef94b149287d4e510a8cda,0.0827886011244346,0.771799488991142,4,209.5764705882353,17,464.3,0.0966764468638892,12,741.27,68.99,0.2876470588235293,30.06941176470588,37.34196229851261,92.09604468497704,151.0,1,3562.8,278.4311675959397,10,3,0
a7fdb775ddbd10bd749b129f7641b9badb30370eff11c6f522e89f8143e7c2be,0.0,0.7914634146341464,0,315.55,1,375.0,0.0292682926829268,2,113.01,7.29,0.4,44.95,33.72062533172853,101.47216840392538,0.0,23,315.55,0.0,2,2,0
9eaf6570154b7a18d0d224d541323c786b505a2aac401d04864fa84000266438,0.0500450405364827,0.8043388969792017,0,30.685,2,395.0,0.0938351816586385,0,74.41,1.36,0.09,38.895,43.61385920310275,120.68831535407853,0.0,31,61.37,80.11261476076504,1,1,0
69ce728b109dabb7a21fd99f46fff28e8e639c18e69f9735cb98e19089d461a6,0.1364528377096286,0.6944213017610146,1,198.64375,8,1332.69,0.1568498328152629,3,703.58,32.81,0.27625,47.76499999999999,52.41093556175303,130.07500345947028,300.0,3,1589.15,183.416498508523,11,4,0
93536968313b7896d489c20dde3b8b5066bb30d9995966f11c729b48959f426f,0.0571608219726204,0.8604005267251194,0,56.056666666666665,3,735.0,0.0332458442694663,1,466.67,9.82,0.1733333333333333,34.87,26.17755955197364,90.4475055708465,235.0,7,168.17,89.66113016755769,3,3,0
47125e510fbbcdb13140901986c15dbf49b5b8d1fcf8a9d4837179c76a1933e8,0.0583105651747284,0.8873599526582048,0,128.668,5,500.0,0.026686762529363,2,590.35,18.02,0.146,32.78,30.963463898355894,95.81038275015254,0.0,6,643.34,144.26180442197725,2,2,0
4b1db1002584c85804df23c33d06192b25436e874222b3a5fb5b69e60824fca9,0.0771902740254727,0.7596899224806202,0,248.0,1,375.0,0.1020671834625323,0,366.64,7.19,0.18,138.93,53.71454299361233,184.56460604124536,0.0,11,248.0,0.0,1,1,0
7bb32ea48ea995d62b072751b74e262fb602917e155f1508de070581633372e2,0.0464813609742493,0.8898649087484576,0,81.68,2,425.0,0.0317919075144508,0,177.77,3.41,0.25,22.005000000000003,45.361539889937305,76.84670052256634,0.0,18,163.36,63.60008402780639,1,1,0
edc8b349f09facb5259bbf66f6ef4b9412c754f3be54ec1057ab763164793c49,0.0160551353338412,0.8235011399355694,0,118.15777777777778,9,667.4,0.0625142583344875,2,345.95,17.59,0.3033333333333333,24.38777777777777,37.40317281392496,82.91930463595924,133.0,9,1067.42,180.32506655912505,7,3,0
900e80dd67e40c2ede75237491b4c4ca7e18b6d72d3dad581bda5752571f64c2,0.0455579980682998,0.9140135312982478,2,98.805,10,751.4,0.0364875284212421,3,891.46,33.77,0.381,22.958,18.79170986264676,65.86095163124153,53.0,2,1215.52,143.08344297659917,7,3,0
609c2443d56577a5ec9dedaafa468839320fd65fb05a4141b0f12c84f3347299,0.1046154534774787,0.7065107563882823,2,249.97916666666663,12,822.98,0.1597775188247666,9,803.67,58.92,0.3758333333333333,35.11000000000001,41.17740628636546,99.66032063582418,0.0,4,2999.74,216.83499634328007,10,2,0
e997a2daba3991803c50b4fd7c7117f8ed139a64dfc6615a6c31d5ed9dc194c6,0.0,0.8441592519019775,5,226.08,7,188.38,0.0438901939224988,8,958.44,50.11,0.31,13.275714285714283,16.86879515464601,42.1948976581574,110.0,1,1582.53,248.36937352989483,10,2,0
950d80f327c22a362b710c795dc2146b7dc144fed8d5cbd01dbd892b2e2acd94,0.0254355843825511,0.7609030878863385,2,188.214,5,812.0,0.0850103983381292,1,710.02,24.39,0.304,34.172000000000004,29.334913184094848,92.41461688382232,212.0,3,981.07,148.0202187539404,6,2,0
3495b5b74d30eee5d1c9f2d713291936af4b9620318b9005524aa288d7b09b8e,0.0503400870733681,0.869217971986946,0,189.88,5,601.5,0.0165008799821086,2,215.9,14.65,0.476,37.104000000000006,56.37108752256204,124.1221697773672,222.0,21,949.4,154.43128190144716,6,3,0
9819bc15fb2435f4f482883373f46ba72c8fd2224191623987b29f52db936c58,0.0215350159359117,0.7930261341103754,0,170.66,2,506.0,0.0490867091983222,1,379.99,10.02,0.16,24.315,17.14967261727168,57.1726088208157,56.0,10,412.2,0.0,2,2,0
d523c73e1882743869b2254407804a5962a16be0fc0f6ba0f58be96aec50ecdc,0.047565950688125,0.8155852199129159,0,68.92,5,479.2,0.0883476815064244,2,800.79,20.47,0.184,70.618,46.80494633725378,167.7975324187882,0.0,3,412.6,109.39802679796084,7,4,0
34bebdeb873cd02d4240524dadde9f663818977bc3153e6cbcb055ad3643f18a,0.0428935022284215,0.8335229342328725,2,75.98,15,1809.1,0.0643869224942735,4,1113.72,46.69,0.1493333333333333,24.084666666666667,26.02201630124429,62.75481928422653,562.0,3,1651.77,209.0032131212265,13,2,0
4a4a1d9f6aab43facff68c08843d32be9a731ec49c5446244f210f6b030e3c54,0.0408797318289592,0.8044018919270375,2,51.785,4,425.0,0.1210504321555661,0,571.03,12.18,0.1825,29.305000000000003,46.29557044207809,108.5227558387259,0.0,5,207.14,89.25470425230198,3,3,0
0ea587f847f342eb7cf64dbba9faffcda451435ec5a1c20a3845ccacde01f125,0.0,0.6718464965563566,2,86.935,4,848.39,0.2368002029953687,0,769.96,17.55,0.1225,42.925,25.32413642342614,88.36908658185345,0.0,2,347.67,234.902877746494,4,4,0
1951855b293a8a0b4aebaec1ed6374a33c9ae0dee1da93c270469b58487896e4,0.0457357123433245,0.7719289547408199,6,134.94400000000002,5,675.0,0.0860278762459802,0,301.07,13.02,0.34,51.84799999999999,47.33703947048615,149.6140276748215,0.0,15,674.72,133.52546684009124,2,2,0
9d8d292378c895128b0076899bf80f612a25e50358e1db436dbd3838acb571c2,0.0164441080880261,0.806965755056842,4,133.4466666666667,6,91.28,0.0866402558698123,2,911.33,29.62,0.2966666666666667,17.926666666666666,15.132585996745428,50.4801301337583,0.0,1,800.69,287.66900371991863,3,2,0
f92f7eb1bea03ddd42e6d62803af560ab1e5a5e58aa5166d5bb14e43d26d2dd6,0.0,0.9000088683409974,3,81.40599999999999,5,779.0,0.0087318087318087,0,639.32,16.38,0.192,47.146,28.777459583417794,88.84900147705771,54.0,5,406.98,151.89780024609527,5,2,0
d93f117861df620a793370fc9e2a71994491143870c349924258439997f21967,0.0,0.8626205390589815,6,102.59555555555556,9,415.43,0.0251957837197962,0,572.56,20.38,0.1944444444444444,20.194444444444443,19.59717144874722,52.00924339319225,8.0,6,923.37,137.1334073792156,5,3,0
b839e86d80eb54612d047f160315c1f457003320900ede175d3ba136f3a5e55c,0.0342413311760526,0.8862870300689863,2,101.6225,12,701.2,0.0327409397125349,4,744.55,31.64,0.2791666666666667,40.18000000000001,25.07727946397137,97.75518467163666,74.0,5,1219.49,160.4293272900409,10,2,0
6b0a0c8562bf7d0604de338cc0dfbd6062affd1a1eaeee579bb2cf3c240af781,0.0143301377126235,0.7837676680935208,0,289.04857142857145,7,921.05,0.0821829782586746,7,772.15,43.87,0.2585714285714285,64.12285714285713,37.208014482142005,131.14973937012095,0.0,4,2023.35,151.5438739353556,10,4,0
7f0e0653a8672d1411e42eadf70ce7155d1163ee1e0947e176cac99c7e8989c5,0.0989482594146156,0.782691497132978,0,222.90142857142857,7,1408.4,0.0917801701634941,3,826.95,38.21,0.2371428571428571,45.470000000000006,55.47011374495734,138.62450358851703,0.0,2,1870.33,195.7967943152986,7,3,0
3e8ca9052344f40d2fbb146ac23e3a9770726a5111bdd9dc985fc04fe9afc236,0.0,0.980327868852459,0,52.25,1,425.0,0.0,0,906.51,17.01,0.25,13.179999999999993,13.97728768139054,50.17933368809891,0.0,2,52.25,0.0,1,1,0
ad7d36e5203f130a5ce2f5f7067860108a66ab455a3023ce007c236c5f596eb0,0.0135744149427159,0.7333736674103196,1,76.14666666666666,3,909.85,0.1031870970998662,0,593.22,11.44,0.2033333333333333,34.64333333333333,48.83932540892739,100.60197001159844,6.0,5,228.44,107.57635764874206,5,4,0
eed31eca4819d07a4ab6d30cc2d75a1b84fa43e8d979618c6c44f0ed20276402,0.0,0.8316379760041732,0,21.8,2,725.0,0.1018518518518518,0,321.08,3.99,0.055,80.025,74.85822935110977,213.40889296784133,0.0,10,43.6,0.0,2,2,0
3c4b765f2dc7fcd10a9c6a455fab9a6f1a149d499ac08bac7f486f17bd3d9fc9,0.0,0.7355871798738143,0,158.4175,4,603.0,0.0362917827316888,2,266.78,15.1,0.24,29.2625,38.147090855070985,92.64304476195504,140.0,13,781.66,74.39157253629986,4,2,0
26bd5509b4d1a0dc84c377a4d8c3b307f6c785dc4ba2f101a58de35fc3e92df9,0.0873591333973966,0.8449197860962567,0,140.0,1,325.0,0.0668449197860962,0,66.7,2.07,0.5,45.0,78.75666274529476,162.87868987609502,0.0,27,140.0,0.0,1,1,0
380d939656c469666cd7505e12f8266b28bd447c1fc66021d674a16427a31a1e,0.0952925481227368,0.5888888888888889,0,54.0,1,350.0,0.2888888888888888,0,75.59,1.3,0.2,152.69,52.15281842241623,248.2045650643484,0.0,22,54.0,0.0,1,1,0
845587ba5ae2024c5997895248fd3d1bb35c2af7246cae88c45ffa1b1b465af5,0.0531609056995333,0.7713790657860103,5,266.095,6,491.0,0.1013432515535955,3,542.83,31.44,0.44,50.04166666666666,29.886506315432,104.87963286535728,91.0,10,1703.6,224.46912243499904,7,3,0
3fd52ed717f5a999cbede10b87034379515a972a43f90ddf58b20d49832b8ae3,0.0665360642760475,0.777706461275139,1,50.0,2,350.0,0.1125887890457851,0,235.67,4.6,0.105,83.025,29.13643251343786,156.22671656257393,0.0,14,174.5,171.8749285150178,1,1,0
4b49135e76b037469d3e641adf14be52fef018f4ffe05adb9e82bd62c1a0f547,0.05483140822876,0.8050904290688209,5,230.69636363636363,11,945.25,0.0887215650123269,12,934.12,63.96,0.1909090909090909,51.401818181818186,34.0670985730232,128.1799903437368,70.0,1,2577.61,196.5295511862224,7,2,0
dc5bf9cb580f2ccaaa98df01a70e6dc6ce810b756da447f3039d0f54948c33bd,0.0512346813704056,0.8567392052980527,3,73.98400000000001,5,500.49,0.0471146731322,1,313.39,10.15,0.144,40.45,43.90065741997379,108.92576789050608,57.0,13,369.93,144.33306529023778,3,2,0
7eecb2567c2353340ce5b30aee9407963a43f2eea95d2c49be75dc25c53960aa,0.0697784728851894,0.7251753436264357,0,201.5,2,385.0,0.1524940375321659,1,301.89,9.55,0.385,18.739999999999995,30.59066286090681,65.65337212663376,10.0,16,477.0,137.54444980947991,3,3,0
321cd25e66e6fef9750111a41be4273f5e43ec808d30d9b5df3255b5c0f79cc5,0.0,0.6387959866220736,0,45.0,1,350.0,0.2508361204013378,0,64.5,1.1,0.11,66.51,62.49774240433731,156.5102972177585,0.0,22,45.0,0.0,1,1,0
52e0aaafedaf8ddb5d60644d9ba9f0db3b3fc45a237090c64cef60c2035481d2,0.0022816360242948,0.854118821795762,5,271.38,18,604.95,0.0165826898405791,23,936.71,103.23,0.3744444444444444,40.21666666666667,19.64359136315232,73.84014733554307,130.0,1,4898.83,186.94446979684656,5,2,0
fdfd2c5127ba837bbb679f043c034726cfd0719ed2555db93f450be19b305cd9,0.1018360700392919,0.867391713448994,2,113.0,3,977.56,0.0422658504868533,2,557.4,22.97,0.44,42.74,52.7968589109854,133.7676753677254,357.0,5,1121.0,238.45007468838912,2,2,0
9d5c7b9d35d8728fb9f6bd57a60532d7270abb2b4f63f90bf33fb4961ad8222d,0.0599259214380739,0.7231157065227265,0,137.8523076923077,13,1413.2,0.1700054314334169,5,853.35,40.58,0.2138461538461538,39.862307692307695,39.71827123778049,117.1449799081626,566.0,4,1792.08,193.4597523260244,10,3,0
342c8f858e029f31482346a1142831be85ee63c1abc2e868e8be29fa70f874a2,0.0038475892929285,0.8256031087375258,0,171.96142857142857,7,1215.25,0.1183611397395916,4,773.62,32.21,0.3757142857142857,30.422857142857143,21.61241432119826,68.43352965802299,150.0,2,1203.74,132.66157440387397,4,3,0
2078492be60636c5e585647282017c506a3e6d0f3629f54495b3914abbf05879,0.0601274702369022,0.8080040681413679,0,317.5,2,713.6,0.0731400966183574,3,670.2,21.72,0.44,24.295000000000005,36.245281868193565,80.74853840375945,70.0,5,664.0,244.07879321876683,3,2,0
6c890ca554756707354dfb669c8ae6452d2d3c8de6d8e4020e61da0949509672,0.0399320778516966,0.8099933356627868,2,95.415,6,350.0,0.0863957206706187,2,269.82,12.55,0.2116666666666666,53.43666666666667,32.49266644338693,129.1365283802511,0.0,12,572.49,268.7486409254853,4,2,0
d9fd02562dac1808d0f0b518e7bc47d92f12bf60d8f7d0928216bd82d9485b05,0.0,0.8937329700272479,1,105.0,1,400.0,0.0681198910081744,0,475.77,7.32,0.38,17.239999999999995,14.828456692593422,39.78694656066909,0.0,5,105.0,0.0,1,1,0
04855db6f5f34370b2220f3fa00b29d895959e5639234d53187e68e30f287cb6,0.0549019765871461,0.7764168436193295,0,158.26999999999998,4,485.19,0.1333446447503331,1,294.38,11.51,0.24,49.73499999999999,41.33798269774473,109.4685325155744,0.0,14,633.08,205.98707268390623,3,3,0
6b65a42d47961fee0fabc99bb20e4720576f7a0222167b61de62c86657e0288a,0.1287373386523668,0.7087746750403682,1,203.744,5,724.5,0.1758637854558972,3,802.86,29.09,0.27,78.35600000000001,50.26026079161483,156.38008826794257,16.0,4,1018.72,307.21019640698444,2,2,0
c90420c4f6391441932d21a349b13eedd1d7a1963d8dc158d463b16757ef87a8,0.1701899537538548,0.6697820227352631,0,76.5,2,400.0,0.240302355560764,0,186.62,3.4,0.175,43.795,59.53819169527395,149.02113570800122,0.0,22,153.0,71.71754887065019,1,1,0
7e25c60d9326b692f266544bcb47f5f04d357167ee390bbbc059788eda0ee805,0.0,0.856014796216615,0,36.145,2,656.65,0.0372492836676217,0,637.61,11.78,0.525,43.6,19.52949237460494,99.35013937935742,329.0,5,201.49,50.96886002579047,2,2,0
dadc58bfbc4c64918b019d8abf8775ee23a0964f8d2461d82d9053f30cc3d9d3,0.0215642769613321,0.8103910364872778,4,114.8,10,1161.58,0.0583332946866311,3,704.15,29.6,0.382,35.328,32.6011668088539,97.40886043159098,110.0,5,1167.12,223.36874500369635,6,3,0
5834ae63290835e60402095ec41d0611f8416d506b93dbbc21950995aa6a2211,0.0816278315747344,0.723117939236017,2,165.68800000000002,5,659.38,0.1508347271937976,2,731.39,24.56,0.188,29.480000000000008,47.04907747839452,100.13196870348482,12.0,5,844.39,264.2871448023485,1,1,0
1d18ff9aaae795c471994765b593e2325b688f9c1e80b38eb16b9279c2258ea4,0.0974926712047434,0.6094402809456573,1,80.69333333333334,3,654.0,0.2681818181818182,0,445.1,8.25,0.1633333333333333,68.59666666666665,63.81151480657917,182.60691266351336,143.0,7,242.08,61.36129725507757,3,2,0
c89c809565691989e9a861bcbe8f87a9ada36954c391c13a542ea638810589e6,0.0219074572863196,0.7907647043131812,5,111.72285714285714,14,913.52,0.1378198346124121,6,948.3,45.67,0.31,20.63,33.13778237062222,74.30127287039306,0.0,2,1663.2,210.53547026339905,11,4,0
109b8c5c58ae36d4d8e7fd462826e48c7dd13a82395f416eb0a087e2eb525dad,0.0550166088184934,0.715636916350015,3,90.50666666666666,6,1130.0,0.1634844402711917,0,641.71,16.8,0.2816666666666667,52.36666666666667,59.88002391967431,144.34863563624285,130.0,4,543.04,195.9082503627945,5,4,0
b7581e038ba041a7deb171a818d68402841ad31f0b2bf0594ae85e095fe9e724,0.0479400654785704,0.8559669126204401,3,72.941,10,732.57,0.0498594970561036,1,803.03,24.2,0.262,26.509,26.77725603599864,68.73945566077037,140.0,5,729.41,241.06823027174016,8,3,0
8a0199490a8c0807b1070e9427e3613b353b5907ac406f4aa8fdb644c4c9bee2,0.0363332485557533,0.4927007299270073,0,301.0,1,374.0,0.2177615571776155,0,100.13,4.51,0.22,59.92999999999999,77.5347572299993,169.57439768060507,0.0,30,301.0,0.0,1,1,0
3db169b26e50c25c469cadeea4a8eb1585b5fb45bfdf174a83b090cab0277f6f,0.0,0.6558242878997596,0,74.0,2,375.0,0.1016609601515261,0,207.1,3.55,0.29,60.02499999999999,54.73848621440603,147.66141091384756,0.0,5,148.0,28.90397991880031,2,2,0
31c71ebb94712974e9be46e80e5c042b5207ef07ae254bf82a02f49498a97a11,0.0423844348200932,0.8459167081709782,2,95.80666666666669,3,868.0,0.0385160011328235,1,626.16,14.86,0.2266666666666666,12.930000000000009,14.300185228112044,39.12837025474728,0.0,4,287.42,140.07313933018048,4,4,0
25726e4249849c145439307adac1af1a02c6b82f01d5e8b1b721301727e4a963,0.076285411980968,0.710287859449637,3,212.66666666666663,12,36.36,0.2033249517761029,12,775.55,66.31,0.5058333333333334,37.02333333333333,40.67336962706984,104.37406271602832,0.0,1,3209.35,204.0038791591969,17,4,0
f1c6943710af3bf1fef60abc1310873c969711e855130a9716116c4dd730c1bc,0.1261240752162125,0.7380513250710181,6,74.21499999999999,6,703.5,0.163178029153854,0,717.18,19.21,0.1933333333333333,28.38166666666667,37.38996809214296,92.4500354004981,43.0,3,445.3,132.79006606227867,4,2,0
effe7fc45d1fcc3154958b7ad6581a109961804c94bb971eb830a020594d093e,0.044735346324626,0.8421364252292916,2,332.32,5,433.0,0.0802365909175786,5,216.92,27.34,0.504,33.273999999999994,54.900494082741226,117.21872327649484,0.0,6,1666.6,199.2718930322268,6,2,0
48bd358303f8033618c52a23e5d16b283be9d0138553c46d0ae7c7f18c589099,0.0109984978039872,0.8325527401501119,2,54.545,10,611.45,0.0574864055840936,1,896.22,24.19,0.156,23.909,25.58190997081812,75.79618543690881,0.0,4,545.45,218.2831615189876,5,3,0
6df0ecf0feb4a926ab9815cf980a44f4f3ef47eeb72c0a027bd1c90c85806e0e,0.0723065798987705,0.839357352331103,0,121.84,3,477.6,0.029885100568248,1,441.7,10.44,0.19,46.330000000000005,29.543219563379512,100.89452654024652,0.0,7,365.52,112.45565820605152,4,2,0
67588201b0921e0cab271c7d4dc21efa9be01d34615356dfbaf684d37ce82df8,0.0196178718242384,0.8991574300775778,8,106.47307692307692,13,191.0,0.0393575095947879,8,897.36,45.89,0.31,15.643846153846152,12.00846174912446,41.50158671875282,143.0,1,1413.14,162.38668724119032,10,2,0
cba77afc370c85a566cef1dd6388e9e04a26cc860f3cc1a08b8527f572955998,0.0258693798701412,0.8117528940023742,0,82.755,6,482.0,0.0862357033279477,1,995.23,25.17,0.0999999999999999,46.071666666666665,29.36596278989892,100.69255880075282,57.0,2,496.52,84.42736368823257,4,4,0
1e9cf2bda7c723e9aa0e23dfb76d425293e164413922f54060025bfe843d15c5,0.0159731650826611,0.8563740486434591,3,167.93800000000002,5,994.57,0.0259862094266383,2,630.31,22.48,0.138,12.504,11.172436552253153,32.50017073686453,222.0,2,839.69,88.22498136987099,5,3,0
6655a779e2975900d6118da9a15e9db4bc7ef6c9e7fe108e423cf2735aa24b74,0.0099344327438902,0.8246404190682968,7,159.163,10,33.72,0.0590653583497405,7,990.92,48.52,0.266,47.823,44.89045253426056,121.05377069514924,0.0,1,1591.61,155.13438182786106,7,4,0
6ed5ca1247e6f41a2336fa826a2c0891e5f4e36e4cc4afe8f6735c5c5d76608b,0.0044344914746901,0.8554182110018306,0,114.42857142857144,7,578.04,0.0531559792073517,2,377.06,17.37,0.1785714285714285,43.27714285714286,38.657940793557096,107.15588294343024,106.0,4,801.0,96.04670163966873,5,3,0
3f21e3518fe754974f47f669cc07914bf02c28e13875ae62e6edf57b04dcf8a8,0.1507134175459504,0.7332718228498074,0,49.775,2,437.0,0.1960044929396662,0,456.14,6.48,0.52,37.32000000000001,64.829615240442,147.6512789764428,11.0,11,99.55,23.90098414477862,2,2,0
2b4cd76589916051ad250dfc3df79dee160454e9aa0449769fa7fc29003557a1,0.0334504097675197,0.8498835506114197,1,18.6,3,451.0,0.080478477231476,1,559.92,10.38,0.2299999999999999,47.14333333333333,45.99237515130673,133.15384043691776,26.0,6,55.8,181.7028980855173,2,2,0
e4fd799e91c28fe78213b751f571ccf50e5927c262df5f1e953eadef4b0c52a6,0.0,0.73223912206392,0,49.45,2,700.0,0.0935374149659864,0,255.07,4.47,0.13,86.28,29.628245534747983,165.63923145676134,0.0,12,185.9,140.67698004043288,2,2,0
bf10715def48dd8cb022ad56fb05f8c28d607bff3888924a82fac900f5c49d41,0.043283662864223,0.7990431960573552,0,145.275,4,618.0,0.0880045624584566,3,270.8,13.15,0.36,32.51,35.11130351192124,86.87151996156946,128.0,8,581.1,147.7505358727141,5,3,0
e9c61bd9be7df6824f4b308588b87be89ead126860afe8d3ed819a2beffd0e09,0.0288070825763228,0.8530105423099839,0,149.304,5,400.0,0.0437982356735695,3,624.3,21.65,0.286,25.69,36.31874490536124,94.76748412754856,0.0,3,771.52,100.5281780612581,1,1,0
4a7225dc27bdaf9e1f77c60fa4ef1171c028641effe5b032c3c6b396f485ecbc,0.0449674270247063,0.8331327094565351,1,196.624,5,500.0,0.0509752929311715,4,540.83,23.68,0.31,49.794,18.09868827976933,81.2414032176781,0.0,3,983.12,229.49629018340684,7,2,0
dfdc4f489d08ad23ee081a86c409412801842fe7afb65b702ada0ee3c0d9da0a,0.0661116742222027,0.7770017491077444,0,101.93666666666668,6,691.0,0.1529221729534341,2,588.13,17.65,0.3766666666666666,41.08833333333333,49.38767925960733,114.43311262482712,207.0,6,611.62,96.52719973662988,8,4,0
b3d44e94b39c1efcbd0c52e1035fe4a64f012e1c5c7fd606bb1069156482dcde,0.0,0.8381431716902608,1,105.07428571428572,7,971.8,0.042678120323167,1,843.5,24.27,0.3857142857142857,21.717142857142854,21.77963546653812,57.04760107259563,60.0,3,735.52,144.22504301774526,7,4,0
b1ce6eee011b600d13b5776e73303f1f4c30a0f496427bbdbf21bf0231678d16,0.0315397388796489,0.7598498649403991,4,138.4988888888889,9,1882.58,0.1446833323564319,4,664.87,31.32,0.3277777777777778,31.660000000000007,35.31383201535539,91.61246364397802,104.0,3,1286.49,157.33102965216523,5,2,0
bce3db263b5f53e5ed44963d994083adf886f7a7ea9832a4da7b2d8653997f9d,0.0,0.9102880513072164,0,192.54,3,550.6,0.0,2,329.78,13.58,0.3999999999999999,34.35999999999999,38.44248117341336,88.99055518200855,70.0,10,689.62,316.27406886817266,4,3,0
08001b279433bcadf80977390ff8bd84ce1a594aeb0804addb4181f1541b8588,0.0521196307292282,0.8748035775487667,6,112.26888888888888,9,510.05,0.0128510668742196,3,1096.83,41.2,0.24,24.543333333333337,22.30826083689988,61.6279524452974,0.0,1,1245.43,100.0563471904479,7,3,0
6dbc4fa51f67d04c925f866269dc9b6488ad5a9579aebb864b499da2a0cb3797,0.096862285255716,0.7358147472189346,0,83.575,4,997.16,0.1606951140003083,1,538.3,12.33,0.1,49.4575,64.06735273101393,149.27018677488547,70.0,6,354.28,82.75839038096845,5,2,0
3c8af23911ade6447c8a44f9f43d330d1f08bf025a0c1f290a3bbcf30b4a623a,0.0822456985742558,0.7581441077922167,4,226.15,13,966.82,0.1593344398733439,9,831.79,59.59,0.2653846153846154,59.95,36.53740698934117,125.23559565755008,234.0,3,2946.95,262.33960724669095,21,3,0
399063b7544638be0afef2d0942c3f4783ae62937e0895df71a0609341595121,0.0654609254300575,0.6212406930780635,2,180.32,3,375.0,0.255733653519929,1,156.98,9.48,0.2866666666666667,52.28333333333334,55.44904785735695,142.23300031231892,0.0,17,540.96,84.80829665675158,1,1,0
a8a1d3d3f4959b691ac276a1eb1bf66eab6431dfd1435df382aa085ed6295cb9,0.0380284433867701,0.7973888582612191,4,119.98571428571428,14,1183.3,0.0961949169005942,5,1025.01,45.75,0.1792857142857142,28.76714285714285,32.90490588458873,84.54175971930479,225.0,2,1679.78,247.00547024157063,16,2,0
ea45a99eb692518e4a3494c71a99c00448d336278b8713fdc9bc8969548ef8c5,0.0359717317827153,0.7222533466888684,3,183.06,8,334.04,0.1567581134054244,4,686.18,34.23,0.4775,59.06,52.894396474566086,151.385815539098,59.0,1,1574.5,267.6863001498051,7,4,0
841543ca273420a48e052f477129ee0b799367f84d4614792f5096b750f29e5e,0.0769248381332431,0.7831656797403401,2,174.794,10,803.4,0.0896745097083598,7,513.4,35.64,0.302,17.558999999999997,19.67971228394125,51.46378161564847,132.0,5,1747.92,287.249702079668,10,4,0
a6e0dbb83dc5c2713b685a2d93bd78d105d4eb5121511e245b66ed517ba2fd01,0.0,0.8821523178807947,1,88.695,2,375.0,0.0662251655629139,0,263.48,5.01,0.375,27.170000000000023,24.84913138885711,72.47177664913019,0.0,12,177.39,8.041357188189984,2,2,0
b0f2e2e0f1fdf1be988f86cbd0757cc024b20723e38fd60a1306cf2afe0f1b2d,0.0450310324874901,0.8724032977869383,0,179.19,4,405.57,0.008369813651359,2,243.59,12.62,0.3425,26.1425,50.6990890135531,82.7774287300147,0.0,19,716.76,129.59511448089057,3,2,0
8ab529b1e489d24b72bd7ea8e2dbc8d8764f146f570f64a9cd4148a3490afb35,0.0165036208234671,0.7205457003864416,6,193.1133333333333,15,232.6,0.135671159714967,11,964.27,69.51,0.3466666666666667,37.0,36.44850330974448,98.78238388884232,10.0,1,3207.74,325.13794118358203,16,2,0
210b072331a91fed1284ede8ce7a200f7298e5424a082da5433ec541eb0a51b8,0.0113385773871086,0.9366920614205956,6,85.52749999999999,12,93.24,0.0079682954769371,4,950.98,38.88,0.3016666666666667,11.093333333333334,12.375602234438416,32.21649614162329,0.0,1,1027.33,188.1406708758909,11,2,0
e51349ace02e5d752c71a961836fe2f983a4ce3c4d01dd508f4d08404b927997,0.0669924174837232,0.8016983100454299,1,191.55333333333337,3,406.8,0.0714739950468362,2,177.49,11.26,0.47,48.04666666666666,34.52079974365832,122.6535736754636,0.0,26,598.66,56.80150210502027,2,2,0
50df1202ab99c0e0f82288b4808f8ec3c7f6602c6220dd7a5bd1814c49acba97,0.0141308802125284,0.6885891195976445,0,422.0,3,601.0,0.1952087830788098,4,262.29,21.38,0.35,49.16333333333333,74.00244453776946,172.76661934042136,156.0,3,1266.0,124.13949121671703,3,2,0
4d65c878eef29e7ce1a6c427144693be417b1dec5f08a3ab79ff704b1e186e63,0.0166378164437265,0.7766363029934701,2,166.116,5,575.0,0.1043067035939192,1,509.43,18.77,0.43,36.9,37.15063660153133,93.263111436648,60.0,6,920.55,157.0361676762328,3,3,0
d8f06db0c4274130e8cb011d4a73985a69d6289af02cb3f916857551a6644b4b,0.0615455689639934,0.6955154923215096,5,114.7625,8,585.4,0.1986159862960757,2,405.55,19.75,0.2675,70.73500000000001,48.09246198991674,178.2648387200357,167.0,7,948.45,215.6870818112488,5,3,0
94b6c4d507150702b096eb2675fcb9431beb637c50ea20e378f0441c8d671322,0.0449425053228281,0.8489776300411431,2,96.995,4,419.6,0.0288781178885368,0,541.74,12.81,0.1149999999999999,28.3975,15.5921094877,62.395764198836375,0.0,8,444.07,192.088296417064,3,3,0
dfec108cd56ade698afbca0793a7f27cf537b96293eb5275078714eb3fbdae0e,0.0518257103860829,0.7176878271768783,0,48.52666666666666,3,350.0,0.1358747497433628,0,157.71,3.03,0.1833333333333333,54.47,35.809454216856615,122.02814265093976,0.0,16,145.57,164.2943016830693,3,2,0
29db6c736485682ebaccf5171a69c08a0751d77af397a88c5c7bfdc7e9cb7f4b,0.019932308195878,0.8121155824904407,2,199.59625,8,847.23,0.0906845773578035,4,698.2,34.25,0.23125,47.14125,38.2477659297269,107.01157916736685,124.0,5,1596.8,148.69337518135177,9,2,0
c4f5a4fcd14b9161e76f4bf5f038180b6418e4084235ab045455ffd24d8fdb5b,0.0,0.878652726537843,1,133.68,2,425.0,0.0456236079220522,1,750.82,17.43,0.155,11.79,11.440605209566218,29.35900620431963,0.0,2,283.32,138.50965736536972,2,2,0
c8336e51eface7727e5f1b1c65b092f76c9aba4e99693bc6fb366aade373be72,0.0,0.6305637982195845,0,328.0,1,350.0,0.1706231454005934,1,97.11,5.75,0.47,37.31,47.45514551646957,125.84403680752054,0.0,18,328.0,0.0,1,1,0
06098d23862ab7a803094da101790b6a0b15626c7d484f4638ed65b1d072e6f0,0.0423449925296411,0.8275391738018195,0,151.01,8,975.0,0.043953761514639,4,946.11,35.72,0.35125,38.65,31.33545221300901,87.31181619379615,48.0,2,1224.29,199.3446316623441,7,2,0
e3099c41dbbeca4c761cdf9207e9fd593dbe214efa6f11c3e6aba0d69cfa15ba,0.0401691102284187,0.8618931429452686,1,168.89285714285714,7,773.01,0.0187843974529197,3,573.05,24.98,0.3242857142857143,56.690000000000005,34.502679664474584,122.15992344722808,81.0,6,1182.25,232.5728827884726,6,2,0
b40f3fe643a6d825f8cf1fe796d5a50ce9b20287d866328e64d8ec8c44353ac5,0.0198078637218974,0.8721670632276091,6,108.998,5,169.12,0.090163133622832,4,853.9,40.46,0.442,55.27,33.15131795186654,119.76866158840116,51.0,1,1628.6,175.17250786219716,4,3,0
f6dd65da4a155364b5bcdeeeac568c7a27d60fde5561b43eb64355514938395c,0.0,0.8428707746753663,1,127.495,4,522.15,0.0514182230875681,1,488.1,13.13,0.3925,37.10999999999999,45.65819960394726,109.58132284189944,0.0,10,509.97,206.386594026708,5,2,0
53f34a19824c55059925fa503a824bb151cc1e9acb73f979df24fd58d21bdefe,0.0431155602602221,0.7408291144060921,2,135.656,10,630.42,0.1539185473884476,4,613.63,32.83,0.2469999999999999,69.208,48.74576976948157,157.9770654294449,41.0,3,1466.43,183.85343458142304,7,4,0
ca381fb976e44ed3cab40c2360aab3361d8fa9de220b8aebc9c5deca6ccd5632,0.0594806431783804,0.4583945122510783,0,145.0,2,400.0,0.3864412223547765,1,122.51,5.63,0.305,70.41,82.70563523812444,191.03181389006488,0.0,27,290.0,136.08628953731508,1,1,0
247d66e85e736070728841d083a0e52c1682ed9f64cb649cfdd4bc162146abf5,0.0666217480840536,0.7872671505239505,1,198.6222222222222,9,643.84,0.1021758322929859,4,489.17,32.0,0.4155555555555555,49.086666666666666,42.59018350962795,143.02130614894608,58.0,9,1944.6,153.1677454896148,3,2,0
632ce3e5c5c5fffd4c27261f2d97979bab6ca279eab8388553771cf85ea06e6c,0.029813120272437,0.6681218984603304,0,190.67875,8,1357.7,0.181447102167248,8,861.21,42.61,0.34125,49.44625,55.806233176434354,128.21183563408584,431.0,4,1525.43,300.6294652159719,9,3,0
a097962de3d8220464434364e6bc50ad0d90ec99c00ab4179c930c505fe73d7e,0.0904617650181785,0.7043695444468885,3,61.2625,4,783.06,0.1964552094422735,0,207.52,6.03,0.2025,32.690000000000005,44.83274844190737,122.7600795819989,90.0,15,245.05,104.98765158549377,4,2,0
fffde9c517bba898dc26ec07adcaf4662f3372016755abbb36b65f02296c90dd,0.0097572398719849,0.8230858631038747,2,64.7975,8,810.0,0.0733902183055539,2,416.55,15.51,0.20125,37.46000000000001,42.87798757596391,100.10911535353932,60.0,4,558.38,197.8148302629172,3,2,0
ba9f20ab82cbfe21bc0805ff4e242add13855fbf9a6eb485ec6db3a435641a02,0.0,0.9088514618719176,1,34.864999999999995,2,956.0,0.0,0,302.37,4.49,0.145,26.88499999999999,14.426769261672222,51.5544120017836,218.0,16,69.74,38.51160646441578,1,1,0
99af8de59457d8bc2ee51c51432d89cc171a2cb3f9a3de41a20d12ffa32c9caa,0.0,0.9310344827586208,0,10.71,1,362.92,0.0,0,236.61,2.47,0.06,5.689999999999998,3.863838738821732,16.74265138253529,0.0,14,10.71,0.0,1,1,0
98cb57fba2b38544da3ffb58bed385f2d5df825de1fb2696a4efd876b9105166,0.023004485121494,0.8219382464745952,12,205.7953846153846,13,159.84,0.0849314779327028,8,868.4,60.61,0.4615384615384615,28.810769230769232,32.3396668422186,74.24615950164535,0.0,1,2707.17,335.6478658458714,11,3,0
f53bccd095757dfce44ac1e3d156a686e08ebfb9c660b9f575c4114e3aded10b,0.0671383778338747,0.7871605238868428,0,48.97,5,590.92,0.0521219058172634,0,761.45,15.45,0.082,60.213999999999984,47.69176983841791,151.9438926249822,0.0,2,258.75,141.5580921746636,5,2,0
63a302b38a3175d72a91435eb0f4284dc2da16a9d63ced437c37b9df815d4401,0.052049830052379,0.8068587596084891,1,239.0611111111112,9,735.62,0.0486823149392974,8,762.75,47.79,0.3222222222222222,35.95666666666667,20.10014155155844,72.92569876178949,62.0,5,2239.55,180.800672513056,17,3,0
ccac070936cc184ca347ae280c2bb8d188813697232b07a084c95521f36e4447,0.0380385020413825,0.6461261305795257,1,114.25,4,525.0,0.1578602281929726,2,573.42,18.36,0.36,47.3225,51.03708621109297,125.42098254334977,0.0,5,718.0,127.13933110669586,2,2,0
7c697894bd25f81efae354153359d84f8dbc55f0e83c02db8f50a16bfcb4ff61,0.0131077413162356,0.8524872477173937,3,99.34777777777778,9,693.28,0.0560100016423556,5,527.52,25.52,0.1844444444444444,35.898888888888884,25.3654156342018,84.5820950575997,62.0,7,950.52,205.79297001470644,11,2,0
74257c705b0d7a0a53a89413874ccb6c80d7d081b815e4e6c041fdaf5fcb6872,0.1493609646491926,0.6242552863096157,0,44.5,2,449.4,0.2997710552039924,0,133.2,2.22,0.1149999999999999,40.215,41.6937960343333,100.77486123859148,0.0,14,89.0,101.91324464049003,2,2,0
413eecd7175fd06a18ef7f1306f7ccc71bd77e2487a7495650c5653938230e4c,0.0,0.7022596189262855,0,228.1,2,350.0,0.1600041600041599,1,109.33,7.16,0.3,51.68500000000001,59.852298236418925,132.04569080298162,0.0,17,456.2,23.82938257041324,6,2,0
f386269cc69699e7b6a55d4a94767a4b71215734250a686fd49851ba4d3f25de,0.0710028917081002,0.7115203779427133,0,550.045,6,406.4,0.1285687998247724,12,440.37,60.39,0.33,51.87166666666667,44.64926280711254,123.1722629110235,0.0,15,3712.64,363.5514239193354,7,2,0
ea8ad6856a0f17f9cb187420c3b008f348d252046b376585ea562b3ac3d9b4dd,0.0516237114097556,0.8258370830745224,2,158.9416666666667,6,628.73,0.0611567287856436,1,436.85,18.15,0.2333333333333333,54.5,31.43777034475429,112.55834465248904,70.0,9,1043.66,235.2313311407835,8,3,0
0058a0bbccd63f909318041ce77d1103f23f22fba242a0f9e97f2b2b6c420b94,0.0523034886375822,0.6875289006452947,0,110.86666666666667,3,790.0,0.1419476092713705,0,334.96,7.86,0.3033333333333333,85.63000000000001,52.81287335990677,194.9748533456151,0.0,2,360.61,134.91880653866184,4,3,0
bbc4b09fd740003ed5985adec40c29e4ae8d144b39ffe3b9ba08b6c5a698914c,0.1990049751243767,0.8950617283950617,0,4.62,1,425.0,0.037037037037037,0,963.42,17.96,0.0,22.58,42.02518639590608,90.36458930972066,0.0,2,4.62,0.0,1,1,0
f5ff4b5172ef5a45512c89c9130cf202034d89f7159df94caf9116680a045c24,0.0,0.8870744259699128,0,151.2,2,675.0,0.0190023752969121,1,290.06,7.64,0.33,41.865,13.433236127187897,73.66755117026747,0.0,9,302.4,91.17085079708772,1,1,0
f3e21f0a51f9efa6a31dada22bbffe9ce4ffe22d504d786efcc51f3d00a1d708,0.0321936771618054,0.8519122109448571,0,256.5,2,1293.55,0.0546719681908548,1,862.26,23.02,0.5800000000000001,64.60999999999999,31.71124392813472,126.75996777245156,39.0,5,513.0,54.52252712113247,2,2,0
37d3d10e579ffbf8c29c4f177f4bf076912efa37e459fcb51f26aed9bb311d64,0.0232719189531887,0.8456296192149377,0,376.2,5,429.45,0.0183579989405376,6,696.64,39.05,0.4859999999999999,46.352,21.71952904749885,74.70339256116522,0.0,4,1881.0,72.83837440092191,2,2,0
4924d1824eb5b92d1123a3339aa235f09f3828037d36d08244246cfc34225135,0.0713726654656577,0.7363957761548123,0,161.49,2,354.56,0.13235335163046,1,380.08,9.13,0.255,39.395,18.94986611947144,82.58826885875189,0.0,10,323.01,0.0,1,1,0
5d806d9e31145bb868ebc064d45fcba91d1f93602506bd795c84138a3465ab0e,0.0283404288861401,0.8432846302282114,9,154.8425,12,456.43,0.0535029218769078,2,809.27,40.14,0.15,26.014166666666664,13.30473000474357,56.67575053901351,0.0,5,1858.09,132.15814329099572,13,2,0
ff3b84a4f899f6976257f7b053a5d4be37e35a759f7ad862bf80b19cac1685a5,0.0463884552480216,0.8607191050481404,0,48.125,4,759.6,0.0517520725854058,0,340.97,5.77,0.15,21.0975,37.67397255613794,81.46301289146402,72.0,10,192.5,95.59726960845464,2,2,0
b0ac99a8cf40bd6d77bffc66f0160f9ad9d914ccaee14f91af189c6f6d4bf575,0.1510421163364152,0.8707566339947406,0,56.5,2,483.0,0.0203900709219858,0,158.62,5.02,0.105,40.85,62.50203170638507,115.33440422992628,0.0,24,303.0,6.90881284661209,3,3,0
4e648e13cfc41ae7a234b1acd491e7110e445fac260524cc7ad940223a212c1b,0.0910332271279015,0.9141274238227148,0,113.05,1,400.0,0.0,0,822.57,15.52,0.33,27.849999999999994,27.08604911984333,75.52549625441402,0.0,3,113.05,0.0,1,1,0
b5e69407fffbf4130ebb86d4556f18cacae391520d1b49d250be71586b8a1c62,0.020076289901626,0.9459024071598938,0,115.64,5,475.0,0.0030261348005501,1,410.3,12.11,0.284,20.18,15.704967126579689,46.87851141379487,0.0,17,578.2,115.17443085129388,3,3,0
852945740178a5674e9059bc74e62218bd7468c042456b9839df638e898bb29e,0.0367542843245079,0.8586840598867773,0,99.814,5,433.1,0.0331645486134435,2,304.86,11.32,0.256,42.364,22.99399632336678,98.96864176500438,0.0,21,499.06,138.18679299814582,5,2,0
5ab92614eab00d755675b245f061f7e80805aabb3a5966bcf5bc896918cd3bb1,0.0,0.8613978273038699,0,396.9222222222222,9,34.48,0.0295790852828912,21,860.21,82.25,0.39,21.112222222222226,20.3047206509738,50.74868159190279,0.0,1,3591.31,232.46112953301352,4,3,0
c5effe5b92a028a4c523d93cf5f348e052fdab3a4fe57ccc40cea1737912d07f,0.121808988562211,0.863037654846949,0,52.25,3,591.0,0.0424430641821946,0,1053.46,23.32,0.25,45.75666666666667,46.65125984114744,154.11129875453813,91.0,3,315.95,69.73248889841808,1,1,0
05d6b5e9b0de18aabbc10ca612164f9458af17669e90dc591cfb3abb05fa6fa2,0.0642635005465492,0.892061174179974,1,182.0,2,774.0,0.0139353400222965,0,307.9,8.07,0.26,42.36,27.721286305693624,94.44063638100477,0.0,11,428.0,84.39596060572316,3,3,0
5ec8f530fa5865e135d1d21a48af7bd627df86bfc3b3d6bd3d6b0f7170b9fc99,0.0,0.8202014841024129,0,273.34000000000003,2,375.0,0.0238095238095238,2,337.65,12.26,0.28,26.455,13.654247055320225,55.39172881222953,0.0,14,546.68,198.2895262816565,2,2,0
2e121a3606681388b6e9ab521efab2a7dffc051c204281575fb2152ce46f89ef,0.0428055618417845,0.8224648574351376,0,338.77454545454543,11,174.46,0.0309616593946451,19,736.5,78.22,0.2854545454545454,33.10363636363637,18.514501638267664,66.24016928862301,0.0,1,3747.52,268.7789023409037,12,2,0
7299a6d43bbbabe99351c323ca329949f7bf2b137de9f08eb258d3a5de2d2098,0.0301519266544872,0.8529074721164669,1,27.2,5,482.2,0.0786904551296026,0,312.49,5.3,0.126,16.444000000000003,17.87155093379884,56.85974667237421,39.0,7,136.0,220.0487757029516,3,2,0
0496d77836d10d9e4a480efd586974271a80747059af3fb652cf9c6fa2ad79ee,0.0161122388408721,0.9201584388979664,5,199.129,10,890.0,0.0172733384027066,9,936.8,56.74,0.509,16.802,20.969319410797,48.11291743641086,65.0,2,2348.85,222.16733480206,8,3,0
6465ea666aa841498ec31e062e016e1ad62987ddbd0cb2f6d69244b4fd418325,0.0826031138533374,0.7958556149732621,0,83.0,2,770.0,0.0617647058823529,0,283.69,4.9,0.195,147.87,75.23706143828065,239.66057164420243,0.0,5,188.0,56.95865866337508,3,3,0
f7fcb654dc2e0410c5a3fa9286637fa1d84697bf7502c7f35d686e3a04ba57b3,0.0136198959439949,0.9197660656129956,3,24.02,3,505.4,0.0,0,623.82,11.64,0.2133333333333333,16.253333333333334,5.269027209155383,24.26769422326015,0.0,5,72.06,71.55531410933808,3,3,0
dd79cdfaf3c2c10b5436055306d56180726270d489cf692b5a48775200d55cb4,0.0636773481907896,0.8544341566080159,1,89.49714285714286,7,1233.4,0.052375632353254,2,782.51,23.16,0.1557142857142857,43.25285714285714,33.25303554927854,108.82853059093904,201.0,4,626.48,219.3987881031236,7,3,0
a0289da05ab19bfca6d1ce64fded92b7adcf15e30a8066baa3589b2dea540b5a,0.0196425063838145,0.7994057828298412,4,114.348,5,972.0,0.0772806094614605,0,767.0,20.72,0.244,28.344000000000005,28.542729104887115,87.81450923755052,97.0,3,571.74,114.31259352738128,3,2,0
8b9c3155348e9c1a0fe0cebfd63ee8c8db872f20df52912b21bf0bd0a7398873,0.0493437284121187,0.8374772179200458,0,58.0,2,350.0,0.0495356037151702,0,164.61,2.81,0.12,15.95000000000001,31.97701648480201,73.83217744314243,0.0,14,116.0,323.86577199688907,2,2,0
2c95a7a7133430135c9b8da0b2c2225662a2f55fa41aba2fec934fa0dbba599a,0.0696247107749328,0.8009363997639366,0,65.53333333333333,3,399.0,0.1212338127155592,0,113.19,4.46,0.1766666666666666,43.06999999999999,62.08595280603362,162.4898738768381,0.0,2,333.1,95.119237735943,3,2,0
99e089816ac600e9a4488e7b507012435f4bc7d2d19b8ca03d04bbf389d26113,0.0795127157496761,0.7828297307694555,1,243.3333333333333,3,400.0,0.0692770959834991,2,382.96,15.24,0.4866666666666666,44.61333333333334,54.84919479023126,130.74069602500757,0.0,12,730.0,338.075611919563,4,2,0
fdd68af05767044f8d030192cbf9e6b0e50eac19705233d0944bb7fa5417e03f,0.0541438139624602,0.8067327521922513,4,112.467,10,871.37,0.0856052731704997,2,938.93,33.55,0.185,37.014,48.48178243531272,111.44255606373606,0.0,1,1124.54,161.78426400365905,7,3,0
c231a4a73cd5213ecbd8fda97fce347f715b0194be99f595336d526f7ee61f83,0.0152370504117813,0.8523902229032844,2,282.0,3,548.1,0.0211371207776958,2,631.31,22.07,0.3033333333333333,44.120000000000005,31.083290120131142,96.66352851407146,5.0,8,846.0,202.4458091839262,3,2,0
d84fd01afa4ada1cf682569ff12de9f26ee6830d8dd8ef84eacbd83c33125096,0.0271637443911835,0.8648343382306644,3,176.51166666666666,6,484.6,0.0293459070235562,3,649.48,26.66,0.2083333333333333,31.686666666666667,17.160380458170806,67.559188794056,0.0,3,1059.07,155.71073423951844,6,3,0
5002cb1540773dada93b997cc3386634ca9f99ca7281bf7a56cebd2f8aecd03e,0.0523056354380189,0.758753672841846,6,169.46142857142857,14,345.16,0.1230980942953022,9,769.26,53.28,0.4285714285714285,29.67285714285714,33.74990875063714,82.94768894611921,167.0,1,2372.48,306.086419033154,19,4,0
ce227e6b357e00a218cd6906c5206a2c49a174cc4d9eb3f82393133447d2a07f,0.0612182430364249,0.91762166144749,0,223.9466666666667,3,387.6,0.0049954586739327,2,190.91,11.73,0.36,8.913333333333332,7.887271398235612,19.199105407929714,0.0,18,682.54,253.8110388069939,2,2,0
3f51dd331086f7193c18cabbf8492b3e9b43040e1353fe92788667258ad9c134,0.0369023663025391,0.684183241805456,1,278.40666666666664,9,501.46,0.1179465628201168,11,782.37,56.04,0.4622222222222222,64.69111111111111,51.22268544865311,146.77509589349114,133.0,1,2565.0,329.2329269007256,12,2,0
03d553d054faa8586dd1e587d3fd08b93e821644dd933feb15ce308d8f1f670d,0.0,0.9214830970556162,1,80.0,1,168.36,0.0,0,298.9,4.54,0.1,35.70999999999998,3.667959212982847,56.26819245176938,0.0,18,80.0,0.0,1,1,0
6b0b48b12cea28ec2efbb23c045a5cade87b8ccf40eba12ac0b5631b4d1bd3cb,0.0334941050375134,0.7302408962191101,0,59.13333333333333,3,756.0,0.1509414891263467,0,164.11,3.42,0.7000000000000001,44.08333333333332,55.57228890077237,138.59456700271025,0.0,10,177.4,118.39793739360437,1,1,0
ffc0c95425c65648fa7b9a8cabe3f816fab9e5c4c520267b9c63f4b75d7dbba4,0.0,0.8689655678233758,3,55.51333333333333,3,624.0,0.0655383930841596,0,593.88,13.19,0.2433333333333333,25.83,41.19431962959665,86.9995132301296,90.0,5,301.54,35.109985445202376,3,2,0
5be468fcf62ff86bb371a74e6421e6edd0015cf7a3d85c2d934e3c2a53a7662f,0.2006420545746385,0.7638036809815951,0,12.0,1,375.0,0.1533742331288343,0,301.25,3.72,0.04,39.27,50.75830900796317,130.06503427212817,0.0,13,44.0,0.0,2,2,0
877c7a16bf0f37a7da9ef83e0d8a87de9d12a6f2f26e04ec7736570ccc191863,0.0309193311105119,0.8882799617225331,6,137.94727272727275,11,395.5,0.0211245040918312,6,1013.36,50.12,0.3681818181818181,31.87454545454545,44.00162909594464,99.57618004576274,57.0,1,1846.05,227.7308998663093,13,4,0
3ee4ffa1e4c241ae8a9ea222235925e77c81a73b1f0c3570737356636ff63beb,0.0179443008900373,0.7123643120542802,1,324.51666666666665,3,375.0,0.1364931158593528,3,206.91,16.8,0.32,47.29333333333333,39.75719978569074,118.31977920880256,0.0,8,973.59,107.88979944731273,4,2,0
6777416c441c8509b175f34b19a900f49c5eb0f3bc59b98916e6a431e7b3c8e7,0.0647276790808766,0.74937761749651,1,104.69499999999998,2,391.21,0.0785966340933767,0,345.09,6.49,0.185,82.665,36.62852827472775,163.49052881819452,0.0,13,209.36,42.18375913232731,1,1,0
f8cdb6998d28d44bde22174500cef41e5eed3ccb58c174774c06a00932d5a2f6,0.0,0.825891285065597,2,98.66666666666669,3,375.0,0.0449779578219944,0,363.96,8.13,0.2666666666666666,95.06666666666666,35.74235745474838,161.74883459971605,0.0,13,296.0,61.664682222158646,3,3,0
da8b30764fe308748096cabe8041156505802d4ca514aa8af562ecfc012c8619,0.0466140732190033,0.807054141714801,1,135.28,7,598.72,0.0690525799628557,2,616.11,22.7,0.2585714285714285,55.43714285714286,23.513404335688968,105.30467651377036,0.0,6,946.96,101.95855970092056,4,2,0
a7e7e3cdc04dc28b2134374782db1833fe7ac65c112ea1a3cc6d6a6b09043752,0.0197264506307329,0.7541427953665721,1,129.4,5,539.77,0.1511610120489748,3,845.07,26.43,0.24,38.1,42.83384972138676,107.95621739274488,30.0,1,647.0,153.31280281497737,3,3,0
3241a52d3ff10054a4b3394ecc8c6ed8efc7006f6416a2bc656d3cd9028d033d,0.0688121654531328,0.7742128285621659,3,121.57857142857144,7,605.02,0.1015849692082343,2,526.54,27.43,0.2542857142857143,37.02428571428572,38.68134145922859,117.40516935451994,129.0,5,1568.13,149.0826319825456,6,2,0
0d631465d1b982afd9e55b8b827c8fb8a0e8b000bcd534823457a3d46a75966c,0.0765243879141353,0.6871753401121818,1,116.05875,8,693.66,0.2019015110968272,2,269.11,15.6,0.24375,53.34375,63.85201035442447,136.49310155541937,157.0,16,928.47,91.68616067296544,10,2,0
47c5970158a5d2becb33053d703841046268b25b3ec7b6f9632617d957cc4f93,0.0463576834715168,0.8432476476365837,9,192.56,10,1146.28,0.0172395288969263,3,1028.33,48.1,0.315,36.716,40.20738631852125,108.20467644995615,150.0,1,1955.85,253.3168198073298,8,3,0
b4966b70a4ebc4314dcacd4cc4fef73b6f440252c2978e61132b883e741c75c5,0.0,0.8997200648507827,0,214.46875,8,488.4,0.0160633575834111,7,616.51,36.9,0.38125,28.633750000000003,17.010764994117068,62.28695550863513,0.0,4,1715.75,82.16551604625865,4,2,0
9d5ece41f5151e7f8af7d8ea17e57b3f3813baa19c1a32cccfcf01286f3f065b,0.0647675709781011,0.8430877306732284,0,19.966666666666665,3,425.0,0.0989333715980293,0,166.59,2.26,0.73,17.596666666666668,23.0510599628724,68.04423202298688,0.0,20,59.91,254.3148441941891,2,2,0
43c2082073bcb843e43086e2793a7bb4b996293f4c2db06dee181b9c122f1c89,0.0,0.6183431952662722,0,56.0,1,325.0,0.0,0,34.29,0.9,0.22,38.290000000000006,63.34322036326986,161.3844872487609,0.0,25,56.0,0.0,1,1,0
793592fb4de9d5a20a307f670c6bd3841714bb6d69d3bbe4a58a73f036905c43,0.015906346933267,0.7232513664213401,3,84.06142857142858,14,787.3,0.1568608945239036,5,1047.42,43.93,0.2564285714285714,39.67357142857144,34.872169561025345,118.00754049911411,0.0,2,1541.67,234.5616894005755,7,2,0
bc861a3fd5c1b9f5ed1da0355713fb559261cfbe06aa25b92d71ee3943a987dd,0.0130072840790843,0.8538447783821729,1,79.75,4,606.0,0.0193370165745856,1,580.44,14.81,0.185,30.800000000000008,25.121839094249747,73.5010351116586,0.0,8,447.0,115.5531210993982,4,3,0
7c7677fc78fb31938423ec7a934ea9778eb57f595178e6ff606d09c1a6d929af,0.0235222167337049,0.8555518328712982,1,98.00333333333332,3,595.92,0.0,0,521.21,10.3,0.1466666666666666,55.98333333333333,28.434702256273063,107.74946935132864,167.0,6,294.0,118.18966263413664,3,3,0
612a4b28e6a26bf5fe18fc8dea5c42b51f6c7bc62dab2f39fb126aad9eccd65d,0.011880999904952,0.8339075579086259,0,244.02857142857144,7,674.8,0.0528584395943521,6,372.56,30.83,0.4142857142857142,38.940000000000005,31.258008136955883,89.76161333476799,54.0,11,1753.71,191.6768524208572,4,2,0
3d258d6768be3612ad16e6f9a37451c1d5b03702c8ef7224b8439e48381aa6e4,0.0,0.4391025641025641,0,10.5,1,544.0,0.2243589743589743,0,99.89,1.1,0.07,44.67,56.21993911532723,117.4388769198264,0.0,19,10.5,0.0,1,1,0
6f1082f28ac6bf688390af49eef39e3bf1f7dcb2448c6e27df41f05caa4030b1,0.0,0.8452139037433155,0,102.99,2,350.0,0.0371657754010694,1,220.8,5.77,0.26,41.78999999999999,38.51655536892172,122.14114444042151,0.0,21,206.0,63.92133687716462,1,1,0
715f2dded4877348a8208c9c584e1c1d47a15683e2486ba8c7179daf98d2e852,0.0484308407593955,0.8938820311991293,0,44.0,2,375.0,0.0311572700296735,0,110.51,3.03,0.205,49.43000000000001,90.38447473626658,179.55205606558297,0.0,19,192.0,113.44625630586694,1,1,0
b631efd9a3c8acbf344fc9f34d1f441a0c4493ed9f15a6c8b1b427062d47270d,0.0531997350172846,0.7105023881037353,3,214.3825,4,937.0,0.1718399357113017,2,577.54,21.34,0.1775,47.752500000000005,52.42026091384435,144.02938599735884,187.0,5,857.53,253.614750725374,5,2,0
f6552b3b551614fd6909571fdc6584035a5df0d1c1aab3fc14adf761d6079c9f,0.0201630343904162,0.8861045246864091,0,181.28333333333333,6,419.28,0.0047441779536067,3,308.2,18.75,0.2233333333333333,29.593333333333334,24.30281591063841,76.28070883421931,0.0,12,1087.73,188.6445515654564,5,2,0
51a5c5a59743e75de6248071388ee48708b6f692bcc470446d2d585eed3fbfc7,0.0062802235759593,0.866244221576183,1,103.473,10,1130.84,0.0500660462678163,3,546.05,22.83,0.345,41.742,32.70450910818237,94.36828356048976,72.0,8,1034.73,150.23767559767117,7,3,0
bcdb8f6a73d39bc3a2ff8138c4751435e99656a14812c316509f7da96fb567e0,0.0,0.8312953555878084,0,184.5,2,350.0,0.0144654088050314,1,129.49,6.48,0.435,74.39999999999999,59.6951665069282,173.37966915440344,0.0,29,369.0,82.90183715896785,1,1,0
b743139e954fd7b5695a9ef3cff1ac2e48c74917749b451a84b9a56c5cdb5d3f,0.0333834084460022,0.8359763571865982,0,115.96,3,350.0,0.0519125683060109,1,180.49,6.88,0.2433333333333333,56.35,48.6646558181092,141.79029521470508,0.0,12,357.88,75.4984430281116,2,2,0
4511ad29d48bbb569df1ff4af80fa497de5b4b12f668f4ca66e88913fbdb4287,0.0,0.787124060150376,1,91.61,2,375.0,0.1308740601503759,0,531.43,9.45,0.35,32.004999999999995,26.18193364217548,85.74011371376415,0.0,9,183.22,230.7078978123246,1,1,0
4fb306397ccab6603447eb0f98bbb5b7682669ad528eb3ac7bbff02314c77545,0.0459596608999236,0.8427532713718744,2,186.726,5,588.0,0.061492059107858,2,482.08,19.22,0.362,40.25599999999999,25.418726283958044,98.93820292579814,117.0,8,933.56,145.59557834665634,5,3,0
07255a01280da8ef4776fb35eddccd0559f411038c6105a4ec075b5d25fd4ffc,0.0388559331208396,0.6670959858739577,5,79.51428571428572,7,880.14,0.250310391423194,2,912.1,33.21,0.2128571428571428,67.54857142857144,38.42620947972346,155.4101487668059,182.0,3,1107.72,145.68048152940153,2,2,0
5d155acf97e792539c639d84b64069acf5367bfaa158903b1a7b817dabcbbb42,0.0828460800941808,0.8738816542783395,0,129.63,2,415.0,0.0491166443482704,1,393.1,8.68,0.45,30.42,61.520616332108304,130.66027174821195,0.0,20,259.26,119.4139681441294,2,2,0
04d82fa8ce7d777e84c5299c0d4dbad2c1e9ddb479550b34611dabeb3b9e492d,0.0133060116560662,0.8660579710999878,1,267.5,2,528.0,0.0287328690690035,2,172.13,10.89,0.2299999999999999,47.29,49.63374872869663,112.3208308443977,128.0,17,567.0,81.19260035084989,5,2,0
353ca8ea8c9f2dae53c861427475cf05066273a33bc32ffeac63fc43965f4d1a,0.0423157766682242,0.6863703435968156,7,149.40923076923076,13,608.11,0.211578921594686,8,785.4,52.78,0.3138461538461538,78.02230769230769,71.81472574504859,219.23670472665884,201.0,1,2382.15,398.11478369868746,15,5,0
4da09a256a93d938468d7e7113798a502d3ae7122200ab6a91500ba4747d30f5,0.0239892159474348,0.8098979654074698,0,318.29,3,375.0,0.0699240165432336,3,214.82,16.2,0.3033333333333333,66.71000000000001,27.17205110205332,106.55501818772125,0.0,15,954.86,141.88386576122065,6,3,0
9a2dd2b1e4f9342270a468e6cb6690e2630807511decc802d8cc0d1de37916c3,0.0,0.8412698412698413,0,19.11,1,307.0,0.1448412698412698,0,471.67,5.9,0.0,84.35000000000002,53.9226858184912,189.51427178068653,107.0,7,19.11,0.0,2,2,0
e2441dad9fe6114092d5be53197df53c1c65503c98ccb1664366ec03d9ebb2ab,0.0,0.7447002951905763,3,67.605,4,1018.58,0.0957429215735404,1,718.3,19.07,0.3375,45.7925,42.41186148634919,119.96870569473695,105.0,3,428.42,113.05399345066004,3,3,0
c301445771c54213fa88036da787b3963dd82c260caba875fd6fde2daa618c6a,0.0232441864053065,0.8230320114567724,2,135.94166666666666,6,521.49,0.0553606008664,4,627.2,24.25,0.2833333333333333,29.210000000000008,32.296503490292224,83.69336709405921,0.0,6,823.72,214.3925922170376,5,4,0
be29a02f708dde49b51d96bd2bf221ddd6bb98132ae56682ad91f65c9756fc9b,0.0177841010136936,0.7920347391224392,2,109.16,5,1170.0,0.0774754521123062,3,384.85,15.63,0.248,69.49600000000001,50.94516146452087,162.47567257709488,102.0,5,565.76,199.6338837308132,9,5,0
e4a02ec5b9a5715afbf23ee3d31b17b40f103ecf6d1cc5f8e3cf2dbf10433834,0.0,0.8710832675351583,0,169.29222222222222,9,505.76,0.0192742103973654,4,981.8,41.27,0.3522222222222222,44.42555555555556,26.63691517225581,105.06587372451264,239.0,1,1689.64,224.48675515396013,6,3,0
8165a0ca2bc70846e0b3fd7cf36f7586c07b27b33dd0db3eeea0cdb573fa409a,0.0687695163780425,0.7268410378377518,2,73.67090909090909,11,866.6,0.1366169748242945,4,603.12,24.01,0.2263636363636363,51.49545454545455,49.966762868180425,140.70279251316828,220.0,7,810.38,291.0423534709948,8,3,0
96e7b920af7a03c11394eb78f3162d9bf7ec2545345c6806a9a6de1ec21bbbe7,0.0,0.8136439267886856,0,68.6,1,350.0,0.0765391014975041,0,55.03,1.24,0.08,51.83,55.33427206582138,117.4431054375585,0.0,28,68.6,0.0,1,1,0
85d51f6f161547ed5b4aca9ebc3e3c86f3b8f761b3682e3a2dc1c351a027f8a8,0.1004621257785811,0.8545399331916186,0,41.125,2,700.0,0.0187265917602996,0,148.29,2.31,0.345,23.935,25.03185107260722,49.27402744605032,0.0,20,82.25,90.37040019151635,1,1,0
dbb31e1aa5f8db366b996acdc4694b64d38a5390ce2dbd102f6ae86fb64b4267,0.0955474871010891,0.7004830917874396,0,26.0,1,350.0,0.2463768115942029,0,75.03,1.01,0.5,11.45,25.31052778618724,39.70415584012137,0.0,20,26.0,0.0,1,1,0
8c38d883910a8bbb73d148aa4e987f20dd1bc5e3c5082ba9cfc84bb84583ff0a,0.0704459103287655,0.8635390699753589,1,43.6,5,1216.0,0.0547054575465074,0,953.46,20.34,0.098,30.295999999999992,16.729950597462146,71.5363104014453,66.0,2,218.0,65.39383806048491,3,3,0
18b770b6a1087706cdaa463d300a8e9672bb19cc8d85249b393c458004e71d0b,0.0304191762487071,0.8828547317661242,0,64.49000000000001,2,350.0,0.0135623869801084,0,347.09,5.22,0.135,22.265,21.9868488186046,54.44413156527771,0.0,8,129.0,484.4228129573788,2,2,0
aa461b09c6decdcc2a74229906e120b6318b69111623def42fa2ed1235fcce9e,0.0246227472027787,0.8287413681018,6,180.708,10,148.0,0.0934765358367743,4,920.24,43.91,0.38,25.56,19.284289912425937,64.32859301829225,73.0,1,1807.07,172.01254133341325,11,3,0
28e33672ccbebebfe791f0e381bcc7e7d34805cf42aef49e23d646043b9fe90c,0.0,0.9598853868194842,0,33.7,1,350.0,0.0,0,106.81,1.41,0.05,17.09,17.343787139123002,56.94722568216668,0.0,28,33.7,0.0,2,2,0
15239dcfb54caa241124e04e7050b897dd6bfc616411f1e737e0f3ac6e097239,0.0592159736729229,0.8497879426697703,0,168.2711111111111,9,541.4,0.0330574265974242,6,608.92,33.94,0.4422222222222222,35.06666666666667,22.97645214946054,66.65651199597474,33.0,6,1589.24,254.53542207419449,4,3,0
eb1c3978c63a5df395640223bf0705c23a9c2d8661482689eb198c015ceb744a,0.0,0.8714630779848171,0,68.0,2,325.0,0.0201863354037267,0,82.01,2.18,0.135,37.21000000000001,30.945725351422567,97.14757899211044,0.0,29,136.0,77.50869778575782,1,1,0
8ddfc3f2452bd7d18797f60ee8287608e44e4fbc78f51425077ec7a805166196,0.0555280522846879,0.9309787412516388,1,68.14833333333333,6,892.0,0.0161937133884328,1,735.18,18.62,0.265,25.67833333333333,6.916862306985951,44.38160374695696,0.0,5,440.9,70.50106285697501,4,3,0
4a01ebbe58ddf0bea49523a27826c74622964f694296d227a85d7909ead39bf9,0.0464249210678744,0.8429205535690254,7,111.4090909090909,11,693.64,0.0420962444599185,2,784.85,32.2,0.1554545454545454,21.887272727272727,29.430579717113982,72.0598509672563,111.0,2,1225.5,187.3525438093229,16,5,0
9f581b3315b10446fe5feb1b363a92bdb6f4f5481b5749bbfc067dffe93890ed,0.0158313016496216,0.8373152727318907,3,404.125,4,382.8,0.0473514889665409,8,639.42,39.48,0.3575,49.2175,34.691735911180515,118.26123033448928,0.0,2,1616.46,233.183708893056,4,3,0
736b6594b4d7ff06bb560b83f9d977eaddcaebcf0a20c345da1d6cbfee8a1514,0.0430780640679775,0.6638542868995914,3,155.40666666666667,3,773.63,0.2325508638383095,1,357.27,15.1,0.2666666666666666,73.35333333333334,26.053761816411463,137.7943048605636,0.0,9,802.22,313.91915954298327,2,2,0
5e2b2f939311d5eaa7390e09b087ca1ba9a9dca4dc1e4b377a27d62194005f3c,0.0410349013006237,0.8018343243595714,10,73.10571428571428,14,1082.79,0.0511600223468847,2,828.36,32.77,0.2171428571428571,24.00357142857143,28.202348121769656,76.12438042304534,252.0,1,1023.47,219.5571863556396,15,2,0
22d65394420dd330112296f597d39b729ad41a8caeb1afd74fe5e754d6fa5e9a,0.0127465945220547,0.7896837825088284,3,194.15,11,403.3,0.0956995142544892,9,630.22,45.94,0.3654545454545455,14.093636363636364,18.93666431983415,45.0290332609809,0.0,6,2135.65,238.4811054233444,11,4,0
275abf8556d09fcdc86a57b33e7dc0a35ed7b4f8e76c8fe708a3a70cc0c43c98,0.0211304807184363,0.7668106107341147,0,542.52,1,381.84,0.0968537939543491,1,253.01,10.01,0.41,16.53,24.3980363597761,51.03171771384603,0.0,17,542.55,0.0,4,2,0
786387d1e3cd5c6e9259e146eccf1e0aef52fe584dc9c1219c07d56f9ed6bcf8,0.0,0.7692419178387778,0,330.0,3,475.0,0.1139835664340902,3,282.52,16.91,0.4033333333333333,23.78333333333333,39.50693794777489,76.34663096381297,0.0,11,990.0,150.04609206968294,4,2,0
8a2d781012a624fb9cf13654593c76d853fa654a11b111d694fe2a0f5d07828a,0.005372184975073,0.7943994196689212,1,180.13333333333333,6,573.47,0.0547482363596207,2,376.6,18.76,0.2749999999999999,27.718333333333334,26.919285142746148,73.0415476571585,0.0,12,1090.8,50.74716428073286,9,3,0
9ff437fd85a779f03e6619233e8fffbb73c35ed43bfac81a371e970055a28bbb,0.0318502572802877,0.854355652310058,8,124.86307692307692,13,476.1,0.052456947330283,6,848.84,45.89,0.2176923076923076,32.39,33.321349777361306,88.12001622381273,0.0,1,1784.22,198.00481016033524,13,2,0
a57cd4fd38d6d56232e100ed3a5cb8b4004b91e298ebc9f7b293b7ae844562a0,0.0253235078123021,0.6476380888367741,0,49.21666666666667,3,445.0,0.2484641124129842,0,213.52,3.61,0.1066666666666666,45.92666666666667,62.219826383098656,130.59236761585925,45.0,23,147.65,38.680133858007565,2,2,0
3d0d48c9317a067e671d544f3248c57e79f00dab4bcf140fe6a095de05c29c87,0.061782695416191,0.5492018122301817,0,247.87,2,517.0,0.169932159969638,2,171.53,9.67,0.39,66.93500000000003,92.46854683879432,187.9953044411203,67.0,22,495.74,31.94288348920285,4,2,0
6b8a8dbf937239d70589e0922918ed097c58ab5cf6d9aa537233769821cb4572,0.0,0.9497354497354498,1,45.0,1,643.0,0.0,0,940.21,18.28,0.36,16.97,7.064798494308467,33.74699900430111,143.0,3,45.0,0.0,1,1,0
357650a34ab8be38bab5946f4df2dfc63137f279463e7abc02bde1a27ef45f8e,0.0,0.7531504237237314,0,119.0,3,350.0,0.0960998357267765,2,137.98,7.95,0.2833333333333333,63.59333333333333,72.59023760946211,156.60566195096706,0.0,16,357.0,150.82423835321197,3,2,0
e5bbb38a378f7dc366ff1d86b8717aa6dae09e3b3a1fc6bed018703850c323ba,0.0502563071665496,0.9642580645161288,0,16.91,2,468.16,0.0,0,930.7,17.43,0.14,22.685,14.863723097538774,69.17954042204326,0.0,2,33.82,70.31929126167881,1,1,0
fc8a8e63974fd01041bc7943c75a6f27c200abdd8c2076fa990242b240ac2616,0.0315442023316652,0.8867101726348131,0,123.62,6,741.0,0.031443371095834,3,639.11,21.72,0.2133333333333333,23.15833333333333,20.912728701488685,65.82413442005259,216.0,4,741.7,159.8562516761144,3,2,0
d34095f34c9f7cf5ddd9ba0a44067cdbbd8a092ecb04f13f683c106889fe3f2e,0.0,0.7300215982721382,0,101.2,1,325.0,0.1533477321814254,0,85.49,1.87,0.25,39.0,54.46579090638127,120.16800610497944,0.0,26,101.2,0.0,1,1,0
ed4965893bef28d8e659f49ed1f148d880b415957f219025d9f5d25ffd05634f,0.0619902250132253,0.805061946885224,0,48.63,10,1617.48,0.0923129006858967,0,935.75,22.09,0.215,41.727,25.674743728751064,102.5025976342923,132.0,3,486.3,150.96290632448574,5,2,0
2c36432edce9a4b79384e1cd76d89a726e5d0b3da700c07cdc72d11056a370ec,0.031509517376403,0.8986558431396706,5,174.73333333333335,12,69.41,0.036140376977569,8,937.52,52.76,0.3625,20.52416666666667,13.178684406783132,49.01447274273795,0.0,1,2099.8,169.7255663806317,17,4,0
953d91297a0ff560bc457d7c3ff736134e042c62311c18191b8f4f06b2eeeffc,0.0718632097889565,0.8645584359818845,0,140.1525,8,576.0,0.0230818794607454,2,827.15,30.72,0.29875,34.7025,29.442657610614475,87.13190565534123,76.0,3,1321.5,50.421038319117486,5,2,0
4052313b846c0dc870d1d19e53bca124fc2968f7c730e6bed40a997e9281e00a,0.0992654357752634,0.5895061728395061,0,34.0,1,350.0,0.3425925925925926,0,270.58,3.18,0.12,68.05000000000001,77.68349459662674,179.59329508802566,0.0,11,34.0,0.0,1,1,0
9928138c67c807b983b4dab07e07d454373c5c51e3923066e44ba59efe661dc6,0.0174443959877889,0.7967993575512844,3,59.074,5,569.62,0.058386555894739,2,368.49,13.83,0.32,59.144000000000005,38.69084128969308,141.64731448251456,130.0,8,509.38,122.45138699913636,5,2,0
4fe40d599133d91d374441e1bc8845e851b38a2c811e883205da674fd91c3e1f,0.0093175804107188,0.8291918907382606,0,199.9057142857143,7,53.55,0.0293541294771919,6,796.07,36.75,0.2214285714285714,23.672857142857143,26.410194968128515,63.1209364325755,11.0,1,1402.34,156.5012722778711,7,3,0
b17392fa083740595680c9f5afa18ea7f1cd2e883ef8fdc3dafcd3eb453c9e18,0.0,0.9285714285714286,0,39.900000000000006,1,397.6,0.0,0,58.8,0.99,0.11,45.22000000000001,61.77366459525314,146.66689955738218,0.0,28,39.9,0.0,1,1,0
79d336e98080f7f145fad2f29454285084604d020d2d68c6e0803622e7aef20f,0.0021869395967283,0.9137053932774144,3,140.1175,12,555.84,0.0016233766233766,6,745.76,39.79,0.3433333333333333,20.9075,16.538914646848415,53.5654514562124,55.0,4,1681.47,73.30172730540208,7,2,0
ee83d33d517069018af76f73ac009a75888a4d09f99161f616cdd7436acbcd5f,0.0428560994157997,0.8712509889871253,1,101.6,4,1083.0,0.0542151162790697,0,743.94,17.99,0.49,34.459999999999994,35.16878581189932,90.2226871354161,83.0,5,406.4,101.92756563280948,3,3,0
b75c5aea3d797636cac0b8e9f97fba96bb4aa4f01f509cdbd82e8f4fc26dbbb6,0.0300354418213492,0.8023132850197771,0,245.53333333333333,3,607.0,0.0687441131457344,4,986.3,32.22,0.5533333333333333,48.15,48.12154258024884,130.2573717723878,37.0,2,773.6,88.61489722211816,4,3,0
5277201183e13b93c25ee0bcdaecb6ad02ffc8dc3e2d75c089af978be76d819b,0.0,0.9035532994923858,0,51.3,1,350.0,0.0,0,114.48,1.66,0.23,50.17,19.975692258725093,93.07197898006972,0.0,19,51.3,0.0,1,1,0
dc91482e0619ce7b513758fc49e8e9dd99d9ed72c9c7336af5f2999920a2a70b,0.1002305302195049,0.5723076923076923,0,174.0,1,350.0,0.2723076923076923,0,71.29,2.45,0.22,58.86,109.5233385885214,199.3153487065534,0.0,3,174.0,0.0,1,1,0
e9cd59b8c0e1e9d643fede980b45fd7554868b2174b051446e9f2180b2336e34,0.0329543582138737,0.86129584074631,1,46.75,3,820.11,0.0581841432225063,1,453.32,9.05,0.1533333333333333,18.37333333333334,29.2039184486376,67.47051881943422,0.0,4,160.26,53.75668833387846,4,3,0
d7b3a75164092b5bf4870df38260fd42246e6154661c3c980855a7cfb632cb53,0.0718766711641746,0.7052950799621077,2,96.08333333333331,3,511.0,0.1955481527773396,2,427.15,11.96,0.1166666666666666,24.23,21.35160794183108,65.2024391873937,48.0,8,288.25,39.380932723699374,5,3,0
653ce4cc139ea2be1f0b48a383920ffdc81c52a6a3adfc606c96c0e372170e52,0.097389949357226,0.8041543026706232,0,20.0,1,449.0,0.1097922848664688,0,282.09,3.2,0.08,8.579999999999998,13.609071821563177,36.25430593458383,99.0,11,20.0,0.0,1,1,0
33cb227760350f00fbcf889269026d55c9f82e83cb97a03373e3580c8c34fa1b,0.0204119672020301,0.903578794824756,3,161.6233333333333,9,187.8,0.0261638536107969,7,928.03,44.26,0.4266666666666666,16.490000000000002,14.48251238692775,43.3586738157451,29.0,1,1523.54,134.5295500668354,7,2,0
31be3f4e7431829592e3e7d4d15700e3cb27102c5d9bc94a7ad8fc0d8464d490,0.0,0.8936328365785562,0,54.0,2,395.0,0.0173501577287066,0,480.83,6.93,0.08,7.219999999999999,10.891126107634395,27.02225918649696,70.0,3,108.0,13.317362402411732,1,1,0
556f20d1c91acb9890381a4816ffc189c9981f916c8e35e10129aa2c2d1eb987,0.040896432448269,0.8123445608968894,5,184.42666666666668,9,459.8,0.0609288067494526,5,651.95,36.74,0.1533333333333333,47.90555555555556,40.89182830384984,126.63343861560035,110.0,1,1660.81,131.5346164352456,8,3,0
cf4c4ee52cafdf79af24e8bc60f034427d6356b50649e3e1b84649061031e65e,0.0122895416000983,0.8501804130879179,2,123.538,5,408.25,0.0214606095457159,2,713.29,21.84,0.298,28.33,25.88008356230166,84.59944817243829,0.0,4,617.69,66.3479141090517,6,2,0
6f2f1b327daaa8ad5491b275f74d80e4ca78dd43154f0c6972c7a445be3ce123,0.0413264253915752,0.7906811845911711,1,371.81166666666667,6,61.63,0.0727820990090175,11,678.3,50.17,0.215,38.1,31.4994278611134,109.72258939042467,0.0,1,2238.87,234.8581156751169,14,5,0
a717d10f627e747d9e7ee2af1f56b1487551d5a89888e0301b9083528de4f45a,0.0625587209033253,0.8077256614056663,8,84.4,9,439.58,0.0908748165422666,1,784.63,27.54,0.2277777777777777,59.620000000000005,33.56788884325457,123.04255492533576,0.0,1,759.6,280.4439990003541,5,3,0
1f38cc6e7406abf74db485bd17dc0a67c170b71de6c1fa0f21afda24065eebe4,0.0,0.8,0,24.0,1,350.0,0.134375,0,148.8,1.73,0.12,55.150000000000006,44.85787846676565,129.09230048938235,0.0,18,24.0,0.0,1,1,0
f329d74f546eb349511b492d93d66e7fa2b913f54b775ee0160bffe372b02b5b,0.0605012686188002,0.7934425034362872,2,118.89,6,959.27,0.0999068902889893,4,522.54,23.23,0.1966666666666666,29.47666666666667,17.40390909806167,56.406668359541904,39.0,8,933.82,207.0646385774044,11,4,0
496ce850255c86ff4c4404195fda93219f001a5b26858aee9518df26e891315b,0.0889125989152664,0.5975103734439834,0,180.0,1,350.0,0.2033195020746888,0,125.61,3.3,0.52,136.54,24.630486142418405,232.94399139614487,0.0,26,204.0,0.0,1,1,0
4a0ba17e5638849606b1fada9aed6d1741da86dfeb036cb9b55dc7d1d6f3397e,0.1005631536604989,0.7662337662337663,0,36.1,1,374.0,0.198051948051948,0,75.8,1.12,0.12,44.05,72.41407923636598,140.22169127261537,24.0,14,36.1,0.0,1,1,0
5ca52ed6ff70eeb84306ec114f5df42e12e2408aa3b127c9528d525c19e48737,0.0255671243015017,0.8083882717395885,3,98.15666666666668,12,995.0,0.0745761131116638,4,976.18,38.93,0.2766666666666666,33.32666666666666,31.930124831993904,105.66367073350676,100.0,1,1219.88,107.3583669258074,7,3,0
7ae5e00385fa67cf4424289d1d4efaa462c13f177b833c6072da0b3c3ab36dd9,0.0255776781678026,0.8016138750616888,4,131.32,8,611.1,0.072649485007753,2,645.2,25.46,0.41,36.74875,32.878716227124485,91.92329327585472,141.0,4,1050.54,317.69492950977155,5,3,0
26eb114888c1f0dc4508dd743e284ee4d997c9eeaf963d7d84a5b80e66b49342,0.0514564955009264,0.7847276479028638,0,167.76,5,420.0,0.1239413116519661,3,283.37,15.91,0.25,40.264,42.22408453833234,115.1941164188559,0.0,12,838.8,70.1499485462686,7,3,0
e994100cf7859094ef46e8b4727128d11d69d8266c0fbb23f852eff265cfb09e,0.1004419445560464,0.9221183800623052,0,28.6,1,368.0,0.0,0,155.1,1.84,0.05,15.310000000000002,18.492384403929545,50.14640541934477,18.0,24,28.6,0.0,1,1,0
369538008d10b0739a8d788205fbfeb7ebf92472950960378f33c200f14cf482,0.0,0.7530487804878049,0,197.0,1,325.0,0.0853658536585365,0,81.03,2.78,0.35,24.11,31.373554095098747,73.60565271055246,0.0,31,197.0,0.0,2,2,0
2addc75a85194ee70ff23bdf5ee3bd4f169bb6057ba61760d363abf4904cef9a,0.0278882186531138,0.8741985401174425,2,94.39333333333332,9,794.8,0.0264149894622401,2,961.61,30.36,0.1555555555555555,34.855555555555554,28.318973899446966,92.7421654941,16.0,2,849.52,292.198110933366,11,6,0
a89e9b8ba994538fe5a4af0a897c72320f03c54b45cbd03292e0e3d9ac814def,0.0618180853277214,0.8005312645100393,1,156.99200000000002,10,107.8,0.1139012777431763,8,993.78,47.89,0.403,34.078,29.68546080857103,89.18196768616475,0.0,1,1571.93,142.68531365723237,12,5,0
eab4327df1ef886e30aca315c65993fde370079a91fc9fcedac6269c6ad4da43,0.0630259575810174,0.7772820915864828,3,136.86,5,660.4,0.1120843231856485,0,284.36,11.94,0.258,40.33200000000001,49.37239580723122,125.52721563261116,77.0,12,740.3,84.17053569207994,5,4,0
3b8a233c2356103f741b682f4df9720a147362d25ac92c262b1d31bf5a527002,0.0339743154175442,0.8378057685286602,0,163.6,2,350.0,0.0559353401065075,0,232.19,5.59,0.1999999999999999,30.49,13.595349454666884,58.48195736687101,0.0,13,327.2,163.13251821195897,2,2,0
abb9630ffb7a7951e604d0a000754bf8de2b671ab834f701df0618197007cb57,0.0227977384643443,0.8188479068071024,0,172.0,4,758.0,0.0658654803904972,2,572.52,18.52,0.3725,43.295,39.45091832015378,109.51381661167296,183.0,9,688.0,268.8640062594339,6,3,0
dbe090ad9644ffccd85e91db2bb5c36c6bf4577d774f2930e5a74154946cfdbe,0.0,0.7031570810669486,0,176.43333333333337,3,375.0,0.1137532752456789,2,468.85,13.96,0.1666666666666666,37.970000000000006,33.59688520964431,112.24467398750568,0.0,7,529.3,242.2712682028992,3,2,0
50b089421d0cd2eb8f94e4e8ed7c3aa302180d5e7c5944abb82f88b246ee5faf,0.0390420485022642,0.8224269105829644,1,306.9475,4,399.96,0.0488777760936407,3,476.54,23.06,0.3725,48.1025,38.8018905955022,119.8193224937915,0.0,15,1227.8,272.56916696944614,5,3,0
225005c00e2bf5199582e2d03fdc04e0b69132c7a6d0c2d4d49d0887d0428cf6,0.0,0.9745762711864406,0,28.0,1,350.0,0.0,0,74.49,1.02,0.25,69.47,31.32270496706747,129.33501777110664,0.0,16,28.0,0.0,1,1,0
2c26d2b02752a624eb9dd470368a8e952970c30c7c29038242230bf638e66428,0.0217333038339526,0.8228656066900383,1,207.3033333333333,9,659.28,0.0517017686366343,5,603.61,36.2,0.3166666666666666,33.653333333333336,42.457048142201735,106.07943788460848,4.0,8,1877.7,151.2741190438736,12,3,0
84bf9994bde51f80a5600ec9cf11217b3ea192690824423d836b33341d1553ac,0.0481556390253296,0.8526331273904089,1,112.35,2,475.0,0.0666960870844365,0,805.11,16.7,0.175,11.754999999999995,20.94047335646368,50.60796861982034,0.0,2,224.68,0.0,1,1,0
99b15b2997db34996cdceac8aaad264063786f880f8d97c70422d90c418235e4,0.2005414619472573,0.3858520900321543,0,3.6,1,375.0,0.5466237942122186,0,372.97,4.34,0.0,47.110000000000014,89.63968235101706,171.57057652774765,0.0,11,3.6,0.0,1,1,0
8105d499d6c5e5ecd7e2367f0c86c2692bb1aa9781d548aa30f2b63a09cd3f7d,0.0,0.5524288085140012,0,165.5,2,375.0,0.3200082540853332,0,122.4,4.53,0.285,27.37499999999999,69.97580926107324,115.79497254285356,0.0,19,331.0,240.87611854601127,1,1,0
a732973d66eabbbed4c902fe2ddb6acbca0f36e900c600b942b0c0e6ae7eaae5,0.0,0.8438179065401987,1,76.578,5,350.0,0.045989944736047,1,237.49,8.2,0.218,53.928,38.873429886940286,121.40508573406666,0.0,11,382.89,384.2061901821408,3,2,0
8edc89c2e7a95c4aa376cd1ca76417a7135b5e83493caa60aa9313d7575bc7e0,0.0122440983445979,0.7817513630321512,2,141.99666666666667,3,636.0,0.0968521421107627,1,622.78,16.16,0.13,22.153333333333325,18.83229100283108,56.53760216478795,181.0,5,426.02,208.83404028754924,5,3,0
5580695a97b6df24d7d3f053c3e47b4d90031c2a376abfba88267c67bce842ce,0.0218032171083132,0.8308266890287354,4,399.41,7,818.8,0.0358017884735313,7,633.98,51.64,0.2985714285714285,35.47571428571428,28.37972670721218,84.65071744408942,90.0,7,2795.87,108.82036464127752,8,2,0
f9b0177424164306dfb1e674fd59b22392476fbaf25f76ae8d07d1fadf4fc7bb,0.0258732212160414,0.7504525045250452,0,344.41,2,370.48,0.0865033650336503,2,182.5,12.85,0.205,68.675,43.55148538271186,142.4955619625921,0.0,17,802.82,201.26592712202927,1,1,0
062da1b42b25d09dc3b3323e8f2aec67ae465b5f600992fea122a0a2451a75f3,0.0,0.7542016806722689,0,286.49,1,418.0,0.0462184873949579,1,612.59,13.51,0.59,158.76,35.30590539919875,236.4263095064939,6.0,6,286.49,0.0,2,2,0
d4ddc0728361839deb196abbee4c2d50d70baae4a4350653359617e103616b50,0.0210757039285111,0.8838358457797892,0,63.13333333333333,3,450.0,0.0250677506775067,0,289.01,4.99,0.1033333333333333,33.43000000000001,28.151651630052708,84.20077512306008,0.0,18,189.4,61.76938133913392,2,2,0
ce72326b7d088c5d7b08370d27dc19f1319126e5cedabd73f2ce937c5b293cd1,0.0361289794437589,0.8200937210568137,5,150.535,8,518.66,0.0715867855550703,3,709.1,33.5,0.2725,41.64375,25.872427092835046,81.24398177390836,0.0,3,1394.25,211.6895304603149,7,4,0
a74821ea4c0293592601eddcba229abe4b429b5b2c043f845194b9c65a465049,0.054904697950992,0.8002077005623025,3,207.0042857142857,7,472.06,0.0729980019765165,3,541.9,27.97,0.3528571428571428,54.32285714285715,29.12233562111979,130.408897276756,0.0,6,1459.04,217.76002953861249,10,2,0
056692e73c5c51d1878224dedafed7ffbd1cb848516f4804b3a755d682a7cde9,0.049617941847772,0.917608989403314,0,49.525,2,350.0,0.0,0,181.01,2.8,0.11,32.93000000000001,32.48158432456528,84.02510570039084,0.0,20,99.0,0.0,1,1,0
d269110e37906f0176ee326bfac3cbcef67c60c7b15f3412ca4c16438d34a320,0.0600592018329289,0.8104032146093211,3,158.8,5,702.0,0.1117053528966404,1,407.49,16.25,0.326,50.354,44.37308915283315,132.65099235757316,202.0,7,846.0,113.88050010974912,5,3,0
526ee01e946c6860e4197024eafeab2a255f893049a4ca40ecc9bddcc431a0ed,0.0200561572402728,0.7213182577656296,0,94.036,5,385.26,0.1682269571119557,2,372.22,12.19,0.218,45.242,49.93040129179852,121.15706257738375,0.0,13,490.18,257.7980883403147,6,3,0
7059613bb986c91a6476a99c082c91920f3dd0b9f46bda3f5031ca6029dd4ca8,0.0198039409842558,0.8840922531046718,0,422.88,1,350.0,0.0,1,146.48,6.19,0.13,57.81,31.86678695298697,85.81972989379682,0.0,20,422.88,0.0,2,2,0
04dbc902a0a0b2015c1b4dd8e43dc9efd9d61cd2eb50e1a563afb778de7b771d,0.0686986014783504,0.7559449769517816,0,379.365,2,751.0,0.1044431843125777,5,334.69,18.84,0.23,95.65,47.44150982807817,151.24560611414722,67.0,8,758.7,126.35364467570616,4,3,0
05c386a0d739e41b6e96fee50ba97b4511f14a7c7f96f81f5f56ce1940a05548,0.0154532038354851,0.9068254816352412,2,196.90571428571428,7,1454.68,0.0064708020283126,3,447.99,26.74,0.2571428571428572,36.91857142857143,40.97486862200301,101.40490499340872,70.0,9,1436.58,135.7195275958359,4,3,0
d9547f007561d48b0e58644ad8becf5ac63743a28d3b37b839c328bbb1d365be,0.0,0.9489175251402155,2,74.84,6,961.04,0.0239728383940747,1,783.84,19.91,0.4183333333333334,12.665000000000004,8.570563436188777,36.28465517976584,323.0,3,449.04,140.56917562711996,3,2,0
9e6dbfa33f0d488c44ddb546e8a90125165f8ef798fa89860b31ba7d71999eed,0.0570728645598822,0.8817184831997222,0,54.083333333333336,3,675.0,0.050557597507211,1,205.38,5.18,0.2166666666666666,79.24333333333333,56.58769248220042,163.11555999301618,0.0,5,162.25,270.9863005192051,3,3,0
a7d2a06982a8b31d56c941e40667e61ff58a35d48279e2fd087c00241dad99ba,0.0391814951585667,0.8124232719885911,3,74.61777777777777,9,1163.26,0.069777086515455,2,636.47,20.96,0.14,18.93777777777778,28.57216718574212,68.29701375496467,138.0,5,671.56,249.73793672805303,5,3,0
0cb811f1b7f4d89993fb5441802c0482f887dcc96d96187da62f0515f9be8dfe,0.0534491412307307,0.6830434910959815,6,129.357,10,699.35,0.2053033695272115,5,827.0,40.37,0.199,73.326,40.46208332267635,142.8434872577416,373.0,1,1536.89,341.7392050894674,3,2,0
ca0ff932f3d55913cf28b12f4eec05c89b6697d2717da1c84975beaeef64bfa6,0.0702592178930838,0.7618339762904017,0,70.846,5,566.0,0.1412045839199012,1,227.02,8.39,0.152,25.306,38.86377268157885,84.81710384646362,70.0,17,462.23,143.8357679479315,5,2,0
6ecbac819b9df6423d0493570fc399ac327c707810a046c992bcf20d5003c405,0.142993326978075,0.6481106920324394,0,107.5,2,439.0,0.2354651082466393,0,236.81,6.02,0.15,37.625,30.60547791059085,101.78301470301412,39.0,17,215.0,87.34947204740271,3,2,0
bea86fc099e3437724252b29031cee10e1d61b0d04150cf56cd5ac0cbf7b150a,0.0134442491474636,0.839805805811221,5,184.57545454545453,11,541.4,0.0588910160739743,4,777.02,44.21,0.23,31.03818181818181,30.950610230415453,84.61664748448939,26.0,2,2245.32,240.27709427960136,5,2,0
edba4fd4a82188e09c1f205fe322e0b1612b163efb3cd6bbbf363fe1e83137e8,0.0572458436255614,0.7400822438466055,3,105.726,5,676.06,0.1539700441207572,2,599.31,19.87,0.236,47.62,49.91904460924462,135.78080548136938,17.0,7,655.63,302.9949786449424,6,2,0
70c078c122dd4d4605920e026c5d1c8427c0ae22e6ca9549ec0b94a23f773af6,0.063883243191282,0.7981644544407901,0,195.2888888888889,9,2041.8,0.0902413970810638,8,855.06,47.8,0.28,61.49777777777778,46.01626827428122,141.71270239064998,874.0,4,2059.01,196.85595555793333,7,5,0
b9e6c288113e7354c7cfda79cc58a5810583b1847fc23378cce4cfdeaac76364,0.0627229817261686,0.807696436069164,0,134.76666666666668,3,376.0,0.0591114892285426,0,158.88,5.63,0.19,24.87333333333333,45.11251811136584,86.47774140816671,26.0,19,404.3,119.96232448055964,5,2,0
9bbddf42b57614703d293c0f949994fde649dec5e74d41910c380c0c0901256b,0.0529976025288698,0.8824341535182869,6,141.44875000000002,8,450.0,0.0368682786270687,4,541.67,27.45,0.33125,28.415,29.06041802302333,81.45362408804274,0.0,10,1157.53,309.996876358831,3,2,0
8c84f13ae59ebbcc615d41877722f54997be1afb7ccea24c098009dfb3d61ecb,0.0551967765082519,0.6081560283687943,0,118.0,1,350.0,0.1578014184397163,0,64.12,1.82,0.12,32.35000000000001,48.40065825053254,98.47919298742008,0.0,18,118.0,0.0,1,1,0
07f3699fe7c705e359127aaef8d7000ef1315f49efd6b513127f17c995f9f32b,0.0580349370320933,0.7666034155597723,0,122.0,1,480.0,0.0360531309297912,0,429.45,6.33,0.21,155.71,40.66862192374843,226.2547382315759,30.0,12,122.0,0.0,1,1,0
1bb8a860ef10f9e19ae3ed7f5ab3845798b2c1ca3225d34638d26255ab2127c9,0.0832086735800537,0.8196166831250877,3,71.5576923076923,13,627.61,0.081287731986738,1,789.4,28.83,0.1638461538461538,38.315384615384616,35.24777663324372,104.36953663963942,0.0,6,1226.97,176.048868785873,6,2,0
b1ebe003a0c4152d7804e71c5fde811f5e81bf1e06e9810416b28a64fb90e359,0.0981643270835378,0.9714285714285714,0,24.0,1,325.0,0.0,0,69.31,0.93,0.5,26.67000000000001,31.84681920458201,93.37097440510922,0.0,25,24.0,0.0,1,1,0
c772b6ca8b4df7fb7fe7ead35978cac2b741bbe49708b302550fe222ff5f09a1,0.0,0.8544313725490196,0,192.0,2,825.0,0.0294117647058823,1,370.36,8.6,0.51,10.269999999999998,9.1583874669916,29.594769221516263,0.0,13,384.0,113.00842603787206,1,1,0
b493731bfd7c472120a8e3762ec81d9ff9d9c84f96ea88a461453aa2f46fe7a0,0.0104179689127807,0.6884947788924182,2,111.25,4,504.27,0.1821355067146475,2,247.09,10.95,0.36,47.14,71.28883410291036,139.05243777378865,0.0,14,445.0,241.62497028351527,2,2,0
352698a98b0fd746149ddec70126327ce47ff99c68d92d39dceb6ac60d19541d,0.0750957228040587,0.6539459986998425,2,380.956,5,524.42,0.1907261571093817,5,370.36,32.01,0.304,58.108,39.05710647663657,124.47431405263484,0.0,11,1924.74,152.35350391414516,9,3,0
090901c96fd89c020ef5f86bdb86d4bcd73a6852b551ac2c4c91ee980cc5b34c,0.0490364340705146,0.7549194991055456,0,164.0,1,741.0,0.0966010733452593,0,664.0,13.07,0.36,82.35,29.874901376350408,133.1406507870065,341.0,8,164.0,0.0,2,2,0
005d6b6895c627a514c376e6c6401751ef76f29a72e8f1aad226f572012fad02,0.0056141926790927,0.6679441455930009,2,127.39,5,522.77,0.2024256825155309,2,499.73,17.19,0.208,79.422,35.978102665204815,167.39765607712042,73.0,5,637.02,744.2485627832832,8,3,0
16a6612c7f20d529adaa37b64d40c912031635d56f5d5fd611224952bc3cd9b2,0.0314558486574421,0.7644355819009697,7,190.4192857142857,14,930.78,0.1140523361161233,9,949.12,62.41,0.3371428571428571,31.66642857142857,32.80401578690943,88.44150716603058,132.0,4,2735.03,255.699698602986,19,2,0
efaf639ad992d86122e09b78780691a704836fe6e582e1b5b6c1ccc0b4307c45,0.0297445229306605,0.8099763716848937,2,141.21666666666667,6,993.0,0.0817356743038808,2,475.05,19.23,0.2133333333333333,58.286666666666655,40.65326506813774,123.0529747569048,65.0,6,847.3,98.86206979644798,5,4,0
e084d30f24272447c0b052dccaddda22d5862deab73c209b037c1fde52628804,0.1997403375611703,0.7161290322580646,0,27.2,1,325.0,0.2,0,63.41,0.91,0.18,30.760000000000005,63.01626740865028,116.69724819716016,0.0,19,27.2,0.0,1,1,0
3c578a741b61367c60f94b6d5dff5cbdfa40f05cc592daa354f7cd6924ab04cb,0.0241983098346173,0.8409242210669878,3,75.49555555555555,9,566.0,0.093744733320304,1,602.25,19.09,0.49,44.02666666666667,46.6168216809488,125.5429548063409,16.0,7,720.35,174.0961113787627,11,3,0
6bc3b747e21775d0ced182f9bc8951888c4030f9e4622262db7a66d1d63d967d,0.024142926122646,0.8471665092000591,1,135.0,4,419.0,0.1176532025770135,1,541.96,14.78,0.655,35.9,30.211389542221053,82.67197672431861,0.0,6,540.0,104.10791107438642,2,2,0
7c94bbddc040fb562432d43daa492e8e2378814b2ea17610435165158bd8aa44,0.0,0.8431818181818181,0,39.0,1,650.0,0.0863636363636363,0,124.32,1.63,0.12,64.86,19.125204433443177,97.55759106561942,0.0,15,39.0,0.0,1,1,0
bbd2c7a9c92aff72aaa57935161dcf8f8c4e98d2e279e88b178cd3b83060fa42,0.0430279538388915,0.7989569883216445,0,187.2266666666667,3,420.0,0.0661923618394595,1,327.88,11.27,0.3066666666666666,83.82666666666667,69.07275207776115,192.37008199658703,0.0,2,561.68,162.10783762057903,3,2,0
f558f63f28a7b204cdfe2f1644ba3607bffa7b599a8baf0a0ffe43102ad59c54,0.0,0.8100263852242744,0,126.0,1,350.0,0.0817941952506596,0,153.09,2.79,0.26,7.390000000000001,33.11220889330461,41.925799991721966,0.0,19,126.0,0.0,2,2,0
891bc674341031f85b243bea10916db55392297c3ab0f3d77812a18181bb3ab4,0.0,0.8701259444291569,1,53.098,5,488.0,0.071057340239288,2,823.19,20.66,0.406,17.1,26.18177154657348,52.78920505194209,0.0,3,275.49,119.1134048289729,2,2,0
e89a6ce2f8cff4f34064ecacbf289cc95d5d7b7a7a46b5e9eaa277845f198f44,0.0260254007911721,0.7773040602522473,0,136.23,3,743.83,0.0632830535860865,2,700.69,19.62,0.3066666666666666,40.45,54.21663837949139,130.95701388171028,167.0,4,606.28,120.11717575531306,5,3,0
d1511a15521179c461b5990e018cbeb5165f9f16816ce962edf2023ca3358da6,0.0150094156664607,0.794395999252678,1,141.29866666666666,15,674.0,0.1061842037046037,9,1033.49,54.86,0.2706666666666667,34.85066666666667,27.6943983739432,77.70913542038203,244.0,1,2119.48,231.68430536815583,19,2,0
68b8eac3edd7c2971a701f7857d11c2c7a65b88ab3c5850a8ffa54b85d506143,0.0123228589032655,0.829030208871267,2,159.66666666666666,3,591.0,0.0526571343106464,0,483.75,11.71,0.2966666666666667,45.59666666666666,34.89361772819648,100.31699778287812,91.0,6,479.0,133.59726088855564,6,5,0
4fa93d9e0848269f2195941b5caaf0f53a43522ec756f6a1e413c535d148f04a,0.0108634250206405,0.7939836506513779,1,159.94222222222223,9,1015.2,0.0967004568849612,5,616.69,31.64,0.2688888888888889,24.94555555555556,30.42740022810263,70.35744052128757,74.0,5,1439.5,176.0686964213057,6,3,0
7fdb867dd98ef2364f25a83723d96d7e1eceb082a09e55ddeb3fc9b58c7ddf10,0.0635909576878498,0.8400821627202466,5,134.9988888888889,9,553.36,0.0542174493962991,10,810.87,53.72,0.1722222222222222,29.745555555555555,26.26992147106287,72.47591123640498,239.0,1,2211.7,308.9919326537024,17,3,0
3c47522c58c60c8fc7963daffb4178c50bf30c359668083afece1e19f17753e9,0.0352916369326807,0.80207598081677,2,107.602,10,561.95,0.1030308317410706,4,501.32,24.62,0.292,34.41700000000001,34.94666590603454,93.59631375109176,54.0,8,1076.02,185.74070131482068,7,4,0
914400e99a8a9d5341985520277f99b346514dd5e4fb6115e0054b05d6282cf3,0.0439767786485975,0.7763084749276059,3,206.27666666666667,6,642.22,0.0781134718581072,4,475.14,26.14,0.4166666666666667,38.70166666666666,54.68250285287174,118.76185087122911,44.0,8,1237.68,191.4338464485577,6,3,0
1202a223c2dd6e097fc035984dbe9986bf5e5d06b7532b1684256ab12bff05d5,0.0519777535214928,0.7556207972937666,1,75.4,2,650.0,0.1582142709808721,0,122.23,3.55,0.225,61.085,84.48287718837791,153.30188119294456,0.0,17,183.0,19.74939930291192,1,1,0
1f74f177305e2db34fd70720323c82a4eb9d8285fd8fd5be605ab54632be5caf,0.1159700634545163,0.809881742568378,1,96.84,2,400.0,0.0930041763196036,0,269.08,5.25,0.155,49.815,55.32190203041154,140.41866378257598,0.0,10,193.71,135.9595623575636,3,3,0
e5101295216b4a089bc8045e4c9b450ca175d8c1793d7cf07f38dd9749934f8d,0.0134457397173705,0.688367882113956,0,377.77,3,430.0,0.1950252423725673,4,193.71,19.27,0.7566666666666667,37.92666666666667,32.44072150021489,89.87490347435278,49.0,22,1133.31,325.46160102709587,3,3,0
9a46288bd28590fec9e2005068ca0c525e34ea044fad332407083ecace5f59f4,0.061811268468397,0.7285747434259824,4,191.34,5,544.19,0.1502806373334958,2,286.61,17.63,0.2219999999999999,42.486,45.081155188331664,115.80755674617566,0.0,16,956.71,147.52421200796158,10,2,0
82349feed0f0bd276ccf0dbfb2884ca4bfba6918a889f90297aad2e79d751750,0.0359712230215827,0.7406917406917407,1,119.82,2,549.85,0.1708366191124811,0,351.85,6.89,0.29,27.610000000000007,65.9816223302074,117.60127852423707,0.0,10,239.64,91.68197718009915,2,2,0
fce70e70d7f86a068c0e437a1a0615f5443460f17ff39ef5bc42276c7f6cbf75,0.0220719893058052,0.738665026227418,1,232.10666666666668,6,571.8,0.1100094462892366,2,332.26,22.86,0.3466666666666667,53.76,37.86245830246602,109.39872496333764,58.0,13,1464.69,145.70447580856992,3,2,0
0a0b468869285862998bd35cbefbaf3a37d96db1188689907601415386487a3e,0.0,0.6808510638297872,0,132.0,1,325.0,0.0618955512572533,0,63.09,1.95,0.21,53.72,77.7975464340773,182.97423821823543,0.0,24,132.0,0.0,1,1,0
63a6200bc8fe52549d14fc32c9fc31feb4b2b11ca78a6e112ab5bb5a41f8877a,0.0,0.8190345411039877,2,233.37,6,75.6,0.0390836563949993,7,962.03,43.38,0.4233333333333333,22.96666666666667,27.632939339608168,73.23548612658297,0.0,1,1400.22,243.59649096543663,3,2,0
de5978862d8574916f5117643019233b1791d489aa60f05b8d9561b5aa7929ba,0.0133719498456079,0.8722492340592717,1,91.78375,8,1100.04,0.0103196179266759,9,942.73,40.74,0.3775,23.535,21.05601998018961,66.47663626054347,302.0,2,734.24,180.92526413247404,6,2,0
b35ad8e0ba50f5433b49243970767d2f2d9ac969ed4413e2db7dbf091d5d8fde,0.0480677152760594,0.8500200716439674,0,77.38,4,873.54,0.0550674179708456,0,568.62,12.44,0.135,34.1525,31.710203575315244,86.7933809101774,74.0,8,439.91,147.0749443041312,2,2,0
d1f1edf5dceeb87aa831fbb7b33b7a1674078b78a0f6b44c563dace2aca6963b,0.0037856418177137,0.7967781636008734,2,181.9475,12,460.64,0.0819740856603255,6,529.12,38.39,0.4375,42.55083333333334,38.41690991918964,105.1924508132714,0.0,18,2183.36,228.76772664358245,12,4,0
e021556e365c90f362b52689492ec1a138b307c022f9e6a19d2797d1701f47e0,0.0,0.9314641744548288,1,20.7,1,625.0,0.0,0,98.89,1.7,0.05,31.19,55.10766966945329,134.17028151434383,0.0,16,20.7,0.0,1,1,0
2655044f0c6cc7661628fbcdbf5c015b4b3d0a17b401676cac5866bf99928252,0.1971970842383025,0.6372488706854031,0,42.0,4,701.0,0.2423950027665197,0,463.24,7.27,0.0849999999999999,72.3725,58.50849441139459,176.2609235749754,251.0,6,168.0,112.41040772829624,3,2,0
d8235f8f43b80470142a4c12430503e0e1ef83dc9ad1fd8112c621541514ea19,0.0418760469011725,0.8277634961439588,1,192.0,1,405.46,0.0861182519280205,0,228.0,4.7,0.47,58.66999999999996,49.70218339171623,176.12921733534006,0.0,13,192.0,0.0,1,1,0
658f669096ef4569612d10b1e5d38f3a318e705cd4c22ee15891e2333355042f,0.0673848558726023,0.8386642049429786,3,74.075,8,1068.24,0.0797688053588325,3,696.65,25.95,0.245,31.5525,27.62841194334216,81.3065704366539,0.0,4,870.31,115.49711043673972,5,2,0
a56d67f3aaed27098d9ee0b46364cdde679cd7fd4e5230283fe76d62c16389c9,0.00365637397393,0.6934044096707374,12,130.01733333333334,15,230.71,0.2456034437701354,7,968.19,54.68,0.5246666666666667,35.66466666666667,36.60247456018983,105.62168188069658,21.0,1,2015.05,263.1491362045915,25,5,0
b4a472deb219cba276c8fc3db6961a6b242aa72a2addc3640a8987f2161700b5,0.0623190414281701,0.7952355451326514,0,251.89769230769232,13,221.55,0.0847747174159653,16,850.59,72.02,0.3315384615384615,35.2823076923077,34.928527595672726,90.38734427840404,100.0,1,3292.68,290.3014381524194,32,5,0
f5ff6d8d3a8d93aa2cdf4778d7f72daa95e26e7ed212eb2505c60f730bc14493,0.0971534052268531,0.6642857142857143,0,56.1,1,350.0,0.2285714285714285,0,94.21,1.5,0.38,175.13,64.12100818620341,282.46479264797614,0.0,20,56.1,0.0,1,1,0
c3b7d10db7895807c967ed39ba3d22ecd2577b80ee30f56b588f29459330aa40,0.0,0.8255613126079447,0,166.0,1,350.0,0.0535405872193437,0,53.99,2.2,0.24,70.55,67.59698054466895,144.431652967238,0.0,20,166.0,0.0,1,1,0
9468818b2b44a4907f0f46d5c46274a94f521010ef54857bbf762d1d271972b2,0.0,0.8220878263085076,1,52.56666666666666,3,584.22,0.1204569055036344,1,459.67,12.19,0.3166666666666667,26.826666666666664,20.10812679380324,69.84497167637768,159.0,7,465.5,103.24175752652184,2,2,0
69f95190ce40f75fc29a3fcc01d98d7b5f1c46cc5cabb9ed764c5649a2c8eab1,0.0862068965517239,0.908616187989556,0,54.0,1,368.0,0.0,0,468.65,6.21,0.11,30.739999999999995,36.6518721714486,89.62478472973638,0.0,9,54.0,0.0,2,2,0
729ebc28c7d4ba22a2dee39fd4aad0db0996fb44ce061b155a788d833c715416,0.0708508295847937,0.7775933792333894,0,194.2655555555556,9,1241.0,0.0799243439837525,5,777.38,38.25,0.3111111111111111,39.89555555555556,61.22441049575141,145.9379552137508,141.0,3,1748.4,133.63742432251112,6,3,0
f8bb76ec80e3b8d050c6e6953799639e5b3e80a78a9c1d6db52b213a3d3ada75,0.0604197610269266,0.8653968784053013,8,117.99133333333334,15,1354.8,0.0215069062759087,5,906.99,47.81,0.3346666666666666,33.699333333333335,32.327809626638306,91.07082045677208,269.0,2,1980.26,158.49000562839723,19,3,0
499fcdc904fc70ffafaa78f9c8b952cae69c6295bab31bf514404a95b67516f1,0.0,0.8814116379310345,0,65.46000000000001,2,350.0,0.0,0,142.71,2.74,0.0849999999999999,33.825,25.75650743643274,67.08301030368544,0.0,7,130.92,332.9685226142964,2,2,0
a8fa9ff4561413b3e4b6f7925db2d0259db32f687ad7b023b0c48d9c534a3220,0.0564861953309908,0.7667105118834489,2,103.68,7,417.4,0.1305520468258613,1,277.11,12.87,0.2128571428571428,65.79857142857144,58.77194993243706,162.9137559318658,0.0,10,744.05,431.04714039077527,7,2,0
63ba26ff10114eff45ade65f5ca494de0a6340701c7cde3610cf3e0c39d60b1d,0.0,0.7692365190050442,0,117.9,2,350.0,0.0754439011216881,1,179.02,5.65,0.245,25.09,41.185032076044486,93.11979442688202,0.0,15,235.8,279.3170875115432,2,2,0
7c00984dd99d776f52a9be12d52067efd310a81bfca41f6b47e5f2e643b34c46,0.0,0.8179579041648006,0,61.5,2,375.0,0.0123152709359605,0,134.51,2.82,0.24,107.825,41.31391813479942,210.23256431332084,0.0,29,147.0,55.99658423453696,2,2,0
4fda4fe539c0bc84be45cadbcadc3a7255774920874d9603754476751de9cb3d,0.094650074866866,0.5580033649281204,0,44.6,2,480.6,0.3366843797371358,0,276.28,3.81,0.205,46.48,36.61422909141066,128.24588532859656,0.0,12,89.2,30.96907550707909,2,2,0
d090b2a21a3f9dc75bb04f31b45a684a4ffb8c9bc2663337dca405fa1cd14536,0.0191219213706593,0.7763447979858938,0,207.59333333333333,3,1188.45,0.0704483963112716,3,492.99,16.88,0.2833333333333333,97.01,57.71215653703507,208.11142309657168,0.0,5,622.78,61.742824906321154,7,4,0
b177e8a3b33dfb74436855d271d117232410b54fbe8b54902ecf3253f0c7d8f6,0.0778364274158733,0.7891183093970441,0,25.65,2,488.04,0.1543778801843318,0,897.81,16.85,0.105,54.75,30.393712091304792,132.87467101227534,0.0,3,57.3,19.07327813371284,1,1,0
200c2435f6bbe0fb46b747ef1977840912fe5e28eba6c163d29dc119977d82ab,0.0,0.8737533174854072,3,93.9975,8,0.0,0.065733054636207,3,677.28,24.28,0.46625,24.61375,17.76109084153621,66.2591145945822,0.0,1,752.0,342.7455560825781,5,3,0
0865b63da9334f502b78ef1ffc95f72735610064e4fc7161e076af5782b78e8f,0.0247552000699105,0.8316601441049357,1,199.2342857142857,7,627.61,0.0728992023769492,4,672.78,31.7,0.3185714285714285,32.82142857142858,30.76598761765291,82.39115109026308,0.0,4,1454.92,108.5829720693635,2,2,0
629760f922bfe72481cb1b3f5e5a5c096b5c2f203543949c23ad5ecba7422d61,0.0581870728094371,0.8695290965031841,15,175.3425,16,757.26,0.0368124490727522,7,973.63,64.22,0.3087499999999999,30.81875,24.958853362420403,77.78722975963004,257.0,1,2805.46,273.5557749307605,7,2,0
037e0d961a8457b2ea38dfe2ac53492a6fa968b91568aafecb7dda06c2d02eac,0.0499620110538337,0.6941761432374923,3,166.17000000000002,8,313.81,0.1898494949767388,3,986.58,41.41,0.2975,64.89625,48.6644038734,165.7874949900287,12.0,1,1691.56,360.1760798417094,9,2,0
f9f62ccb6c7b2c7476538acb62b361fbb1f8d36d8aa42c82bb2f0d89f7c583f8,0.0302603405364602,0.8169956611641693,7,167.20222222222225,9,874.89,0.0488570707562294,5,900.67,42.39,0.2644444444444444,44.24333333333333,30.26337122961358,98.82995340108366,0.0,6,1504.82,198.55466406975964,10,3,0
f7265c8e73e8ea4ab660949037762b98a911594952c1ba0b8e54613c50711ec0,0.0059095368105047,0.9353440133514438,0,38.29571428571428,7,396.0,0.0,1,411.06,9.02,0.1785714285714285,19.941428571428577,9.69776230665314,40.47485104134452,46.0,10,268.07,126.27644000205804,3,2,0
448e6866ef9278099af89b9325fc666f5174fe0b1345d97b04143cf6d82a63b1,0.1328521654475908,0.7227662272633948,8,105.633,10,460.0,0.1710100472399605,1,1080.62,37.91,0.213,48.247,46.4024834011572,125.70392347871145,110.0,1,1056.35,253.22821487455585,6,3,0
7f799006c085490b7f470dfbe4a779541045b51661ed6b4df00af593073b1019,0.0114922714474515,0.8394212358154671,3,40.736,5,409.2,0.0233473035378221,1,333.89,9.78,0.1379999999999999,38.618,31.10544419965823,97.66845946776404,0.0,8,203.68,186.64964629640247,3,2,0
0e6f7ea3acfc774b7f0fff9b0daf282ee619262910f18e036fed5ffa3de23724,0.0120261689436213,0.8592477408192997,1,73.33500000000001,8,384.52,0.0474416706555561,1,497.46,14.13,0.1725,66.555,43.026461525162254,138.07195200815525,28.0,6,586.68,89.10855790477684,3,2,0
135259359fd8c42e7fd2a1c34c425c7d56608386c00ee05685370567ba151ba1,0.0,0.8164893617021277,0,255.48,1,400.0,0.0226063829787234,1,786.7,17.55,0.12,46.72,41.51190571151886,115.23889052500654,0.0,2,255.33,0.0,1,1,0
66fcd98db651c2bb1b88dcce46bd62070b97957628d960ac286f0c024ed4f123,0.0977986403066406,0.8450125107273917,0,73.58666666666666,9,408.6,0.039117626352218,2,344.05,15.67,0.1466666666666666,29.023333333333337,39.04864375144916,89.71088962134132,0.0,9,828.08,123.48190862862435,3,2,0
de98ce8a51551627cc86ad1d1ab81b2b792b533ad284805740da71f625b164e3,0.0461919106067237,0.8467880115904243,0,86.94916666666667,12,812.6,0.0593740595498395,3,819.79,29.26,0.2225,47.04083333333333,22.959519049761155,95.95263681417264,0.0,3,1043.35,137.4281013432433,2,2,0
43c8a8f55627ee2286c1d40a0217df567289ce74ea0ae342618f7202cae9272d,0.0650830636842565,0.7139512745995683,0,235.36,5,594.11,0.1582048120216518,4,515.72,24.49,0.202,82.026,44.72078020231264,153.97379951293777,88.0,6,1176.8,380.4717364446605,4,2,0
8fcd770511289c6130d07d451a2641b83acf336111a301aea0cce37d6fe9b4e1,0.0,0.7398255813953488,0,193.0,1,375.0,0.0973837209302325,0,180.01,3.73,0.21,137.8,40.87351241780259,189.35970391877936,0.0,14,193.0,0.0,2,2,0
4dad9fc89484e3f92ebc50c6990cec420ade25a34578a6cd6b2e4a6f51985fe5,0.097374393042772,0.7198103025649443,1,207.75,4,497.6,0.1266719397106723,3,321.97,16.88,0.3675,52.17,23.400184408703147,103.82056944563854,34.0,12,831.0,184.6143736755762,6,2,0
978a88b152983c2312f0a2c8cea3c37100a5abf52806ab1680038b2262220efa,0.053063849213587,0.7653051222138952,2,274.92857142857144,7,1640.36,0.1050023924466127,7,865.39,46.31,0.5242857142857142,56.52285714285715,33.943656433312654,111.88438490957192,247.0,2,1934.5,232.7316389872935,10,3,0
ae8f60f39fc45ba1ac77d850bba05d101ddab983e354cc5069db3f1ce94d7ccb,0.0333368102783836,0.7933776301036114,3,241.8830769230769,13,580.5,0.055356957362756,13,1022.64,72.91,0.2838461538461538,34.76076923076923,37.23557136431599,87.8056863132834,61.0,1,3251.47,204.21590444300108,8,3,0
507c740fd35b22aa6551c209730eae0b5f8fbcfe36e3fab5c0b21800ca9f5e0e,0.0385423291129482,0.8054995583138916,0,128.92333333333332,3,909.8,0.06773074009478,0,594.12,13.55,0.3333333333333333,46.47333333333333,47.141807185665606,107.30583264400592,72.0,7,386.78,155.83204572559578,3,3,0
6987b9c8b9b0960baf8571177303f897fd2cc1e05b6475067789c0678b465faa,0.0190315957738709,0.7993154771583503,1,122.01857142857143,7,539.81,0.086291524613074,3,458.68,19.71,0.2442857142857142,35.84857142857143,45.94496778947214,97.83703459067787,0.0,9,918.14,127.26489116243448,9,4,0
150e2374eb65f3df07c3187b30890717d3d4101dc4356af9ef3d52019c3719c0,0.0,0.836342906446444,1,118.5,2,375.0,0.0573308270676691,0,515.33,9.58,0.355,49.735,36.56577341377874,105.99155564371154,0.0,7,237.0,40.01538307460153,2,2,0
14cdfe1c72fdf3371837fbaa88d7e734d5c0fcdeb9b275c4fb79c0255e547990,0.0,0.5408163265306123,0,5.0,1,375.0,0.4387755102040816,0,280.17,3.02,0.5,82.43,16.45328133288174,145.12348589627754,0.0,13,5.0,0.0,1,1,0
f1d16347a6d53156d1262d2cf0b0504ffcaa566b8cc164d920932996796ddec2,0.0369521838740669,0.890125081120485,1,121.7,2,400.0,0.0,0,351.99,7.16,0.345,19.205,14.85544280676432,52.28053677185476,0.0,16,266.4,271.3312906117651,2,2,0
84005cad9d23a26555b815a55454665c5983fe3326c164abc3ef8ef1dbb1eecc,0.0398856694327299,0.8096643168560563,2,58.566,5,1006.3,0.1083068202209731,1,698.08,18.5,0.3279999999999999,29.816000000000003,40.33954919269398,95.8579459358199,228.0,4,472.25,123.60014276282682,3,2,0
dc9a9c075c342925036935632ce4218b55714d7eab726e4de54cb2186601672f,0.1004419445560464,0.4530612244897959,0,17.0,1,350.0,0.4040816326530612,0,80.88,0.98,0.04,50.75999999999999,70.2794501684936,169.0346980981057,0.0,21,17.0,0.0,1,1,0
f1495eb62d57ca7ce7d193cfb250934886b6008e0d9f4f3371cb5b8d8bad90aa,0.0563645329029851,0.8439996371340885,2,195.48615384615383,13,1142.22,0.0500451728232066,6,978.62,57.79,0.3169230769230769,39.64846153846153,32.6078598226451,96.53187513030312,176.0,2,2949.48,220.43968863900065,14,3,0
8b9d80dbf7198216210621da261d0ec4649365ce0e86215d7d3c9c707320a541,0.0219750219750221,0.9115067611819024,2,171.135,6,128.45,0.0028860028860028,3,980.03,34.2,0.3033333333333333,13.166666666666666,16.814486051586755,44.51199093091065,0.0,1,1036.81,90.39412787554788,5,2,0
0db969886d424852b5d3d19a6fcad4ab139a48923c691019ff8f7382c40fcec2,0.0,0.797539193540835,3,275.255,4,454.75,0.0806067418403273,3,551.05,24.61,0.3725,46.77,47.870272086983135,114.28326986952553,0.0,10,1101.01,131.57417057751593,2,2,0
4e5d4963b58abab44e2dbaf5f87e5fab7dbfd1e7a26a21d786669c82c737e159,0.0513399733032138,0.680161943319838,0,132.59,1,300.0,0.1396761133603239,0,369.19,5.57,0.21,28.910000000000004,26.7510013208217,61.07400869621297,0.0,15,132.57,0.0,1,1,0
e6a8436372c00be4b5813af724ddd268c822aca4563db49915f1d49d4e71c4c2,0.0138438962261537,0.8124730882892683,3,114.15666666666668,9,1492.0,0.0795838778946444,3,980.21,35.89,0.2577777777777778,37.01111111111111,43.16839227552772,109.15246423845,331.0,2,1106.01,229.39456832158865,10,3,0
5ffd0667a9e348d24abb1dcd59adfd4c3dc333f7b9628ab7903e2f7e49788cda,0.0101910828025477,0.686916449377349,1,114.068,5,800.41,0.1586923404708639,2,291.82,12.34,0.2239999999999999,56.612,46.50316579994828,138.3574131068911,58.0,9,570.32,176.8280761795432,3,3,0
7263af50a5f9f14ab67989205ba0336f529114e0bedf005e45bc6cf0903a4976,0.0614381757709183,0.8703972266278125,0,149.53,8,761.27,0.0375347764158088,1,387.11,18.46,0.3612499999999999,66.985,40.363858138173946,140.25151005134808,211.0,18,1196.22,281.66411906998854,7,2,0
3e853827b89f9ca9de33f7c1c6fc0bfb45e32c38aaab7de39dacc21735b595f0,0.0,0.5475043842172909,1,228.1933333333333,3,361.76,0.2830023836488382,2,337.08,14.13,0.31,131.6,51.903167165894615,173.29237848666017,0.0,11,684.58,60.15321582558581,6,2,0
4575d3a9964ff702134371f774c786de3f1d691910113aeb7e9aa2ac92c61120,0.0401299499631096,0.8710478816723775,3,338.64,4,125.63,0.0269419739297402,2,1015.88,37.27,0.3325,38.4975,40.769789099246864,117.41440315064511,0.0,1,1354.56,41.73192515784705,8,3,0
e1760c14a42df720d664be5828f78c29085ae4ebec1178e3215c9cb388f5fda2,0.0915899360046827,0.6868439195884113,0,241.83294117647057,17,1011.74,0.1780520478325013,22,944.01,93.08,0.3035294117647059,79.05941176470589,46.86444568117865,165.7513199477677,217.0,2,4265.16,263.6336540105198,33,7,0
0288d7d37c38ef1103e34df975297eec73f67e58b0ebb765a468a47a84e65ee6,0.1312164173044818,0.9190707969939323,0,8.28,3,375.0,0.0353200883002207,0,177.79,2.46,0.2766666666666666,76.35666666666667,51.27358159552957,165.41549485716192,0.0,14,68.15,36.663144068356594,2,2,0
5115dfcaa1e2b841228590f7308003316f9c4f970dc9a6598087a3e76ee1b72f,0.0947777461851955,0.9033232628398792,0,170.00000000000003,1,400.0,0.0377643504531722,0,145.87,3.16,0.38,30.69,55.29197807021653,124.15314469073743,0.0,14,170.0,0.0,2,2,0
d5e89f044070538be5f09dfbddb8daa06472520e384a5da9aa0c25eb67051847,0.095240189118603,0.7776018584519634,1,172.76714285714283,7,885.45,0.1011260109052484,5,479.36,29.68,0.1771428571428571,50.86000000000001,34.799278930073505,109.18404152682722,0.0,8,1635.57,128.51657993874713,7,3,0
cb88fcddf78acf4de394cc6753ff46d9cebef5faff673b15fe89611418e90b9f,0.0632391070638082,0.8745804363462,0,89.82666666666667,3,415.0,0.0297845977887914,0,81.62,4.07,0.4633333333333334,53.16333333333333,55.19768100085033,158.7482676820924,0.0,21,325.48,248.7633869141523,1,1,0
cf754aad90a41b1c8c2d4148ec0a129950198f5b23f545ed73d99a4a1ef782c2,0.0478439590293522,0.8634376694326903,3,311.9766666666667,6,580.92,0.0159894243314344,3,348.57,30.72,0.3166666666666667,34.595,20.40671193734888,75.33624183938717,40.0,17,2076.58,221.7918110065735,8,2,0
d31115b78a5598f589cc27824ce3dfe716ac507c2b95835ea6b31d0b2716cb3a,0.0402499970378849,0.7306008283239218,0,254.0111111111111,9,574.62,0.1498204660955024,7,365.87,39.06,0.4044444444444444,70.91777777777777,81.4444552629822,196.44397150675604,70.0,9,2286.1,164.52550479539104,15,2,0
60e5eac6a42387e71dbe480196cbeaabc0c640da4d5e09aece0110435ba6f889,0.1081548165046641,0.6651431145649538,1,113.36666666666667,3,164.8,0.1937935013041372,2,616.11,15.65,0.22,26.35666666666667,25.08487179114597,61.49792610470684,0.0,1,342.1,154.02872328854394,4,2,0
01ed3050c07088388583829c494b626af828d96832e7950ce5b92d10ebbe7255,0.0709983968934409,0.7973188742213518,2,145.34666666666666,21,1325.44,0.0865909989667838,10,1109.16,69.84,0.2014285714285714,49.01380952380952,37.65223930698548,117.17563990531474,183.0,2,3228.62,247.5857626764233,23,3,0
d7a48a994db3d1411ac37772385394318d18e8cb138cde41d8e0122f830623cc,0.0,0.8416293741120864,3,87.57166666666666,12,412.3,0.0724735986022363,2,1083.35,35.92,0.3358333333333334,30.31,22.71350278883185,80.73463803821939,0.0,2,1050.88,219.45901441297897,6,2,0
6b7c0c598fa0f23c243c6a6e7e0147ccc0ad0098b49cfe9571e59dcb68d94da2,0.0153491397659071,0.785314957476785,6,117.2,9,840.49,0.0936699146269681,3,494.62,24.54,0.2366666666666666,55.73,52.75697537094397,151.57122730623863,162.0,9,1084.8,243.275077005773,8,3,0
240f60f7b7407ba9ba24e8ec3f2e958f6d7724110900ab2dcad18e412bea14cb,0.0469614820830751,0.9317921873588646,4,110.41125,8,729.7,0.0051587301587301,3,1023.8,35.09,0.505,22.384999999999994,20.87996449721877,64.73195707839587,72.0,3,916.37,236.83530372331043,5,4,0
907c523dca1a8c305f371b66d378eb9842ea1511afb69e756359d65f862b7a7f,0.0,0.8734939759036144,0,167.0,1,350.0,0.0,0,193.38,3.6,0.67,40.64,18.10950594620563,91.16349419177908,0.0,20,167.0,0.0,1,1,0
4e00cb00af798956caf76a1b9735418cfa7f5eabad090e0b98ecd45a8ecd0df0,0.0300678362507266,0.8694852657125516,3,74.81800000000001,5,400.0,0.0499916443345368,2,418.68,13.51,0.162,52.212,38.24830694717917,109.77312960221424,0.0,8,405.64,131.55640034207914,2,2,0
090fa9f87eca6555c068483c5168d1da984da701fb74bf68994fcf55a29bc3b2,0.0697501411051913,0.750021705942748,4,179.53,10,830.0,0.1122909840594936,4,516.03,33.18,0.2759999999999999,49.977,62.21035837630366,153.64359044944723,205.0,6,1795.29,252.89400893228563,6,3,0
595b985d23e93a2e104ffb083f63b00982ccae62ba774f7f6e47dd30343e4fce,0.0294357204853837,0.7624027491598349,4,166.281875,16,942.52,0.1101709783954948,7,705.29,52.37,0.30375,53.28625,39.58669938192234,119.24862131318132,57.0,6,2740.53,252.8735059121855,16,3,0
545490d08265c5162bd760fc11b3f4399abc5368af703619f9f093cceae8f4f0,0.0231473444209113,0.8667017437443324,0,164.21666666666667,3,375.0,0.0251436781609195,1,240.89,8.84,0.1966666666666666,32.153333333333336,37.23985690113389,80.38535532986104,0.0,14,492.65,211.2779511672836,4,2,0
f8fdebf0dde72e3a2a89df994e5a7d4a6f84eed1af8542515ad9ee51b1b64721,0.1938735944164399,0.563953488372093,0,41.8,1,690.0,0.2151162790697674,0,825.92,14.95,0.07,170.24,50.59697488882065,325.9506853698361,40.0,4,47.09,0.0,2,2,0
80fc308a54ac13bc0cd444ce4ad38b7da997cf2fec85dc3c71ac82da5a198113,0.0789246905895555,0.654170488983899,0,160.95285714285714,7,572.0,0.2160592173598712,6,1063.06,44.73,0.2328571428571428,29.73,38.92310043984818,88.11678071629468,55.0,1,1532.08,218.0774385410979,14,2,0
b1accf927f0e635dbc0318564b35795db332f0650d3876aa282296c4c6373718,0.0179867820623614,0.7234128028199858,2,345.3833333333333,9,641.43,0.139492536226723,14,985.8,72.56,0.3655555555555556,49.77111111111112,50.86859455217401,120.82197509380664,217.0,1,3108.41,252.38755493110472,16,2,0
d5dc59dc96b0f7748563f68062b575fbf5806d50f5aa537f7c53a3ce1f9c2289,0.0358808754933619,0.699054097836456,1,198.2,5,389.7,0.1767828370318342,2,494.08,19.79,0.2759999999999999,40.33599999999999,33.78280605187289,112.19564906903052,6.0,5,1011.2,217.64567962294427,7,2,0
4713c45fa353e1283012352e53000137baa4f4be92bbb14ecbbc5dfe995492c9,0.0474938623403808,0.741000629279842,5,251.68153846153848,13,1439.58,0.0912256392195695,13,834.09,71.15,0.3476923076923076,54.28923076923077,35.12224796342284,107.92852273057088,200.0,3,3447.4,285.5954177151885,19,5,0
54f12d3cb35e73b4dba3b5b29018ce786e9bdbc91a035cbc79598eed580920a2,0.0035619892997841,0.7861816308834707,0,293.92428571428576,7,499.3,0.0559510864031323,7,701.28,42.94,0.4142857142857142,61.16285714285714,35.29412324710954,114.9761512808162,0.0,4,2057.47,172.0375293446907,4,3,0
d948503b87b51afa3cecc83c1ac6bc551549a550ca92e6b638911a4683cba247,0.0,0.7794750792513643,1,170.528,5,569.68,0.1402583832418099,3,276.22,16.54,0.388,52.772000000000006,77.71272821882403,179.7634985575216,95.0,10,862.66,182.5906980595772,7,4,0
0115e53c7033cbf97b703e983e1b9b0d2fbf73fc844ac1bf7312492643195d50,0.0330207075126296,0.8577702203726283,4,206.09714285714287,7,942.73,0.0393540710351115,2,618.59,28.22,0.3014285714285714,29.68142857142857,22.64448692564875,66.75778991098818,137.0,5,1442.69,85.0718556367958,7,3,0
3ffdd0b9695694c4d378358904a6ed7a2fa356a8e49984264d67474dd00b65d0,0.0278741335864639,0.7063977918941755,4,290.8453846153846,13,367.92,0.1932482328857083,16,902.42,80.03,0.5615384615384615,39.169230769230765,34.99914670193304,99.69163852464492,167.0,1,3813.98,282.3765554267681,16,3,0
2e47d0a24e7ccb49a8afbb84951c245fab1b56cfdefc94071f874a03c96c9a26,0.0328725734246562,0.823237142414702,0,68.76,5,993.99,0.0973963444591627,1,862.25,24.23,0.292,40.95399999999999,25.742659827921493,99.4316746388192,45.0,4,734.8,152.80164778785056,4,3,0
9f0aa5caf63be0d097f988dcd9758fbeeaec8c88d3963e2241ea15eaf04dd13f,0.0172963009483077,0.93537861308445,8,152.391875,16,38.38,0.0320076017035922,12,1032.48,66.83,0.54375,26.4675,21.671807825588683,70.18433342501974,0.0,1,2519.27,167.39046421938397,2,2,0
bd7fe0f04f276334a12331ce4f181090ed23a7a3d61461dac6d47526c85301e6,0.0191743121950829,0.8444453537547341,1,164.334,5,412.92,0.065361199507979,2,339.38,15.04,0.284,25.546,33.91320705995453,82.41201210039259,0.0,8,821.67,321.82475475647703,8,2,0
e7bf1925374888852e90342cafc5750f10862487923ca91126227d8a8b4e8edf,0.0470459062266316,0.7624009892723292,1,128.38000000000002,7,1052.84,0.1013359273696939,4,803.96,32.1,0.24,65.2757142857143,44.79138521332563,157.87342847301383,312.0,4,1067.6,285.4960239336097,6,2,0
12810c4c66228f4ff7ce79028ae5dacf2e9ce0c71c0db3a20080cf959fac7d16,0.0608617041227635,0.7536026690861038,0,78.28333333333333,3,450.0,0.1123677030821497,0,331.27,6.66,0.1966666666666666,86.03000000000002,40.5539965102088,170.00106669432543,0.0,13,295.6,56.06462485375886,2,2,0
bf75758852b3a6e2f120696e018f7a5a4684131b4e02e50318e876aae5fbd3f5,0.0056742417794422,0.8591668960092136,3,79.39,5,375.0,0.0241721854304635,1,450.95,12.71,0.244,48.57,36.82525078782005,119.62961514674636,0.0,10,429.95,102.642107748118,3,2,0
ec9ff4f917aaf789de42d03e4e2f843309a1580addc69f2cc2d70f7b7f83f571,0.0783055567226544,0.8251848266150326,0,139.0,2,496.28,0.082143328639324,0,556.91,10.53,0.39,100.985,45.55944284283876,192.5457019032875,0.0,6,278.0,113.24194928575676,2,2,0
66ca7dfe01f3867c77003593cf667c0cfc2591efe8c3ae8592364922d19d5d00,0.0948496632836952,0.8204710114543147,0,268.0,3,942.4,0.0251952018522623,2,431.58,16.68,0.3533333333333333,36.78,32.17967792049139,72.82424228542735,153.0,7,804.0,147.16878949890625,4,3,0
f66ecace42e398f2e574d0e3186c14443aa1f74f1ce49c5b4ee5fba9780b2d23,0.0363904474330228,0.9093011897174076,1,61.91833333333333,6,375.0,0.0107636887608069,1,328.98,11.37,0.3133333333333333,39.055,43.24606612193952,124.84337408046368,0.0,10,569.51,169.05078076135152,2,2,0
185d330e4c11d0b4f1327e97c6ae0d9876bc9703bbbe997e29b675d526b4e2f4,0.0531859508318463,0.8471001737584805,1,164.106,5,553.5,0.0471282427802251,1,360.88,14.83,0.36,35.086,33.89842747927416,96.3456467621304,140.0,10,820.53,93.97402034644864,3,2,0
32a3f3d36e746acdad41779874c0a685952bf0d7fd321271e5f13b68fe3b99cf,0.02229673420292,0.7354965241141289,0,336.0126666666667,15,190.88,0.1624056486045184,30,996.35,115.0,0.498,52.776,41.51866783171136,126.6847218528046,0.0,1,5126.19,214.04973031283328,23,3,0
421f80f1ddaf9a5c11341480e5efffdeb0aa6658787cc4fd9589390433e32059,0.0491799917309921,0.7583739702840829,1,182.40636363636364,11,110.34,0.1290786026446593,8,855.87,52.57,0.3172727272727273,29.60181818181818,28.44047772642714,75.73034120071353,0.0,1,2484.47,226.2358582387048,13,5,0
b81b8f8470a24eccde94e6a0833be8e98e1e997528b0a3efbe7a1f1b3b48f0ee,0.0143727722203058,0.8487579677914053,2,162.72,4,375.0,0.0213182425894707,1,196.93,10.98,0.25,65.7325,34.467801983349744,100.2057142471303,0.0,20,650.88,262.71076517225686,2,2,0
9f1393d930220617ca07cf73fb09c78c18e06298fff0135930b13fcf1524098d,0.0542019059825118,0.8785063374884122,2,158.6222222222222,9,511.55,0.032253402187104,4,632.86,30.93,0.3033333333333333,22.961111111111112,29.49466012343444,69.44002222615963,0.0,3,1427.6,191.50776607003752,8,2,0
26be21074a033487b96764792ab4d8d089ed866670379f16c71151b14a5f53d1,0.0,0.9404934687953556,0,154.0,1,350.0,0.0,0,162.6,3.17,0.26,9.07,12.871687145544858,27.13074550437525,0.0,11,154.0,0.0,2,2,0
10382269be41aaa5baa29b68e70bdda6043980e577729f0bf9f30b85c34d157f,0.0382639480020458,0.6731362769043561,2,132.296,10,747.0,0.2186197122090058,5,987.49,44.17,0.2679999999999999,39.23,39.301082715369446,106.01037138526048,158.0,1,1615.23,191.4633666100012,6,2,0
ea4f39d60772788f24b697f2f78f31a915abe9d81d7e33d7bfd2ab4939389ea8,0.0581785329516744,0.8723973299723876,7,226.8172727272727,11,22.0,0.0229627516130583,11,996.69,65.32,0.3399999999999999,40.77272727272727,27.337348646783514,107.79592173934483,0.0,1,2657.35,256.3396847067703,1,1,0
c5eb9d56fff5566bf8bcdda74777103678cc943fa21f07d561942e6ba2d29e94,0.0257711977624881,0.8463218979673487,8,225.04764705882351,17,197.75,0.0214199748145591,15,990.34,86.0,0.2664705882352941,34.114117647058826,32.36191851564816,87.5659537744076,29.0,1,4091.79,177.48972784525537,30,4,0
4ad8e492bae903866e38bdcc3eb9a92f137748359465d3d1993cd23b83d7a33b,0.19034929094889,0.8056537102473498,0,25.2,1,400.0,0.1201413427561837,0,785.23,13.71,0.13,83.64,77.16555956430761,236.32930422541588,0.0,5,25.2,0.0,1,1,0
5ee8212ec80a22c8bdc34b1813b3ece201b0e93a75b11f69be5a68a673c88c24,0.0822278258962832,0.7692623206163942,0,115.0,2,509.0,0.090247346887915,1,142.79,7.23,0.265,46.53000000000001,41.650336999197066,109.18457867717773,29.0,16,230.0,9.981037152808454,1,1,0
3c452ee3fafc6a2eaa3ecf2a9dda0ad0094c3c1d22cd757464f8ad1c8efcff12,0.0,0.8518466834798316,2,107.77714285714286,7,382.82,0.085090153929041,3,859.64,29.24,0.58,49.11285714285714,42.55500340973968,130.09947499814956,8.0,1,842.44,115.06963225670265,6,3,0
1374fa5b34b9d079e57a12153d21c30aac1e3e33bcaabdff6f6b51387ebb532e,0.0296177911045345,0.7697345220725551,2,215.3,4,925.36,0.1132545877306435,2,815.26,26.82,0.4375,39.1375,37.66143054981326,102.24278018326947,213.0,4,861.2,138.0485245710796,5,2,0
23f6862235eb6ab37a83c13fe86386f33266de09f86acb8b6b5903b82fe58cea,0.0643549589026342,0.6698741962492464,0,177.53333333333333,6,540.05,0.1556756717319548,4,591.49,27.81,0.3616666666666666,54.58166666666667,48.70387296387785,136.86814227506216,0.0,10,1269.4,263.70743747049147,6,2,0
7415e2a9e28aabf298deb73ee853b8754ba1ddf57283b41d99dda1ec9f6adae6,0.0,0.8861607142857143,0,42.0,1,698.19,0.0,0,271.44,3.27,0.07,15.190000000000012,32.53952614911935,64.6602309876536,0.0,14,42.0,0.0,1,1,0
a1392461fb172df991da12aa05c07f2359d4c7f71f6472baac4a17ed5ef43fb7,0.0187069739598922,0.8518100469677872,1,150.325,2,449.73,0.0591016548463357,1,428.66,12.5,0.365,18.895000000000003,21.1400552327158,51.971309122922825,0.0,8,540.65,87.21822137005918,3,3,0
0a97884ee238486647ad4fc0c8f07c07c585afec60af471d3db207b558950dd8,0.0213170371568997,0.8556932777272891,6,88.61272727272727,11,361.08,0.0322223032969851,1,1105.51,35.71,0.1854545454545454,18.393636363636368,18.140567526074225,49.97577410915335,16.0,1,974.75,156.08999438338049,4,2,0
b78fa64d8427572b3ca6bc8f6a0f763cf47ab7888879debaf4f5575a55017181,0.0511893932124742,0.8492020383026182,7,97.314,10,1308.46,0.0430399943936213,4,798.8,34.97,0.288,44.162000000000006,43.68302756380411,120.78538596997969,372.0,4,1167.4,183.353594400471,12,2,0
f8da86edcfc6890d01602fdc73aa215d1394b8fc36260e80c56de978492054d2,0.0,0.8814713896457765,0,131.0,1,350.0,0.0340599455040872,0,85.82,2.17,1.0,23.289999999999964,31.863992229963948,62.50075552467605,0.0,20,131.0,0.0,1,1,0
f0fa68e513669240a0a45d75da330864ac802be1325756bb3522fc319715272d,0.0338042657830038,0.8052350927938718,2,72.24,11,802.89,0.1160966038348647,4,741.36,30.79,0.3209090909090909,28.998181818181816,23.14310980854246,73.1460065651572,127.0,8,1142.64,136.1212680488769,4,3,0
16aa55938efb9a9a9945c8778e0947f35827be3fa46e6d11516352b5e40c152c,0.0213693478075049,0.8887958687393445,0,74.44500000000001,4,395.0,0.0147058823529411,0,255.5,5.7,0.3775,55.932500000000005,36.20776138183809,124.653415671328,70.0,23,307.8,230.06252089735128,3,3,0
ee3c79632e4a2580f40345f6a35910b37dd17baec996bc92f6f33302e73dd28a,0.0325902750619214,0.824837675304965,1,135.66666666666666,3,473.0,0.0890055218413427,1,467.2,11.72,0.4466666666666667,78.70333333333333,35.9087424716737,150.59791359540995,48.0,2,407.0,335.55780800636506,2,2,0
a8d932eaa3c8e91b46eddd5cefbcfb42c2179027f161fccecad7c50916858b8d,0.0421947869492241,0.7765375943354749,2,135.84666666666666,6,1335.12,0.132822297353414,5,776.3,30.3,0.305,40.245000000000005,41.10759241341169,104.98186479862392,70.0,3,856.08,244.3702966205352,7,2,0
741b3eae58035032662d55600d47eceed9ff2e4475d75ad93dfea0bdf140da58,0.0912481270274063,0.8053484291997105,1,250.5,6,24.17,0.0820811341906296,8,635.29,43.72,0.3766666666666666,20.926666666666662,18.525726842210933,50.02467131178537,0.0,1,2150.75,145.2750959969679,3,2,0
c13e1d7f529ac1c66206ac7dadf04510daf6ed4ece802e3dbe04059e5c7413d7,0.0201094045156171,0.7669114212637402,0,198.08,5,1017.0,0.1105623595693981,3,568.17,22.44,0.3119999999999999,67.466,55.56207923461267,143.08627618333472,27.0,5,990.4,99.58316042375928,12,5,0
d12b08757f75739741da601c2139e753549e45ce4c8adb7f5742ba9991274e08,0.0205119809045918,0.9007878764893228,5,82.64692307692309,13,1198.5,0.0366272535808758,1,1220.82,39.09,0.3346153846153846,38.16230769230769,37.37438436009824,101.22946226333649,288.0,2,1074.4,175.63662657095932,7,4,0
a077d7de58004d3669026f2463405215706af50c50c87c4bf289e530932cf347,0.016134721073439,0.879493239293443,1,152.70222222222225,9,1175.6,0.0536713664938009,4,705.56,33.03,0.4177777777777777,29.65666666666667,33.85833875371513,84.54545169952664,140.0,3,1406.33,133.20339770719778,8,2,0
6bfdb005e159f8491a9f6e8aed82cbac8807af817b6d79138d57668dc8e83858,0.0,0.8747346072186837,0,21.2,1,506.0,0.0679405520169851,0,191.91,2.13,0.09,29.76,12.698754481722606,65.86339239059465,56.0,19,21.2,0.0,1,1,0
9c013f4b530c0e4b7a31803acd65dc0b80d9817989905fb175d195addd9b59aa,0.0101354873494385,0.8499837449641103,0,123.42166666666668,12,632.32,0.0486179105099789,4,887.52,36.83,0.2808333333333333,46.84166666666667,19.8830229304978,88.07475896996039,74.0,3,1481.07,232.7872518262465,13,3,0
73711b36f744f8aa1fc1474bc1bbf7f5d54868fec1cfb6b81d1f3cd575585a1c,0.0072638784163834,0.8319831180654305,3,155.21636363636364,11,462.63,0.0593251040451555,10,419.84,38.54,0.2699999999999999,34.76,30.388457113537868,90.24119116154974,0.0,8,1707.38,211.2046446604522,11,3,0
39df6eccd4f83afc3fc79000209b89cfb8012e174af6e4cad785e3873d4cfba2,0.0,0.5836065573770491,0,7.6,1,380.0,0.3901639344262295,0,360.9,4.2,0.17,22.579999999999984,23.30274945579773,60.050021370367205,30.0,10,7.6,0.0,1,1,0
812b105dd4d6aa3167f1e22f0455e0e1a2b5b9c31473c4a7a790ca1e993f1f3b,0.0578855318548488,0.824126853107692,1,297.85,8,673.29,0.0427493897202861,8,565.44,44.29,0.42,58.82375,42.425613225211706,133.38782797273265,194.0,11,2382.8,112.60035238595518,7,3,0
a569e729cef95fbc8bef0798f2fb04716bc1e86dedb5304c96f91cc54500f52e,0.0,0.8579688349646547,0,98.0,2,443.0,0.0718163743882544,1,214.51,7.11,0.645,80.83500000000001,56.50395578709656,170.9032378163592,68.0,18,196.0,45.86040507855302,2,2,0
98d5dd6687fccbfb7a344481d008245f108a3e6b13a74a33bdf30117fa732bb4,0.0485478851685806,0.8267244153850672,0,79.86999999999999,5,552.72,0.0452865965471646,0,431.57,9.74,0.15,84.548,58.083981645124005,185.3522974536651,27.0,9,410.39,142.83329551859805,8,2,0
bafd00b33f56cf7884f05463479f61d710bf84de40df4d1e0f8ca0e3b2753bc1,0.0635484974781407,0.745953227075662,2,165.453,10,1145.0,0.1429988188879839,6,1055.33,52.34,0.353,47.195,56.880383881513794,124.96827288477787,282.0,3,2212.74,206.0599301094982,14,5,0
907ce39fbb550231b54a7ab4457e8d7159eb817da9ef6b6070339f329d2d74c8,0.0,0.8827361563517915,0,15.0,1,375.0,0.0814332247557003,0,561.91,8.03,0.17,58.77,101.04915120409598,217.393715903448,0.0,5,15.0,0.0,3,2,0
e3f564f0a332eebe24bb4538c222d050f770818fec6b23e1193580b812ac6151,0.047234424448538,0.8536380576128857,0,56.66666666666666,3,400.0,0.0516129032258064,0,119.09,2.89,0.1766666666666666,84.27333333333334,54.06770065249929,179.8177201015327,0.0,28,170.0,70.84861600170571,1,1,0
6f11a044ea2f99f981077b5785bb7267704c166fd8880604b3bab8c8a55b1701,0.0542924637788296,0.8238767079343918,2,73.72666666666667,6,518.0,0.0591225541127625,2,546.74,15.92,0.1466666666666666,35.62833333333333,43.96941404449522,112.00443196931974,43.0,4,442.36,218.2086526647284,7,2,0
1bd6ad88d7774b78b61168bb7c40038144805967618b8538e4f11a18dcb28af0,0.0288094487280175,0.7485104909599236,1,229.544,5,461.4,0.0895131157249363,4,541.83,26.89,0.348,49.22800000000001,72.47550964205735,154.4013924306005,0.0,8,1301.4,164.85231527968304,7,4,0
1a4c671446a53791cb0082c376424322f1a6645e7a73e77404464e8f70f45554,0.1063660054246662,0.6377049180327868,0,22.5,1,400.0,0.2868852459016393,0,376.68,4.58,0.05,113.29,41.74300703649749,162.80902827036678,0.0,10,22.5,0.0,3,2,0
0d9271d6909dcb3164f041515a1e476564a9a0956d75053898a9018e78c7599a,0.0537472145193692,0.8239905801130286,2,225.75375,8,990.75,0.0270705234997544,6,975.45,47.05,0.4237499999999999,35.442499999999995,37.63584733472376,95.97082356308532,156.0,2,1883.66,192.2804659159841,14,2,0
2636b23a9de781f92dc8e9c9edaa43d6dc7051517cd17b5acd3aca56f9735936,0.0828225940036441,0.6327340329642029,0,75.5,2,325.0,0.2476312344407245,0,118.41,2.69,0.12,69.06,60.74971687215981,155.48291969965305,0.0,18,151.0,0.0,2,2,0
a164994b7a0c1d75d924758277f3d22a2d0f51c22f7d693812bb2b7af4e1d467,0.0,0.8310502283105022,1,19.8,1,394.0,0.0593607305936073,0,168.09,2.78,0.1,11.669999999999987,11.325392719339588,33.23780242242533,0.0,23,59.8,0.0,1,1,0
c32ba4dd938e4976465c00b6d28562539819220e0167aa69bad00a677e52c85e,0.0,0.8804298426651453,6,52.63272727272727,11,756.0,0.0120036525984019,0,909.15,25.35,0.1554545454545454,9.922727272727274,9.618710216295028,30.6417312311928,0.0,2,578.96,179.1936224567856,10,3,0
cc706b5507dd4b7d33e057fd125ddca07d5ffb3566519941b1d9b3b2d1f795e5,0.0347584099595551,0.8332052879572801,2,182.58,14,1315.88,0.0530809722326807,8,927.34,56.61,0.2585714285714285,31.909285714285712,28.311314397211813,70.96414216229566,327.0,3,2659.32,149.8495069874519,7,3,0
65b09413675f8e85cf1163875c7b0184b823165bee8e219e7957a791f4334097,0.0,0.8347531844861174,0,184.518,5,415.88,0.0909787184706069,3,252.79,16.31,0.292,50.232,55.15526135711749,153.1836591821886,0.0,10,922.6,139.59204963486977,5,4,0
4efd015fce0ed18d449af79f9ce18571cf6e2720b278da9e17318a3b433cf5be,0.0,0.7520339948025234,0,99.5,2,356.24,0.0977763799483925,1,157.61,5.07,0.15,40.505,55.21774437526632,118.85029382637848,0.0,12,199.0,34.981384379563664,3,2,0
6a81b2d152465ded2f797c73b6bdc812d7fa2f54d87e700f93f004abf3cb6121,0.0074157570004746,0.888281919591468,3,103.62571428571428,7,887.0,0.0143070681187273,1,873.25,25.91,0.1928571428571428,18.325714285714287,26.23034580494089,60.7368314421954,0.0,3,725.38,106.92248045752368,3,2,0
df7f6ebade2487f74df9c08f985bae354e8f095e4a6468abc8a41d740d3cc458,0.0099588698674474,0.8046262881503208,3,171.87833333333333,6,909.0,0.0581007362464521,1,617.39,23.08,0.22,48.65,27.357052727424463,92.21452132946324,211.0,5,1031.28,184.16434636402624,6,3,0
357a6c85f31faa6712a9eb9b46e5f4b284c3ae3259089300a1153953e0379af0,0.0288768513284393,0.892281287354594,1,153.46666666666667,3,375.0,0.0168236686121255,0,480.81,11.05,0.2799999999999999,32.81333333333333,22.149096014224,73.06797066407557,0.0,7,470.4,68.28090011508601,4,3,0
f171ae367aedd0f50d84c51421e5baf43e291a11dc3429e6fa5f8e7e5b07dd45,0.0,0.729903536977492,0,31.25,1,375.0,0.2315112540192926,0,116.89,1.48,0.5,48.59,45.28714902678532,150.925655670808,0.0,28,31.25,0.0,2,2,0
a0c75a094d50f11a6a4f2d62fa9ed57b554479b5183a5e3691dd50fa3c79a3b0,0.0141695241873777,0.6544215270558951,3,228.72,7,500.58,0.2395221511817115,7,857.35,43.27,0.4028571428571428,129.50714285714287,116.61602023162509,345.3778178695861,0.0,3,1601.04,345.83313439747303,9,3,0
c6f79a604b72d8d147e078d8b8d22541bd70c1386119396def8659fee3228de5,0.0,0.9333333333333332,0,82.1,1,350.0,0.0,0,185.39,2.67,0.5,94.94,44.0815980397029,182.79662812793435,0.0,16,82.1,0.0,1,1,0
71817ecb25f8800f99332d008803e8a808a1e208d8e054ce0c1709eb3d73d5da,0.0321998969603298,0.7882406875877025,0,89.33333333333333,3,336.3,0.0716417910447761,3,182.7,8.0,0.3366666666666666,58.553333333333335,34.0172893830481,123.58411975378333,0.0,18,417.4,59.4552409861145,3,2,0
ae6779c1261d50fa1a2100ce47f3406291390b559c6b3e8f874df93960d991b7,0.0501353654868144,0.7429085480228151,0,54.05,2,493.0,0.1901676683382459,0,199.18,4.44,0.535,40.040000000000006,95.50412937937703,183.53377315188183,43.0,11,245.0,43.582736503277815,2,2,0
05f945ea887cde3e72a8f6569446f3ccc89c82e94b9949c099f99eb669d14001,0.0309579680600815,0.778491288776972,5,167.99384615384616,13,769.92,0.0919545555537727,7,844.15,52.33,0.2246153846153846,38.68,35.66380161061601,108.74131396922635,166.0,1,2339.9,222.4658270102164,13,4,0
252c907f9b80c6f103ae09b9ccd5b36cf5e9f525dab3da3f9af396b6480afb03,0.1381323631614251,0.8075734396489114,0,74.0,2,675.0,0.0759198306368117,0,326.33,5.11,0.12,31.19,34.192816681987935,79.28189402790827,0.0,12,148.0,90.56431880490196,3,3,0
2a3a5f9f90a323b11e1f8e339b0676c954a1f995d907c0912a76cc3c596af9fd,0.1506276154002851,0.7110134310134311,0,66.5,2,725.0,0.2045421245421245,0,152.39,4.93,0.12,43.30500000000001,87.68032628831418,168.90491248733662,0.0,12,341.0,32.53842802957163,2,2,0
c48310c68e21f2c6e2367d81ad903669028d784ca137f9f2d0f97d0f2da65860,0.0291742137269372,0.8363071766799618,1,136.96333333333334,6,375.0,0.038951291403134,3,224.6,15.76,0.2966666666666667,40.89333333333333,34.30279600410216,103.39885837808248,0.0,11,851.76,228.37059538092936,4,2,0
2bdbc59ad6bead411a0475629ce355589798aaf9f9a29ce86479a2cb0c604d9d,0.0632120327988689,0.8718757707039733,0,50.39750000000001,4,469.02,0.0329516279814194,0,510.23,8.6,0.1525,67.41499999999999,30.125252309639887,147.5372887897406,0.0,4,201.59,344.73472015595394,1,1,0
d11dbae5a1d0f0e91f83122650cfcf193334524250d08c125e1ededa13e1862a,0.0157352357228271,0.8723625916490452,4,244.485,10,87.63,0.0237478961233018,12,1073.05,65.13,0.239,15.980000000000004,14.743756365158864,38.68467067936507,24.0,1,2447.88,213.8399243358516,11,4,0
6fec7fe8c055f009105ba06df50986a72f7fb789555f558026a9c06802e8bd30,0.0,0.5914174123630586,0,174.25,3,350.0,0.2603972832206602,1,389.66,11.27,0.1333333333333333,30.166666666666668,16.463815398876495,53.69971270798207,0.0,9,522.75,329.6454035967429,7,3,0
9d078fc4d81d331fd6231c33a16b96680dc7b194901ddaee39853f3e0ea1ed5f,0.0227066303360581,0.65859375,0,184.1,1,350.0,0.23515625,0,107.99,3.42,0.15,114.39,46.23493009587804,129.75154023585802,0.0,20,184.1,0.0,2,2,0
fc583229a0012849090bbe635886ca06c774e58b90c8fe5f0bed113b772da73f,0.025647722417518,0.8186407100397693,0,301.434375,16,849.67,0.0611959162813493,16,912.61,88.87,0.415625,23.008125000000003,23.798666696009903,68.8258845018856,204.0,5,4822.95,329.6544190012146,18,5,0
caed71ba08316228a246d6841a5bafc73172d8eac21ddce80821de7f72bad14c,0.0,0.8034212168164561,3,273.6333333333334,3,375.0,0.0576714636871963,2,240.29,15.31,0.35,48.60666666666666,36.07442447060095,102.18886772461413,0.0,19,840.25,175.9739227078894,6,4,0
6e1c3d7590c1baadc476858e938b4c4dc4dd0e00fd6d1610143e2b89fa06ef4e,0.0077450934832783,0.8481447834383466,2,102.97666666666667,6,590.0,0.062078835588438,3,761.58,25.55,0.245,30.54833333333333,26.88101408996734,79.45390448203487,75.0,3,617.86,93.71444528382784,4,2,0
ea77e0f6a4ad32ac0f75e1f11a3b1603d8dd839c6677abd2b8d01873bcfc6646,0.0447947976929198,0.757668297334141,0,150.7581818181818,11,668.88,0.1211289530621296,9,638.28,41.92,0.2654545454545454,59.9809090909091,49.78387455416456,139.85593034018373,70.0,5,1863.33,203.05159655233223,3,2,0
02b7d7fa7d013dd9797160483f9756f35d6858974d5a0a142d89d0bb31ef1ba8,0.0,0.9488372093023256,0,90.0,1,400.0,0.0,2,491.12,10.01,0.21,5.410000000000011,4.841548670885328,15.111539587650478,0.0,6,90.0,0.0,1,1,0
6d6daea155323e5ccbb71fa9bfe973717de44e9216358850a8e6fed2512c9650,0.096615170956681,0.7824951060109949,0,236.004,15,677.65,0.1211792053316142,9,953.61,67.14,0.4986666666666667,29.858,27.74067183719593,75.22337045924206,103.0,1,3547.61,225.6527658713004,17,4,0
4ecbcd8dccb713815d99084378717fa4df1528ea9183325bd1c88c7a3ffb783e,0.0,0.8987012446996152,1,110.252,5,744.0,0.0085676037483266,0,1069.45,26.58,0.252,21.82,21.860794763100103,52.08701290024474,90.0,2,551.2,91.66764772650131,3,2,0
8b6a6b28cac61f2991b1b1429bc901fcd2570c824e79936d32066d8cfd721356,0.0458148034319174,0.8589223650453146,0,46.083333333333336,3,350.0,0.0567820785589573,0,296.11,4.77,0.1133333333333333,53.376666666666665,18.18662388922777,87.14053802368865,0.0,21,156.46,92.80617750277588,1,1,0
36532ce44ad2517e1d473b77d3b465b26cc2c8c783263aa25455657b3dba61d7,0.0,0.8014769608166022,0,93.02,6,595.0,0.0993919718905246,1,674.02,17.76,0.16,55.68833333333333,41.928571660460825,122.39482571950836,145.0,4,558.12,107.8643419597302,3,2,0
4b4f50a193f01b7e754871886f6310f2292c09df204f818e7b67eaf5305b4da8,0.0437843478399968,0.7363860101740354,2,73.84,6,512.92,0.2108196323437108,1,985.4,25.39,0.5366666666666667,36.09666666666667,37.36786233338325,101.65973986985044,24.0,2,443.04,106.49099990228753,4,2,0
4a7ec43c581783c1b0e0d1d2b9218f0761ac397c3c04dc19be02cf6dd4148428,0.0806502415661444,0.6968848011799799,1,374.72333333333336,3,742.0,0.2018838599011565,3,388.77,21.27,0.2033333333333333,34.223333333333336,42.52359342058168,99.687814216636,90.0,5,1124.17,629.5328353097306,6,3,0
0485e6356e34a93cf40cf9f4abdf917dcd68a035deec2bc194368097f67f52b4,0.0268988175477213,0.9067585470820668,0,137.91,5,463.68,0.0073717948717948,1,684.79,19.34,0.212,20.172,16.53841113205484,52.3177737305581,0.0,4,689.6,51.21958050557127,2,2,0
caaf67713e26d788f98d825744b980e5c11ede75e18a386ae27c4cd36152fb68,0.053276193472639,0.7593213940697519,0,170.124,5,1196.0,0.0852731098282221,2,471.55,17.21,0.256,50.07600000000001,39.97804651619455,101.79660431410312,248.0,8,850.62,98.3697124326509,6,2,0
0e10d38fb0a6daae93294e43dcfc54edd9155c35941159765238d087f4b86f93,0.1039679336420895,0.7398330133865224,0,60.48,5,1642.96,0.1719325515877582,0,845.87,20.5,0.128,36.19799999999999,49.66523052160399,112.82942496566758,40.0,2,552.6,93.4773352818854,2,2,0
0736b49f67e5e5f60f712da6cc9975683fc831324791fa5556ad35ce23ab153b,0.0938390017889379,0.6935282703688755,3,131.05999999999997,3,997.96,0.1615558148330819,0,295.16,8.77,0.25,28.38000000000001,41.95819423876175,92.32469841508356,0.0,7,408.2,416.9581958639954,5,3,0
4b77fa690b81b33d162af03a6f45f46c7057bb350bfb990c1237e10d12f21636,0.0,0.8816666666666667,0,92.0,1,465.0,0.01,0,128.51,2.21,0.09,29.700000000000003,50.072833369843394,89.60371698425024,0.0,19,92.0,0.0,2,2,0
a76c4e0d4e2fdcf959486a1929b4f15eb4ea2addb6d7ec5a70d7b451f0913454,0.0306090617526917,0.7865718361525975,3,123.49857142857142,7,1300.52,0.0747578103136536,3,588.32,23.18,0.27,39.69571428571429,58.56111258426196,120.7327655689712,188.0,4,864.49,198.88881508512512,8,3,0
71089087bc0e7902f7c59eae15f7c30093a313db70f437475357dc0ed563ffc6,0.0212530293825843,0.8386322264385886,1,129.151875,16,457.32,0.078278429914144,11,974.67,56.75,0.253125,20.762500000000003,24.17403662941629,58.44118328635772,0.0,1,2205.46,188.44498609663967,11,4,0
5a40d788844193313baff96eea38af5a6bc4f72d9cc0ed29369d79d456dc65ea,0.0474737475419074,0.8719856930840081,2,61.36,5,561.72,0.0057026476578411,0,897.52,20.33,0.09,14.802,9.125664250525473,34.00897342918217,54.0,2,306.8,39.18190138889147,3,2,0
7e375f606c67952cc184a9b4c1236da1c21a15e89942bca67cb3e5f02afae2f9,0.095666315890175,0.6568047337278107,2,68.0,1,375.0,0.2514792899408284,0,397.18,6.9,0.33,52.14,41.061157446187096,129.79336330995196,0.0,9,125.8,0.0,1,1,0
376bb40ef2f250a5b278fa071c689c8fcae9b62b93b08b699e731ee001dabf1c,0.0,0.9324009324009324,0,128.0,1,325.0,0.0466200466200466,0,107.53,2.36,0.4,14.97,9.446077646750776,35.05668107239041,0.0,18,128.0,0.0,1,1,0
fe2be98a57224b0f69b38251707fde7a920521ad4421c689c837026efa0a66f3,0.0644244657274747,0.8638200817165945,4,58.45399999999999,10,1204.45,0.03978555342142,1,876.93,28.72,0.122,42.624,42.79073172795144,130.6080235169262,113.0,3,946.54,252.6133146045545,7,2,0
ba7034b74eab3e76833b946b78f4a32ecf4595e2c67473cbc3e813120e0b2e0b,0.0500871897063995,0.8306135601409388,2,103.54714285714286,14,808.76,0.0869331966640285,9,1084.68,54.27,0.3164285714285714,38.38071428571429,39.82970041575502,102.03514322475812,123.0,1,1832.06,202.27912232194683,8,5,0
041cf45551c18cb85535d12cef1c2b69f6796e2c0af7835d4ad3ce91abf45830,0.0274494056359573,0.7836344847486479,0,75.582,5,375.0,0.0800983881966975,2,404.57,11.53,0.18,26.416,28.42314477831432,71.14261791074165,0.0,7,377.91,105.36679367591928,5,3,0
a2beb80635378e52e6fbeaf1921095f3aa2d3eef1ef8f40b74f6cc5372f6ff67,0.0176497581983127,0.7927080670621983,0,144.99666666666667,3,440.0,0.1242464511165212,2,686.29,18.34,0.5066666666666667,77.70333333333333,34.77629339554533,139.9065210106321,0.0,4,434.98,104.65189254990112,2,2,0
c0c5096e5734dab1bfcecac967e5184b61073eb752c39e71c8ca5d4ad47743c7,0.1341813595255347,0.6654991243432574,0,138.2,1,350.0,0.2276707530647986,0,236.7,4.75,0.11,115.19,43.42071695472947,161.03293393404883,0.0,12,138.2,0.0,2,2,0
6f857fde7e1af1d5cd0dc32227ae5b90a76b8e183eddb82d3183735fd489379b,0.076566747061751,0.8705882352941177,0,317.0,1,375.0,0.0196078431372549,2,426.59,14.57,0.59,33.31999999999999,26.7115770410824,77.89898493915602,0.0,11,650.0,0.0,2,2,0
1ce553011e4abd531e997f9e07a109acec344dbfbc95ff22c55e22b92cc3dba5,0.0350869309207824,0.7998427230551061,9,106.3377777777778,9,881.32,0.093903148529003,4,772.36,34.05,0.2555555555555556,38.583333333333336,41.56645169744524,108.66340622528072,210.0,1,1041.04,203.9834550894119,10,3,0
d95b24f2ec0fb1bd4c4a0edefe10e8a384825ba0b6025e64aad27a95838492c9,0.0104564228577403,0.795139803761541,1,143.1,5,663.0,0.0767846513347081,2,254.38,13.56,0.4,72.162,50.83571603368496,140.52306334092955,135.0,17,745.5,91.51129103741818,5,2,0
186c7bd16cc23f1e9aea44495a4f868bda6fc94bd7a73a0f799192098c37c294,0.022707077388755,0.9060160965477848,5,67.04,9,699.5,0.0066807313642756,2,973.61,30.7,0.1788888888888889,46.81888888888889,25.55261128713737,102.3573337018543,195.0,1,603.38,176.50054482216234,7,4,0
59b9613abf910e3715d7106cbbf90ea457d13257fe921fc502803a6f527470d3,0.0,0.8754622205913662,0,107.075,4,400.0,0.0562102404589213,1,448.62,11.16,0.1375,21.020000000000017,15.31604272638129,44.9047013900081,0.0,7,428.3,180.175144323654,7,2,0
ddc745b4196cfe7938615126b9a8f55610c60d64efcb1813d42bef2fb6bef39b,0.0570899922883317,0.867247670619051,1,92.49142857142856,7,762.67,0.0177042858309704,1,653.53,19.04,0.11,31.84285714285715,30.56798477310746,87.79436535933708,140.0,5,687.45,137.9573126032923,6,2,0
4a31300b9fa5b18293e23215c943ad0add425ad56222af612a30a46040efef21,0.002134854488318,0.8164538700594943,0,202.32076923076923,13,816.5,0.0867955681588874,7,622.8,47.72,0.3769230769230769,47.20153846153846,39.7905216203864,116.13823547829584,189.0,5,2732.2,190.5901607408045,16,5,0
7d696fba08a111b8d861d26bc2986ca019fa816868e9bd3fe263072a0e139ba5,0.0570524924066271,0.8855441865958668,2,158.308,10,1128.48,0.0090417275165186,5,877.61,40.1,0.314,31.955,32.07015269843815,86.08713110908411,495.0,2,1583.08,173.9751636292018,7,3,0
4d7994b1b556e07f93e0df5c618f8fbb79633a98e3ffcb8e319a9128859b3a27,0.0910067329175042,0.8442128132411231,0,58.5,2,325.0,0.099009900990099,0,128.5,2.45,0.2,47.585,50.42270833418216,140.9782951652758,0.0,10,117.0,66.31910128750961,2,2,0
9d8f7086e86d1a40bf4c069580a5ae93be3d94ef4c646470c4345a8b1c9ecf5c,0.005167931948672,0.7885842022052852,3,136.62857142857143,7,1174.71,0.0798197637852309,1,751.26,25.67,0.35,55.30571428571428,37.74591255175165,134.05684218460766,146.0,2,956.4,236.28511430612903,6,4,0
164fc6e848d60680bab49827494457e4073d43ff3559cb67348e4fb3b00669bc,0.0684249142021281,0.5870711291440414,1,417.0,2,541.0,0.2889793899755748,1,307.88,14.71,0.4649999999999999,50.535,65.08775058724171,131.32982843297873,91.0,17,834.0,144.61951277332287,3,2,0
975fe1d7b28d9c2d7f6799a9842f8ee3fc21d8c5d0a55eec1957b5315b35d005,0.080706621051486,0.8288836775911552,1,82.1675,4,655.0,0.0886895221496892,0,466.65,10.42,0.1825,22.44250000000001,27.20301954639668,70.11666113019116,89.0,10,328.67,123.708320383473,3,3,0
d903631402e712db037a7266aeaf0ef812039af1917037197faa6c57516f1f08,0.010208659851277,0.842056022126507,3,164.75714285714284,7,1558.68,0.0137851877556655,4,584.79,29.95,0.2828571428571428,46.16857142857143,60.67175167675045,147.3432167041032,196.0,5,1400.3,213.298542708678,9,3,0
f5589c8e81d150690bd1209d3c089971abf68838152b591389f1548f2552eeea,0.0934306681310155,0.8495140271249352,1,133.42,3,375.0,0.0733614868482964,1,425.97,11.06,0.38,58.26666666666667,38.05222326523187,128.50422876541265,0.0,10,400.26,70.16639115340331,3,3,0
9e11cd2ec9edc629ede409bf138caa328ed1fbfa1984732df7501926070e1d12,0.0393363486464671,0.8019083969958273,1,68.13666666666667,6,547.57,0.0978668758000072,2,736.27,21.05,0.2283333333333333,39.88833333333334,56.41206685708437,125.754533376456,0.0,2,531.29,167.16167151612345,7,3,0
d4a6793c70dac338c114f921231681dd252f239eb956e1079fb37f5cb3e2164a,0.0612738757446287,0.8241953369256928,2,173.93666666666664,3,375.0,0.076865994721208,1,665.59,18.19,0.2033333333333333,38.41333333333333,30.592855199426094,103.8877991222544,0.0,3,521.81,140.5367857880547,6,4,0
099267aa5a7dcd4f713fc32b2230df2325fc9a46ae66266e8d47716f39b2481a,0.0,0.4704301075268817,0,105.96,1,345.0,0.0967741935483871,0,70.32,1.76,0.6,51.24000000000001,70.69078366416936,174.22205138114165,0.0,28,105.96,0.0,1,1,0
d0e5b5b70fe6bdc97438485fb5c5586d662e793a63e7ce3809db3acfefa3f917,0.0287786347415678,0.8853212130641093,0,234.5,2,464.0,0.0861368864391523,2,166.43,10.65,0.55,27.62,43.61901219729568,111.169985993275,64.0,19,549.0,30.344835174145857,1,1,0
b3dc339e4b2a463008e6a874592b3a7a3d91988dc4ec0852c7c8d733728d10b5,0.0549571334359199,0.6501128668171557,0,86.0,1,375.0,0.1918735891647855,0,127.91,2.14,0.11,106.57,44.929540310718274,182.3086396301882,0.0,17,86.0,0.0,1,1,0
9f6f1e6a2ac2681737143176aa16a0f3d8b5082e6165b8df7575c338be5dc453,0.0,0.8996397657181361,0,37.995000000000005,2,375.0,0.0152905198776758,0,505.76,7.23,0.14,93.955,34.826720784135574,186.2066199258676,0.0,8,76.0,149.05045627940245,2,2,0
dbe913fe88a37e1473e91e3fe4c8e14019814c75ca3cc90e26afef6a0c0cf296,0.0,0.9858770486109464,1,118.5,4,400.0,0.0,2,499.71,14.56,0.75,11.285000000000004,12.01986874374373,35.3776231550988,0.0,21,474.0,263.9537849560522,1,1,0
7b5ef8e9e6b939b34b443564187295ef701e15ae78d19273dade184148dfbef7,0.0747878139933041,0.7001929285545317,1,202.76428571428573,7,623.65,0.1624247470639946,7,831.51,39.81,0.2571428571428572,54.06999999999999,55.3917909917024,143.2663073734236,75.0,2,1419.39,230.6376964254846,14,3,0
e034fc219d4f83b6d944fc85f2a488ef0198762efea1849d72b8194c0a2e841c,0.0,0.7891978065207563,2,277.25,4,545.6,0.0686162519310465,1,489.65,19.66,0.29,36.5,22.176320976027604,73.40801420108605,0.0,11,1109.0,183.43435927787223,5,2,0
d9763d6c7cca00c7f64fa1f4568d0441238994de99bd2369398cefacebfb4aa7,0.0610761619739815,0.6351931330472103,0,250.0,1,325.0,0.1030042918454935,0,54.48,3.54,0.35,106.8,34.65610678510259,135.18321130050532,0.0,13,250.0,0.0,2,2,0
eb458f06fd4189adfbb6c0a1a4434dddb35638175e1d0e2412252e605c326d07,0.2816372512204299,0.8052325581395349,0,25.65,1,479.0,0.125,0,543.33,7.67,0.12,13.240000000000007,33.36113299694509,51.759717449878536,54.0,5,25.65,0.0,1,1,0
3bfb7c76a527c9a9ac61bb7a9b98a549321d18f0e26c466df6bfcfa1c6e240a0,0.0,0.797716150081566,0,325.1,1,750.0,0.0668841761827079,1,168.28,6.83,0.64,31.290000000000006,35.51351916382605,88.08573670120181,0.0,14,365.1,0.0,1,1,0
c911decef768957072cb04e9c0dc720d820b9d3596fb248d71455ee0f3ad7095,0.0,0.720925679053491,1,25.55,2,670.0,0.1913181136477253,0,131.7,2.33,0.05,59.035,33.94136172255959,144.52664292821777,0.0,17,51.1,0.0,1,1,0
fb90dbcd6c6572013e21d80db7f02623d14c723fe088616ef26b6f647597bb31,0.1007252215954875,0.8531462117042745,0,70.05,2,350.0,0.0548523206751054,0,79.49,3.78,0.185,55.835,67.37310183757886,177.70571276210086,0.0,20,248.43,134.3311933429872,2,2,0
1bf907567341790dc1cf927f486e554fc3d3fd116c47862e2ce63e7faea104e1,0.0568763508133317,0.9204819277108434,0,85.0,1,400.0,0.0,0,60.31,1.45,0.23,90.01,32.14301318485757,133.57956726647475,0.0,31,85.0,0.0,1,1,0
5c2f03f42989ae8a6ed53e7e7b7d36eac956cc3382ffda03254328e7bd027afe,0.0211492502590783,0.743129359001197,0,176.51,3,424.48,0.1316664800786157,2,632.89,18.25,0.2799999999999999,52.053333333333335,40.18437716143647,126.77258739591666,0.0,4,559.6,435.40435676283647,4,2,0
69cf90df0489a0d8c2e0590cd064acd623c892e631d3db98454e10f9379bf868,0.20124773596297,0.5432525951557093,0,36.0,1,368.0,0.4152249134948096,0,85.6,1.22,0.25,35.16,76.21289149728072,139.4261543958308,0.0,27,36.0,0.0,2,2,0
075be8485dff86fff7532ae2024a512a2922527d8e38d0c7b280e7a6b5daa57d,0.1002506265664158,0.4228855721393035,0,24.0,1,790.0,0.2288557213930348,0,254.78,2.96,0.12,73.76,44.07099524505633,173.78712669148408,0.0,8,34.52,0.0,1,1,0
e958b4d8f523a090a73c60ed6b9ed997dbd2feadda8975419720dfdbb0f39207,0.0433155473492876,0.7207887668021629,0,276.3333333333333,3,410.2,0.1301455152433522,3,175.71,14.66,0.2633333333333333,60.30666666666667,75.09839664249934,182.4431387844626,0.0,17,840.0,140.410150580551,4,2,0
b18315fcede777a935a3af38d9aac1332a4e38eb7492cae9aecd6ec6f4fde2ad,0.043470700747696,0.7756394110777827,1,89.0,2,675.0,0.1043121608316351,1,261.83,6.7,0.23,58.21000000000001,48.02970266661242,140.13703159899973,0.0,16,199.0,53.66462084812459,3,3,0
707050be924da3d622ee050d12b4fc3f5a446c6287b356613c43ea66a39784bf,0.0172998739914231,0.8398553387262296,1,209.1625,8,512.56,0.0625002505986531,5,1056.7,44.98,0.43875,46.79875,50.2831970220124,134.28512435735144,4.0,2,1673.3,176.8268232483109,11,3,0
5beb2cc8a4567476410c94872bae66206fec9c004f7b8914d4e3f550ffbb829c,0.059235989841209,0.7582072389339948,5,206.78,4,487.37,0.0743739423570663,1,255.71,14.9,0.2275,52.505,30.139073331547745,97.92127673793864,0.0,11,827.12,231.0319252912521,6,3,0
eca21039b4398946d5ad5026db6d760423b6d6ca01a589cd700da0426b4c1023,0.2011667672500507,0.9090909090909092,0,15.0,1,450.0,0.0,0,150.49,1.75,0.05,43.29999999999996,58.37147471757688,144.09464183845438,0.0,23,25.0,0.0,1,1,0
cd339540a067a1ce3d0bead17889f79863a34f6d5850ead09371bea3f11d9da5,0.0534587832780925,0.6672727272727272,0,295.0,1,375.0,0.14,0,265.1,6.21,0.2,118.52,48.0594032956565,179.29056194350525,0.0,13,295.0,0.0,2,2,0
5788b61427607e2f90c261c99738c91fab7d392acde7448b955596e3db76b506,0.0830497754208083,0.661740184866188,2,192.10076923076923,13,707.61,0.2090353463250218,8,1079.11,58.92,0.21,45.138461538461534,41.53073357270523,110.10031291894566,101.0,1,2511.31,190.50822838117887,15,3,0
b617e84d59c431a82c538345bee487ee8c73527d0d1aecdcacc2e9688e9eebd4,0.0863918762589761,0.8921691138185984,0,85.36333333333334,3,477.0,0.0656044985941893,1,220.53,7.55,0.5266666666666667,35.35,40.95863888964657,86.2088154938366,0.0,14,334.1,185.30742996359228,3,2,0
0021bb4dc5e372915a6ad8b0cfa376de95e4c06e2c3f6421ec1a025e13ade2d3,0.0656581165439507,0.7592264140638748,1,90.94,3,457.0,0.1028375740584538,0,166.7,4.89,0.3433333333333333,48.96666666666667,43.50429419498844,123.03467966632252,24.0,30,272.8,224.3131276560557,3,2,0
610ce9ce3745bbd3fbd13f51d032dad0a1fd369f8c808df6061d1d9b25a7e98f,0.0245338567222767,0.8249462498011628,2,195.505,2,350.0,0.0175438596491228,1,208.81,9.06,0.1649999999999999,36.72500000000001,26.406491437302314,103.58998158359418,0.0,17,447.0,31.8664800076859,4,2,0
e256d7afd5be7ed8bc3a9f50b8e82586d95d5952395557f1a517e78e3565f336,0.0500573242303913,0.8052426177897654,1,219.26777777777767,9,45.3,0.0640563814821783,11,976.29,60.79,0.4011111111111111,10.268888888888888,19.326263659303297,38.40837383725679,0.0,1,2555.35,111.0072756496334,7,3,0
14bdb1714c51e95e339154dc29c7f7344ad298e432581afb45fb0e6e1cac7650,0.0164935687554041,0.8632925133610029,2,91.36333333333332,9,1089.62,0.0446440154070846,2,856.22,27.46,0.2622222222222222,27.72111111111112,26.74254320786393,74.2586420418451,29.0,2,822.27,174.8945625256207,11,3,0
fcdf69c22c54cf6898d22a7aece4b31b81bc1726c4a53624d92769c1b361dd4f,0.0474653502942852,0.897112147112147,0,19.025,2,445.0,0.059171597633136,0,234.98,2.73,0.05,23.99000000000001,54.36936689980541,102.49859828128076,70.0,2,38.05,0.0,2,2,0
5c5b438fdab1382eaa259f8dd84c8a4e88542e3c9f0e4e758533b0b24ee16fb6,0.0507913190450419,0.9106296017762944,1,19.37,3,658.0,0.022633744855967,0,537.03,9.34,0.08,20.67666666666667,19.80997869919206,62.12633900105456,33.0,7,58.11,164.8441284893619,3,2,0
aae43d688cb0cabc7d7651b28db786e206cfc547e0c179965cb2f73237c7019f,0.1235605199426675,0.663745849559336,0,391.545,2,520.0,0.1695027669604427,2,886.03,26.81,0.435,31.725,45.401913458715846,100.73972175990646,45.0,2,783.09,71.30926856545273,3,2,0
63a4b8abe1ef96a4a8be87c1a397a2c972d560776dd04b35e84cb0f6722183cf,0.061793809596955,0.7182517721867492,0,129.31,4,488.0,0.1570147761583767,1,693.17,17.83,0.2625,76.5175,40.44514434604602,154.40341472866433,38.0,4,517.24,78.78344417681629,6,2,0
fbaf2b357dd00d907a2fe850319b56b98868b1e2a7e826ef2f772b2908c8557a,0.0309099901088031,0.8991025784127693,0,65.0,3,520.0,0.0412694869219034,0,127.39,3.22,0.19,46.74000000000001,35.55254166494132,121.89455576193971,70.0,4,195.0,93.99176481881427,1,1,0
2290ea56b843a4197030450ab5984789a60608dec00190158172196992c81f63,0.0317702982477652,0.8349991231084462,1,358.325,4,762.36,0.0499650962425714,6,850.73,38.93,0.5725,63.2975,47.17832934457376,137.53004629776044,64.0,2,1433.3,108.21562496086742,10,5,0
8c3ad6825a0aeb5d2540a2c307d62cd4bc1c3f2f5cd1b97802fef9fec3f1576e,0.0470279718919295,0.8838208613911251,2,109.5375,4,425.0,0.060561106001621,0,893.25,21.54,0.33,18.017500000000005,13.855538434631912,50.299829337408895,0.0,5,438.15,112.70304501405116,3,2,0
a55f2cedd08eddf664751740be62e7ccf7b169472240ba94083249b6b731960b,0.0490893917824358,0.825733181547135,0,18.125,2,431.0,0.0849731663685151,0,522.33,7.25,0.02,41.175,36.44248010861284,114.91551730366612,81.0,6,36.23,0.0,1,1,0
59d9f2242e176d235cbbbc9ad26050278b1bc05479bca1c78c3fdbc4cc1fd910,0.105984662623492,0.778401772122253,2,194.09,2,511.0,0.1042566064249189,1,179.1,9.17,0.22,101.47,49.81418931819867,165.5840469378872,124.0,15,488.19,39.0761499079652,1,1,0
e1e43273102be5db3a07529c9b35c529b5ec34ac82eb16d5f6db3b071ef8137b,0.0595202252727317,0.6964434762339927,3,75.81142857142858,7,865.41,0.187489915662218,2,721.39,22.13,0.0999999999999999,52.83428571428572,49.63439142114844,121.03971021328924,122.0,3,626.35,315.32650570213593,6,3,0
08620341a21fae68f79917b4fde113892a607036b735e9cb3e9001bf1422bf16,0.0225499342934327,0.7936316579122799,2,157.1825,8,586.0,0.0385912730837089,2,683.11,27.98,0.36375,28.555000000000003,41.92769730611677,85.23968987890768,0.0,3,1257.44,174.25442023299416,10,5,0
672f24d4f70a37660ad32c3b8f4da672bd23962dee9f7d64111d78684dc79d80,0.007186231181057,0.8447131109195644,0,112.168,5,528.6,0.0611880047557094,3,373.46,14.26,0.272,36.986,35.194416443070395,103.82277369405298,46.0,8,594.84,178.05018464945164,5,3,0
885699c1130e0becaf425adb092f3e9e00a357fe99a4e4921fdd7ef2b22d9498,0.0,0.6718774833685262,0,45.7,2,350.0,0.2403106055445814,0,111.41,2.03,0.095,51.15,26.935042853605967,102.75185813234218,0.0,14,91.4,318.2888858070027,1,1,0
f0cd7425cd38c1c08176e525386c41b05d42f0a829570faa1d28a6bb07335f26,0.0119266115377092,0.7756910347775441,7,146.47,8,435.74,0.1204944289096139,3,464.85,28.96,0.44,44.9325,29.028560084087005,103.24327347482988,2.0,4,1534.84,271.6558571458201,7,4,0
c63e2d4b983d21eb394d9f5f444d5af308980877c7708fbc25369be499c98f14,0.0335042047776995,0.8464344489369787,0,117.93,3,850.0,0.0614426072369997,1,571.15,13.15,0.1399999999999999,22.85666666666668,33.968679429342565,71.56521940122768,0.0,11,353.8,50.74115429252208,5,2,0
9467fae28fdc78cdcba9f8a5890a93fa9d2952e0fedd359de012eedccfe306eb,0.0598444045481747,0.9263671005785492,0,87.225,2,350.0,0.003720238095238,0,144.24,4.55,0.35,58.790000000000006,53.50371033006783,159.31264289558573,0.0,18,310.44,97.66731389333128,2,2,0
16daad9e0ab876a05ffac1442d5ec029e5890b9c732d481dd1f07d39cb5af586,0.0355000177500088,0.863689776733255,0,312.0,1,395.0,0.0,0,65.7,4.28,0.3,39.6,25.604644834917185,73.39083965579334,0.0,30,312.0,0.0,2,2,0
f6c48af26273a5b9b77bfb74bb6ed90f2bb34f1c6081cdb7ed145c9aec2f8531,0.138836999996789,0.6735449784708484,4,83.77333333333333,3,598.9,0.2227528349948924,0,515.35,12.19,0.0733333333333333,78.04666666666667,51.12216504472364,177.4233011919629,8.0,3,347.32,217.95979225388768,3,2,0
825508ead271a4bb8c16b40399b3e2b1ee79b9bbdbdf6ddbd947074153ac6a83,0.0250250250250251,0.8418164895720641,0,39.495000000000005,4,611.33,0.0583052794116956,1,397.66,7.73,0.1825,68.005,33.71302448813425,143.28870114341777,187.0,9,157.98,93.3141278301252,2,2,0
8fb7074e29af5430eedcb266b0875f4a8806c334f3921906476b1008c24377d8,0.0707946415073742,0.8909558692354339,6,117.21,7,723.0,0.0048129512141763,4,495.85,25.4,0.1285714285714286,21.957142857142863,23.133816182599844,65.48006682545504,148.0,3,1017.92,365.9469519790777,11,2,0
d17e1716713c5007d4a3ec166bb3910d0950c5c1368d6b2ca61d2967a864d450,0.0600132029046389,0.845360824742268,0,262.0,1,516.0,0.0,2,274.89,9.52,0.35,21.55,24.682971458024817,55.311659369480566,66.0,14,262.0,0.0,2,2,0
f10db3d9281428506ac442ffaf067e377b1349a59df5afe1817dc37ff42f1fdf,0.0517290432713446,0.7685393258426966,0,452.0,1,325.0,0.0659176029962546,2,92.01,10.83,0.31,44.86,66.03740397936576,122.6609852503018,0.0,14,641.0,0.0,1,1,0
2b4d9425864a943ccad126ac75e3e9e9922af9c9f5967e80c5f3a3a2c127ddac,0.0,0.944976076555024,1,45.2,1,150.0,0.0,0,379.42,5.34,0.27,22.120000000000005,17.978510739780372,73.40176245136959,0.0,10,45.22,0.0,1,1,0
5987e07014c60ab2d70532b884aaed8d928fade5059c8be9d92d31d6a40e73c0,0.0479379047125793,0.7011890587757328,0,224.2428571428572,7,1876.75,0.1656985907531553,3,920.97,37.51,0.2271428571428571,43.41142857142857,52.05473446410962,118.07951613447553,175.0,3,1615.7,152.8170013711718,9,3,0
f9c74ef16dcf87ca44d8780babc1d36533f51d08e7997025b9e28e04eb576f6e,0.1003512293025589,0.6448598130841121,0,28.0,1,325.0,0.2710280373831775,0,66.71,0.95,0.04,32.370000000000005,35.050777422616854,88.95732261375849,0.0,25,28.0,0.0,1,1,0
c342661a11f88eeed07c3684a12e18b675caaa0eecedb145c6fe925aec6ebd8a,0.1316569021130935,0.7368421052631579,0,108.0,1,350.0,0.0956937799043062,0,106.69,2.15,0.16,57.67,56.87916683739191,120.17100535521782,0.0,15,108.0,0.0,1,1,0
407ed694122785625df5bb9bcdfcc5dbdd5371530d1a180ad7a803344c3d5836,0.0260211839847821,0.7959953628966319,0,299.2475,4,611.25,0.0392310859387766,4,408.77,23.52,0.2675,19.09500000000001,27.687991946829264,61.16922344821347,73.0,4,1271.0,212.5559886264193,7,2,0
2e5776dd3cad174a8463045eeaf640bcd199f273744e5b81866af84d55f6db19,0.1703787671148879,0.7798779574722972,0,155.5,2,438.67,0.1173143156633722,1,264.38,7.36,0.42,38.305,44.10890174104696,114.83743621978029,0.0,14,311.0,151.00154205298142,1,1,0
8cbe74294c9fec832412408d23fe2a264ed3ada5d8021bd1acee480350433463,0.0198765981747936,0.8635299189942692,1,150.62,4,400.0,0.019043871095431,2,653.19,19.68,0.155,32.684999999999995,21.90352723727009,71.70137758025986,0.0,14,602.5,160.05318568355133,5,3,0
85557e96122d9e17f4e3ae04e2f775e82eb015be06844d1aac3ff0fc3aec2624,0.0,0.7198986096596655,0,131.43333333333334,3,753.73,0.2032163742690058,1,771.6,18.56,0.2666666666666666,102.08,31.94262808309756,216.8213813635085,0.0,3,394.32,95.19965043317391,4,3,0
28ecb5b547252dfdf022f67b14049e8ce19ca084e8720e7fa0d4895dd0a1651a,0.0167084377610693,0.9249883651381212,4,63.08833333333333,6,504.21,0.0080500894454382,3,473.48,16.02,0.2416666666666666,23.76,15.147425575122362,48.11306704395656,70.0,7,378.48,199.2573059780438,2,2,0
206924257e93be87310ceb3476e4435e0661a22c82a690f7bc7edb1f68eab225,0.0778937529210156,0.7587209302325582,0,108.09,1,385.5,0.127906976744186,1,210.57,9.44,0.33,55.120000000000005,52.8765512338898,136.58696617685987,0.0,15,583.0,0.0,1,1,0
53292db19fe5351729b1cc8b3aaf64a751770835368b0e78940ab44794ceb8bc,0.0376460538665694,0.8597726699344651,5,128.61999999999998,7,770.32,0.0454358353665268,1,665.93,23.48,0.2428571428571428,34.47428571428571,24.333558702026806,73.41892134705499,108.0,5,900.34,237.9136726853739,6,3,0
1459f5d9bf15442e315a22f87d82d34c237d537eed7132443b389d1178e177c4,0.0935074001095047,0.8868164663121085,1,116.7775,4,470.0,0.0249608736206871,1,389.69,12.3,0.265,28.775,35.9671233330693,88.9040238755663,0.0,15,558.1,81.66683928472763,3,2,0
dfdb655bf39cf87074246f87627a7b3f90005531773fa6011353124235e5341d,0.0,0.8584905660377359,0,99.0,1,350.0,0.0,0,70.41,1.69,0.18,45.27,55.91391667561284,134.51680006975818,0.0,31,99.0,0.0,1,1,0
0d332568ec38d63672d3567efb87860bdceb95c89ae4237b889521c2f705eea9,0.0429116007528775,0.8006794008351704,5,109.07,11,785.0,0.065866961804506,3,1030.32,38.58,0.2590909090909091,49.25454545454546,45.9305711530677,130.38063938928647,63.0,2,1199.8,219.623028889842,16,6,0
093b2c4893e23514d6ff86e8c53a41ecb8e966981334ad113f3436bfae02e08d,0.0952864639533697,0.7531820697288323,0,39.5,2,400.0,0.1465308522412838,0,236.61,3.16,0.175,77.25500000000001,39.33758483850076,159.70204838803346,0.0,14,79.0,52.11455864279514,2,2,0
26ab86a14fb314e588dd8e71086a6001bd318a6b05eebaf6df0d7c2efadcab53,0.0,0.802547770700637,0,84.0,1,350.0,0.0987261146496815,0,194.4,2.78,0.5,42.14999999999999,76.13981609320759,130.70981671182997,0.0,14,84.0,0.0,1,1,0
2750ef76a32ef27d71ba1a05a18425b810f0c7509ec5e1752fd0d0cc51e477b1,0.023687434510527,0.8419146890931788,1,125.30272727272728,11,1192.9,0.0563242448493418,2,975.9,35.51,0.3763636363636363,36.52000000000001,38.46112668574285,104.17151319245056,334.0,4,1378.3,198.06331754525863,7,2,0
f3f5093fc2e53c093a501a6173dca725317d42404ff2d4e82cb2e89c50631375,0.0448671931083991,0.8136218994778068,0,154.125,2,475.0,0.0599434290687554,1,261.49,7.29,0.37,39.760000000000005,62.17503941847006,127.62159049035202,0.0,15,308.25,89.39572317843621,1,1,0
582c70190a948660049e5709d1b886f0fb2cd9ccd0e3248ea4dcfac067d0ebe3,0.0876174107921135,0.784781172233688,2,32.4675,4,389.25,0.1806648560177198,0,223.4,5.03,0.625,40.5,82.50282546749168,137.42726754449995,0.0,16,179.87,81.55050109032345,3,2,0
3843f400571739995f836796ba1864e26627678ddc3b68152ce75fc7defdf03b,0.0205358320594741,0.9059464817177608,0,129.5,4,350.0,0.0022435897435897,2,315.07,12.13,0.315,42.9075,10.664726974655943,64.4090321145437,0.0,8,566.0,85.87475159983774,4,4,0
40675c58407ab04bff6f5acbf5faa682bb9562a97bc88f14e39d2d354e2350ef,0.0206972662073382,0.8999896513737755,2,101.76666666666668,18,1221.39,0.0397041438863344,4,891.82,46.65,0.4444444444444444,36.41388888888889,32.2372779434416,103.02877762668504,247.0,3,2202.76,140.8240197085563,5,3,0
70d2129771fdaff6cdcd2305ab7a8f4ac8053eb0754293ab260ef480e051315b,0.0176248722196763,0.8295905197013553,2,145.9,2,403.1,0.0499462943071965,0,733.3,18.84,0.13,37.63499999999999,30.582422161104105,85.50089519854254,0.0,2,568.0,33.72814568743331,1,1,0
661ce2339b62c3a2d0f358b99e3a293f6996571167dc830edf991eec029b0fe6,0.0,0.7218838373943448,5,311.2528571428571,7,325.14,0.1499688911112849,7,870.23,50.37,0.3214285714285714,45.294285714285714,29.87330769739518,98.107884235834,126.0,1,2178.77,239.97162345302263,7,4,0
08e8ef2fbdee20cd4f5d64a46ebe14283cb70c0d8b8601422557624987418f45,0.0051083912245382,0.8488242036306568,0,239.5188888888889,9,662.94,0.0415751439778761,10,913.22,54.04,0.2644444444444444,33.532222222222224,24.958827325565856,77.212742975614,77.0,3,2237.69,108.73326683609145,7,4,0
c23e92f4494dd12725671f96fddc5ff8efaf3a8cd638d663445cf98e6012b1bd,0.066806961285366,0.8109224617561185,0,36.29,3,400.0,0.1020375409950457,0,139.0,2.48,0.1766666666666666,53.41,30.258559696118937,108.26168684409298,0.0,17,108.87,83.3988533218982,2,2,0
b2b4596c979c4e4c4c27f5e78c08fa4ae5ee5e133e559885e5a0f89f420367b1,0.0244648894329187,0.7766802606280779,0,271.3333333333333,6,572.83,0.060845862721263,6,393.37,29.87,0.4283333333333334,61.66833333333333,63.51768066211406,178.34947087906792,93.0,8,1628.0,109.06648443840096,5,4,0
eb88da41331826d3c33bf2662da69ebb0c8667b85b9fbd4bc3941fef7ea8bdaf,0.0502058439602371,0.8871769959455167,0,270.075,2,350.0,0.0201117318435754,2,185.62,10.26,0.46,4.540000000000003,4.964033323852494,13.76640923499624,0.0,16,540.15,145.35613904537735,3,2,0
b26d2fcded264bb463430ee85ae91a0eceecf5d049c33b17ca10e8a3423965d2,0.0,0.881688724856704,0,188.0,2,1084.0,0.0210876803551609,1,355.33,9.31,0.275,25.145000000000003,22.549840564712845,53.48199047721874,84.0,10,376.0,34.28593837808814,1,1,0
48c6f215e04ef79d44c2f9078c8a2b6452cfe5cfb0afd6a786de79702549083f,0.1131861912846633,0.7952286282306164,0,89.8,1,350.0,0.0556660039761431,0,129.38,2.19,0.14,74.16,45.66921236999563,132.00036916571014,0.0,29,89.8,0.0,2,2,0
15f9a9881f91f95f984a6e90463b27aebb9a843737acb6f6bea6f8c7253e6a8f,0.0114945272284225,0.8766568441414161,1,133.3181818181818,11,843.06,0.0233663393147776,5,968.21,40.7,0.1981818181818182,39.40272727272728,27.121934426377265,87.15448910446698,192.0,2,1466.49,187.23413198998003,7,2,0
933bfa202c42332e819eab481cff925b460bfcb6cca4478794600514423bfe09,0.0,0.857551602800232,1,208.3,6,634.01,0.0106329841980989,6,919.22,38.31,0.3416666666666666,26.66666666666667,20.56595841320381,71.18517001161987,93.0,1,1249.8,159.68038716970386,7,3,0
601852472725ce7542a191ff95d87f6c14670c0306374e0a3a5f024734cba47e,0.0143470714762697,0.8315466252594964,0,238.19222222222223,9,458.13,0.0454460011498355,10,899.19,52.75,0.441111111111111,30.05555555555556,33.37347726397911,93.6175885929981,0.0,1,2143.67,252.1891561967965,5,2,0
acc10a64db5a3a36758b3cfbd58e60d7e517f03be6b8c602ad0bf7e7047d1dae,0.0241945856864661,0.8640475443595903,2,58.54,4,426.94,0.0495197952732199,0,414.75,8.46,0.1075,40.627500000000005,21.249296841281964,90.97067269561708,0.0,8,256.17,129.45553872465862,3,2,0
9ae46679a884ef3eaa8555c900badd88d51c212fa82b4bcea1dc8eb23bf46b75,0.201288244766506,0.7156862745098039,0,22.1,1,350.0,0.0816993464052287,0,133.59,1.84,0.08,62.82000000000001,79.49764012314466,184.5724941427456,0.0,26,50.61,0.0,1,1,0
5ebe012327debac0dd9bd7eec1aad10be1677d7c0092291975af065a017a279e,0.027025249571719,0.8462504607955168,3,91.69,11,882.97,0.0697945110375482,2,1053.46,34.75,0.2309090909090909,25.25636363636364,27.63341894995364,82.57099313520516,31.0,1,1008.61,176.45936171460747,6,4,0
ffc87bbffcda75c396db3c167f3549059b17a8d1d391cdd523ea2fbe7e573c25,0.0924470740501062,0.8521400778210116,0,48.0,1,345.0,0.0622568093385214,0,74.28,1.22,0.2,176.41,111.94928494254329,362.8108115419543,0.0,18,48.0,0.0,1,1,0
2dbdd948f81bef54ff7ee22fde2be107766538b8d8d217faefac27e0ba4d9c54,0.0203780069982891,0.8621266078552152,9,209.568,10,428.88,0.0458936273667733,8,602.91,46.76,0.441,28.636,26.2853028901032,71.17908332047931,0.0,4,2135.67,292.5280269622807,15,3,0
b675c6c0f72f0a80d7fd12220515f2bfa4f6221f6adf9e590f1d13c9d262daf2,0.0369742978648608,0.6458222591821628,0,48.732,5,606.0,0.2076884056934546,0,266.6,5.42,0.194,40.51800000000001,54.556513738359584,131.7832226995268,88.0,8,263.66,208.0576551394668,2,2,0
d39ac6019ac74f327d47225f37d3995561a1c3ca3981cc579baf24e9af0caa60,0.0319705241910315,0.8531278140935445,4,108.33125,16,612.4,0.0511775347550975,2,888.81,40.56,0.233125,20.730625000000003,21.391885547724307,59.76925210579108,5.0,2,1850.9,167.00866904463814,6,2,0
20a4608027bdaaff4dd2cf53da63d5ad4be4c8a94bc09af4fa497b933e1e6f21,0.0969292010758996,0.8073784940820952,0,41.14,2,375.0,0.0874800637958532,0,123.19,3.05,0.18,27.87,36.12344417262281,78.1206406592744,0.0,15,82.28,99.4103693424245,1,1,0
932394997705f6c2ebb25dac54a29bc9309460d0d500698fe1e7b1103db79841,0.0338684549210866,0.923786993903116,3,100.0,6,450.0,0.0326409495548961,0,494.29,14.19,0.75,39.228333333333325,19.26672007670585,77.82032635320503,0.0,12,600.0,64.06743534352601,4,2,0
475dc05b4ef73a4d75dcfe2c0ef0d59c84abd0708bd18b254906d4635179ca2d,0.0581446227905357,0.9212918793210592,2,88.01599999999999,5,378.62,0.0092555331991951,0,721.67,17.27,0.514,53.724,21.700089926680143,100.9950512615528,0.0,5,440.08,140.98338477640274,4,4,0
e2bad1c7848204a80f9871aec104343247e07cc29c28d1567cba0737513895e3,0.0264037571246153,0.7571296233950203,0,403.707,10,25.32,0.0982185834878704,16,865.55,79.87,0.466,36.658,29.14174326386337,81.82598989294287,0.0,1,4040.07,276.81640063403324,9,2,0
96e1b6de3430e7a32f908b9b754ea5488a445a2cb4385f5d87dd755e736cf9d1,0.0,0.7039106145251397,0,63.0,1,350.0,0.0363128491620111,0,81.31,1.44,0.17,20.46999999999999,55.93718930682926,99.18512762517815,0.0,6,63.0,0.0,1,1,0
0659bba403c46525e4dfacb1ed88d02f708fbbd01a1d6b3c8e4ae32a126333d2,0.0173282182317874,0.8658895763236902,7,199.9,17,269.04,0.0496776825545124,11,1007.94,73.01,0.521764705882353,36.72470588235294,23.745356260831777,85.65015468544186,58.0,1,3398.3,252.6445209395398,24,3,0
00332dc21cfd4b63a8327fa37e67015085b1010e33a4f25cdfbeaf0285a1e613,0.0,0.6887755102040817,0,84.0,1,350.0,0.2551020408163265,0,108.13,1.92,0.29,55.59000000000002,29.11558755990144,114.7714582433574,0.0,20,84.0,0.0,1,1,0
0456167861fe7d46132982ff72b36b6b1d649cee4c643a54578c38e2ab80adde,0.0303996024776152,0.8777525352194818,0,139.005,16,101.79,0.0298848111197602,18,1144.74,83.48,0.216875,21.328750000000003,8.590833529945323,41.511247203299256,0.0,1,3503.6,156.23983492945877,7,3,0
055cf7a0309e7d27f1dc7785d150d89cad3f23095ff2b17e768ab7788f2f2fde,0.0375971476758108,0.8593966860440263,0,71.86666666666666,3,452.0,0.0411663807890223,0,265.17,5.22,0.1399999999999999,41.47,39.844168962321646,126.48087675665404,52.0,3,245.6,47.41147525352602,2,2,0
39ad67c5d5ab9f8ecea4b6935376b7b2c5834aafdb7b7e3abaca3c77671b2863,0.0413927086630647,0.7887640812299919,3,152.15473684210528,19,1628.6,0.0935784102912784,8,1115.14,65.12,0.27,44.276315789473685,50.84344720760775,128.6450657967557,220.0,2,2890.94,237.05968844305724,19,3,0
19bc31fc82aa6d43c325f413f4de002e4b49d3436d02a5620a7b8b0f7d6ab78c,0.01203514261644,0.9361217364897204,2,300.0,4,438.65,0.0063364055299539,3,427.9,26.2,0.455,36.7275,26.65863284855309,87.55339777460186,0.0,13,1461.6,149.69014554159813,6,2,0
07684e4d8a1bdda3c5c41b714f0105a62bbbcbaa95ff3edef6f6ee4f6566b21d,0.0,0.7046654630241087,1,121.93333333333334,3,778.0,0.1563789634991671,1,306.66,9.16,0.2466666666666666,32.28666666666667,55.52524237867863,130.29131914287885,33.0,11,381.06,248.20423169684543,2,2,0
5bef0e0f5068c71150d63ad9852f016c09b10efb18cff2592fee0f8c1c1c7c8e,0.0389120199229542,0.7137970353477765,2,302.47,1,400.0,0.1641961231470923,0,463.14,9.61,0.34,44.329999999999984,28.136171316688475,82.51893277388507,0.0,6,302.47,0.0,2,2,0
780489765067da44f2d5e39273de2dcec52cd4d7075187661f81271404c71eaf,0.0145772594752186,0.8457819474568353,2,112.752,5,338.06,0.055244348789312,2,965.31,27.7,0.192,57.892,34.85114096569207,126.07744004035176,0.0,3,573.78,113.20273482034972,6,2,0
3e1301dce1f3992079caf4544dff6458452e7b5138c066dd669782b3ef87785c,0.0292453364418257,0.9099585430599244,1,65.52000000000001,5,377.4,0.0134850247164873,2,966.92,25.02,0.244,16.183999999999997,22.04852373223173,58.55950972835858,0.0,3,352.12,128.587701695467,2,2,0
8dd96d21c61a6f395c49a96f81c9cecffc0f0fcf192428e6b22eec44b4a93ed0,0.0092476996347158,0.7462805995898029,1,86.49833333333333,6,503.0,0.1917634305173531,3,518.74,16.99,0.4283333333333333,60.51666666666665,32.80617356757025,128.79595813520035,33.0,7,519.0,169.2093933299203,8,5,0
a2f963e3f222ef0a4d82a2278792acaf2c86a6ff80ffb603d01e222727fc2422,0.0283872243971005,0.8203777174111263,2,92.32571428571428,7,456.27,0.0547731827003246,1,584.03,17.39,0.3071428571428571,23.92428571428572,21.23561768715058,66.45363326424217,0.0,8,646.28,272.580087873095,1,1,0
e26b0d9a991f8d503368f083727a310b32dbe708914aa99e4fec1015124f90be,0.0263454140810261,0.8306724134037449,2,129.701,10,759.23,0.1029636562935422,4,805.13,34.81,0.466,40.461,25.72635847328256,108.58519497589477,130.0,5,1385.0,227.47154228791936,8,3,0
8c1bbe0745779ceee1a9b203247c048fb0fcf09942cb86c9679642ca8b598147,0.048239934052523,0.9112252697317852,3,156.91,5,624.0,0.0290129924101612,2,551.25,19.96,0.53,33.206,27.97417198110021,84.89217871523775,174.0,5,784.55,215.95237051958748,6,4,0
c2b3e30fd6f6b19d02213a1c17d4c0e3453c1bfb9f80a7ff2b255bb150a90e81,0.0472589792060492,0.8833652007648184,0,119.0,1,375.0,0.0420650095602294,0,226.29,3.45,0.29,78.89,21.82287046658984,125.70230012325923,0.0,15,119.0,0.0,1,1,0
69ce6476bba1a7581ace8b57a0b5571d6f010b7e6cb91bc1e64982e911a05c67,0.0,0.9081242883607508,2,100.073,10,254.63,0.0086866616824853,7,874.34,37.19,0.198,31.865,28.494697589066856,80.41785086232504,34.0,1,1000.73,212.69989975959567,6,3,0
61aeb11f137454bbfe4f41940697e9383fa1d7101663ae980a0cb9d5b12174f3,0.0,0.8285824443627057,1,99.384,5,1154.8,0.0526266259978383,0,673.9,16.15,0.348,40.972000000000016,49.585878800866354,129.37611621599248,586.0,5,496.92,178.85224700483158,6,2,0
e5094c9eb9aa274fced145b96d6c0f91f8b03686430bf7d01bcbec9676ac7d0a,0.0332568425953639,0.899871052389031,1,84.33333333333333,3,425.0,0.0313633258817684,2,311.4,10.77,0.1466666666666666,42.03666666666666,33.480611318514214,102.61003445754842,0.0,14,385.0,52.25693743064156,2,2,0
3ede7c653f19cfcdbe5bd41eb4f627bfb39681f5eac2414e4a9d006a42f2dd3b,0.027109086965951,0.6990302712619578,0,55.525,2,1046.0,0.1482112436115843,1,305.22,6.31,0.175,76.015,57.4508081164977,145.75919074199652,140.0,9,148.0,30.501853405645424,3,2,0
210c5f9db15a8985a9474697ebc81cea5c2618c844a9db827e9f8075e279196d,0.0,0.8817368936795689,0,53.53,2,350.0,0.0479544341009308,0,124.0,2.31,0.17,15.480000000000004,12.441706017205789,39.68996296593141,0.0,15,107.07,472.3597997007357,1,1,0
a1b9ecb8b7374dfa809019e3bf4b744ad05b5fbc06231c7470b76b6c31f59006,0.1422391800003717,0.711817056746624,0,37.55,2,350.0,0.1991546245404578,0,87.0,1.62,0.1649999999999999,37.145,98.464163893552,179.5845445332792,0.0,5,75.1,72.54093353425039,2,2,0
8bf2ce5bd2675502341dc9f04be31d4b21c6ee1aa0c58ac5b7334d2860f040e5,0.0248960589538675,0.8102164781410064,0,117.33333333333331,3,350.0,0.1356094639113506,1,106.91,6.09,0.3333333333333333,41.02,43.8033140855128,103.86001046360856,0.0,17,352.0,133.3641746826916,1,1,0
30bb903698b54c9707ad384cd13347293f4e30a5032d71a4581653a40338ea14,0.047566044605439,0.9028221031859944,1,138.155,4,1245.0,0.0063920454545454,0,479.62,12.88,0.375,45.99,34.72107983456475,104.71501570079114,70.0,5,655.82,90.5619999318946,2,2,0
d8f4c4dc2871dc6e7b45472bf75b65ab0c38e0c7d92f73ecf4e9491303e05141,0.0,0.8890772195648717,3,92.95375,8,647.92,0.052899155489116,4,774.08,27.62,0.38375,42.52875,47.62499664313992,125.51986124314628,47.0,4,743.63,196.71932621692065,9,3,0
e74057c9768c32b42b8945f8cedf941fc3bd94ea2b9d94578ed6a52a95e273bd,0.0196777554701007,0.863566382672483,2,190.21571428571428,7,338.38,0.0189752909267397,7,995.94,43.04,0.3128571428571428,25.915714285714284,20.56719036314534,64.37652640758647,135.0,1,1331.53,171.63931812097428,3,2,0
fb6448284b08ffb22a24e16635480e03cac49006b8f065a248d1f442affc10f9,0.0775982944131843,0.8655937962203691,0,73.90142857142857,7,832.0,0.0633785028189981,2,950.42,25.26,0.1614285714285714,25.79142857142857,20.279527532568327,64.15222970473381,232.0,2,517.31,63.40795010150229,2,2,0
0c8ae288829adf78cde893282ced817761ceda969c68860f42b0a69391ca484d,0.1004016064257035,0.9117647058823528,0,32.8,1,554.0,0.065359477124183,0,586.3,8.81,0.25,12.849999999999994,9.494889409021098,34.714007318886566,134.0,8,32.8,0.0,1,1,0
c214b055ad36bc053915c6e53cb954da386ea0cdb6a3ead1abb00668acab32d9,0.0499255605925285,0.788451896205733,0,37.54,3,447.0,0.1462904911180773,0,285.98,4.18,0.1133333333333333,28.846666666666668,49.43809894667796,98.7322352836923,0.0,9,112.62,83.96614029159625,1,1,0
bd6f20ea570d6999bc3cb1de31735f80a9cb8cbbf7acb6b0f9108047ef52f5a4,0.0,0.9197080291970804,0,26.6,1,350.0,0.0,0,177.91,2.05,0.11,153.44,59.430007669543386,274.52185117678266,0.0,14,26.6,0.0,2,2,0
180088dcab72c8ee8d8a3353e5c795406437ad1a397b0ef03b20d2a8b738ce3e,0.0468033323972667,0.9063442625960062,0,73.935,4,401.07,0.046583850931677,0,938.36,20.25,0.395,51.91,23.19968329506466,113.58487079141072,0.0,2,295.74,151.47948062297516,3,2,0
9a0cb8be99055766f24ff24d6592be537cc51e409d59b579367a0045b0d835f4,0.0456455567706075,0.6983628679331574,1,308.58666666666664,3,533.0,0.1236392779284136,3,239.39,16.92,0.3733333333333333,54.86333333333332,52.71835408566174,145.21430117074274,38.0,15,953.0,212.3893797568163,1,1,0
2a3f87077e0072c846d7fb03006d723c3b2167468c16e01a968079ec757c2c23,0.0467705027494637,0.8248250867349446,1,179.4711111111111,9,778.0,0.0529100833190694,3,384.35,27.01,0.2944444444444444,37.9388888888889,43.191628981685184,113.5702099448114,178.0,5,1655.24,80.31406428308509,7,4,0
3b84b92600314651dce16d35cf9338998fc47af977fdec1e60f9c3fb94ff03fc,0.0944911650760646,0.591044776119403,0,24.480000000000004,1,400.0,0.3582089552238806,0,471.66,5.95,0.0,162.3,71.37212728508034,387.9195792433531,0.0,5,24.48,0.0,1,1,0
7aa7552240d7a105597bef6cac4977d261dfe6cbb15d05a2846aa5f6813b6fba,0.0449805460757508,0.7960165683072855,4,66.9575,16,930.16,0.1065113339841371,6,1009.76,41.11,0.22625,47.501875,34.53866815096496,116.12878751049048,121.0,2,1203.5,116.92815235210227,6,2,0
02dfa276691acff6954a2ff3c173d8e0e50c4559220180634fe83d6a137be3b0,0.1004722194313263,0.7717717717717718,0,11.2,1,750.0,0.1261261261261261,0,601.29,8.97,0.03,27.910000000000004,28.42897988969874,85.43080736400788,0.0,3,11.2,0.0,2,2,0
7a05ea0b130a2ca32faa9588e0252b311bdf004e62d89597c7981596c58677dd,0.1059690290128195,0.6869555188032973,1,128.8877777777778,9,626.0,0.2087511921203547,2,470.63,21.84,0.2466666666666667,31.80555555555556,28.88217599587353,83.62144351721318,44.0,13,1215.0,250.96799568418663,6,5,0
140ed873b576fa506ab12c7426f96502a44fc3a21d90f62668e8eb6540fe1e06,0.0082127204088839,0.8651881380506357,4,83.06615384615385,13,709.32,0.0252781518298396,2,731.91,27.92,0.1723076923076923,35.863076923076925,26.636214001428137,86.62809953164938,218.0,6,1079.82,221.3561262067512,3,2,0
5c3cae351acbacd35235537f13186b6b3d04af9629f1a85c68eee7ff3c058de8,0.0,0.7814814814814814,0,53.275,2,378.0,0.0944444444444444,0,63.92,1.7,0.11,119.375,80.65632677332502,251.38790362154248,28.0,20,106.55,142.6156536025485,3,2,0
6371509901eeaf1b59040fb3eb8bed58990661f6d43bf3597a0f0f923c89cde9,0.0589067449874228,0.9172128999300172,2,71.5825,4,154.0,0.0,4,969.44,32.45,0.1875,13.392500000000002,4.526584531464089,26.6078822700372,0.0,1,788.63,88.30353676159359,2,2,0
24d22404a828f74fcdf6b66d9ea135aaa336f0b2ba9cb1b3eb55a579257bb064,0.0667858647660035,0.7450220738747765,1,186.10666666666663,3,545.0,0.1111163020208899,2,198.2,12.01,0.4033333333333333,40.09333333333333,46.57910227675692,116.9639067867466,170.0,14,653.05,115.18307402426709,3,2,0
a6bd17a52a65d2dc283576b5f36f25d5db7f929579c3cab5c70296b576b54245,0.0,0.794789049001782,2,117.82,4,775.0,0.0808893179242442,0,687.31,17.56,0.275,40.49999999999999,40.426073724327175,125.86245921304412,0.0,3,505.28,355.5300965058919,2,2,0
88845e0fdfac25b64fe76288c72243cc1b0d1c148dfec26ea7ac2d14d0a24b6f,0.0024278975135901,0.8100153230275106,6,196.95461538461527,13,342.88,0.0341380876405902,9,903.86,58.53,0.3323076923076923,43.13461538461539,27.37299134514357,91.78993098651873,66.0,1,2560.38,318.7585508259465,18,3,0
7d8f2074cfd1f8fb6b41f82718c40164cb15ebd0d2a46b8b67b032afa0e0e7e6,0.0583317130079716,0.8360573352908427,3,64.606,5,1005.79,0.0470674205279291,0,728.69,18.9,0.128,22.440000000000005,14.26083617290282,43.65069462144084,100.0,3,535.86,199.44832779770064,5,3,0
e53506c9b2b9754252e6d8764a72d7120e95478b5b51c42bf6d56f0c5bac75df,0.0933411083497023,0.7715275433604989,0,112.1,2,345.0,0.1402203790326469,0,91.68,3.16,0.26,63.84000000000001,89.94096236489949,191.5834392664806,0.0,15,224.2,32.821190684664494,2,2,0
4940d49d05687ffe4266b95a78674f807ecdafd0081d3b72550b42c734dab0d6,0.0,0.896426868080928,2,109.35,5,153.86,0.0073033707865168,3,1102.79,33.02,0.368,14.082000000000004,14.325037775755282,42.59512323338761,144.0,1,611.75,177.5294524980587,5,4,0
2c09b98993fc90e8041f9b607f95acfb0ad6027eecf5dca540cb1e1732689ab2,0.0,0.8376693327846448,0,144.49333333333334,6,784.1,0.0414757317871504,2,450.0,17.57,0.2799999999999999,34.31666666666667,35.02872440491305,101.06171239966405,0.0,8,866.95,205.8429164191733,5,2,0
f3d4ebd2464a01c82e4f58bfb748de1eefad6980ec15591864ba746f09b10e99,0.0233513917429478,0.7506467098699582,1,43.2525,4,375.0,0.1512012454730944,0,230.5,4.54,0.1325,28.8775,29.538040785503966,79.80779833591166,0.0,20,173.0,160.11732744103972,3,2,0
bf5f48b99f20d7c0c9709d4dc4ef6abc84a4c4fbc26fc85fbe5282b607b60c97,0.010038144950813,0.6825544099490767,6,82.58,10,663.55,0.2272173092122697,0,763.77,24.68,0.314,30.039000000000005,19.43817582499616,74.07624282584004,0.0,5,875.8,203.4476382771049,5,3,0
0deb6ae5dbd3d997164176d2ec595bcf44ba42e9b71451fb51d49b6655148dde,0.0883704489218805,0.9460227272727272,1,51.0,1,520.0,0.0,0,138.2,2.39,0.25,35.29,44.47531058963392,106.2554676487174,70.0,21,51.0,0.0,1,1,0
69072190e54f7f7365d0ae5ca8231e7ee9621897d832e449ab707035c91d41dd,0.1260270576367223,0.8122650975451604,0,76.26666666666667,3,700.0,0.0867615197490529,0,276.29,6.67,0.25,30.01333333333333,40.81534282980672,80.98428870400457,0.0,13,374.8,374.3052707826284,2,2,0
f58d89a3057d5c46cadf5fb27b8b47b014d1b8f15b87daae39fb6fdc4a5dec44,0.0215016771308162,0.8086248304170818,1,122.7175,4,745.0,0.0820683148300555,1,257.2,9.55,0.235,28.657499999999995,31.915184809469626,79.57106989457884,70.0,11,490.88,115.76759765098932,2,2,0
c5e2feafa55b071a93b16c9da70edcaf8ec030d9841f28a4ef1c4f5759fd0bbb,0.0,0.8768788444800846,0,68.30000000000001,2,350.0,0.0511945392491467,0,239.89,3.76,0.295,75.305,62.28700159443832,196.2926938711581,0.0,13,136.6,3.0066482041264364,2,2,0
221adcebbccc30dacbb3903abcd5dbfb3b9c755d480caf39bb95d7f4e3ecb851,0.1275731535645886,0.7469939918979422,1,185.3066666666667,3,750.0,0.1091092872753381,0,453.17,12.0,0.2833333333333333,31.439999999999987,23.645179861625,70.41658630785561,0.0,5,555.92,222.6664980932276,4,2,0
27d524383cca22d0fdb0997d002c24a757a361b0e0d730d92e1eee2b8d527b1a,0.0787038339932798,0.8527340151542189,0,184.056,10,526.74,0.0095040998692114,8,782.27,45.38,0.344,31.924,27.88421727788114,76.25663812060648,0.0,3,1999.58,171.56141510861147,7,2,0
c78e48e7445c91b8dcc4414abec7919f1fd8db113937153237501d4fb1444c3c,0.1163128816516425,0.6298245614035087,0,95.0,1,927.0,0.2754385964912281,0,964.51,19.45,0.12,29.430000000000007,48.88077808351514,94.00593771397632,527.0,2,151.0,0.0,2,2,0
94f4e7d4204e733fbc72fb5b6acc72e5c4b9c0703ea99cf161b8ca93bacd90e3,0.059651634454784,0.7633744855967078,0,191.2,1,480.0,0.0637860082304526,0,163.89,4.05,0.18,90.44,61.829482303857695,177.5694214480445,0.0,17,241.2,0.0,2,2,0
1bc4a8e028573f22179dfc47f16251f9d8a5dc96e2c844106da1441cf30ef99f,0.0,0.4870967741935484,0,81.0,1,375.0,0.3935483870967742,0,82.02,1.63,0.19,44.91,68.78432949205735,149.75677293734034,0.0,20,81.0,0.0,1,1,0
961117e42d4d532a7fc93e4afc8dba72f8fdb0af69709929199ea6dcea890492,0.0,0.6815789473684211,0,317.0,1,375.0,0.0894736842105263,1,189.91,6.57,0.67,40.52,30.038801125717285,82.56553973753134,0.0,14,317.0,0.0,1,1,0
db9bf4dd7be0d9933e8e9a2abbd53f18d97ea5393780be92f678f5b751c012f9,0.0725877083345285,0.8684705724356319,2,86.4425,8,732.0,0.0428288260712141,1,372.89,13.71,0.1925,50.0275,36.35185365803151,110.75388569002524,132.0,12,691.54,114.52508319185937,4,4,0
70a9bb06468edda8c57455c20af30c7a4cb75df19f7f65055e1ed9b94d79b49f,0.0,0.9683544303797468,0,56.0,1,350.0,0.0,0,90.4,1.46,0.33,58.55,39.17739896381505,157.36217401671576,0.0,8,56.0,0.0,1,1,0
ad83fd313155848345832f99138c9a4ccc49bf1f20f7f695e43fdbfe54703619,0.0086927797771171,0.7275552093726702,3,211.5055555555556,9,571.75,0.1178873486250568,8,446.53,38.22,0.2955555555555555,53.13333333333333,47.11540419560673,140.1041748769777,44.0,9,1937.06,356.8050754637607,11,2,0
1397c1b8627b47f322c9b8fb55c10ad90002daf3979c6e795384f3eb5eeef287,0.0480239792737945,0.6996808120347268,1,245.28,6,780.58,0.1400134192629297,5,934.25,40.22,0.2816666666666667,35.796666666666674,27.76386714958381,94.15763943821014,49.0,2,1503.68,234.56834295678664,11,4,0
2f8896035f21c4ecdeb90bd177cc286e624b15c56b33352c3f8293a4b968e496,0.0476576276032979,0.803382103132505,1,187.53,2,162.4,0.0890100359915911,1,378.77,10.13,0.255,61.99,17.09206459102719,87.80577322995181,0.0,7,375.06,202.4598015958877,2,2,0
b5344552d0c71464dc18eda196da03e764effb5fe38c47970e04651c2111132b,0.0535367963662561,0.6995459278147649,0,184.53,4,685.27,0.180445359308996,2,577.4,22.53,0.5225,25.352500000000003,27.25151839432916,81.81489637856347,48.0,3,1126.4,214.5000791234587,5,2,0
5e39e1189e37de2b09784e9b12835443f1f86ee620c75056f75b3bde764ba034,0.0451101354105096,0.8276007577748498,3,283.406,5,312.84,0.0439441627851468,4,251.12,24.23,0.4439999999999999,40.576,26.111997975965625,84.73048024166626,0.0,7,1417.01,184.57260766675097,2,2,0
ed8dce52abe6541942764bed382ae67e4a55178c13aef4776dd7d004ad8f1a74,0.033651521706395,0.8538571252547098,1,127.08333333333331,12,845.8,0.035582892161416,9,947.85,46.77,0.325,48.2275,33.34959593895248,106.71950502923822,140.0,2,1525.01,148.21415729940318,7,2,0
ccd31aa68e95afd53c82a30dda85e395d2e2bb7507bdb8a9ad6a58852cf13e18,0.0962834585018291,0.3075079354796916,0,48.6,2,375.0,0.6440451512599599,0,413.08,5.84,0.42,113.14,55.918601090479314,235.29035909345907,0.0,7,97.2,242.2456146543333,1,1,0
4ab5bb0ed6398d2aeea8fab609925ea4f44030cd86aa0b9edeeb30b34679f9cc,0.1087291217429445,0.6759380148441265,0,130.275,4,1273.0,0.1562688341666117,1,369.48,12.8,0.16,44.2525,63.94251975185475,137.018448239483,35.0,6,705.12,117.95307130421452,4,2,0
f9a8e6e67b02a11b401240c981b6a52b0d3179347ddc2aa58e43261a05d236da,0.0,0.7641068947126871,5,130.27142857142857,7,484.79,0.1353655538938793,3,652.02,26.25,0.37,32.42285714285715,32.9133440648073,98.06494759968636,58.0,3,911.9,282.5749863620917,2,2,0
8970fc3503417e1e7c51781f49da3700658661d4cd16b1384411ac3a0a9a88fe,0.0,0.9349186871439232,1,45.312,5,1089.0,0.0,0,504.59,10.21,0.166,32.336,26.990235081169857,86.25839504081829,364.0,8,226.56,143.87160087284278,2,2,0
f2178914221857c8d256db4b92584d38e4fcff96d8a11b1b5ab8f30aecc8c340,0.0566313214547715,0.8291300266151868,2,112.97363636363636,11,934.4,0.0762238339073897,3,933.84,35.1,0.2263636363636363,31.48090909090909,26.3244817572934,82.9131028293862,189.0,4,1242.71,110.23897290817207,4,3,0
811225a6523c54549a00df5f416e00176557e87509fd9739ed8bd76e5d221d00,0.0400927829306617,0.865848384186917,0,168.925,4,397.18,0.045927195372408,3,337.09,15.04,0.12,87.43,32.305459198432686,145.36841351940248,0.0,17,675.67,89.96458953016219,4,3,0
a8259a582b677295599719b4b4d81bb5625e53859db371715ceb34ed0606abc9,0.0,0.7146508271950548,1,136.9414285714286,7,735.7,0.1905415994512057,2,673.02,23.95,0.2285714285714286,50.597142857142856,40.78410404186119,107.941179293599,160.0,4,979.59,143.5008715473754,11,2,0
4b273a689094023689c8311c20bf28f64a1aec6f0d2ccffd4367ed0bcaf9aece,0.1991040318566453,0.8018575851393189,0,51.0,1,350.0,0.1238390092879257,0,96.8,2.52,0.11,24.00999999999999,42.66690267051534,97.48695005014044,0.0,26,155.0,0.0,1,1,0
caf84ed2fdd09e1c3d7f3680add8de4c5795d07576529baf3b2aa835578a69c9,0.0070414601171699,0.7539328313990211,3,111.1375,8,970.2,0.1314302903896259,4,868.03,31.92,0.26125,46.69,53.39355753104194,138.59130377278635,281.0,4,889.1,260.8803639778282,6,3,0
25766a605cd281b6977566d5d7590a1947eed540eef1865ca75fd8b0d386c4ba,0.0063748098177594,0.8570071518747785,4,219.7483333333333,12,506.2,0.0285622404415336,8,705.03,51.82,0.3316666666666666,35.233333333333334,25.537548839444568,89.07989911901758,0.0,3,2636.93,230.68613868706225,8,3,0
0096482cf2125fc719d88bfb4fc9f84481031a0c49db6a951b2f0982c29d1b09,0.0,0.8707692307692307,0,44.64,1,735.0,0.0676923076923076,0,954.12,18.13,0.21,46.86,20.67308143351533,98.34045119016884,35.0,2,44.64,0.0,1,1,0
61ddbf45a2990734e4db94d64b4ebabaf48e997ade17b1a7ab4850b272f1ef21,0.0204838280177799,0.8254731526658322,1,379.7366666666667,3,383.9,0.047226955825022,3,253.12,18.98,0.3766666666666666,65.19666666666666,30.689043275423955,102.43783703283076,0.0,9,1139.23,154.08272168730616,5,2,0
c9912c6c8597393722e7aecfbd53fce7a1ecb64b349e48f15656124792b5aa8b,0.0629422052774156,0.7957154950387725,4,77.14833333333333,6,730.65,0.088175034666329,2,862.5,31.37,0.2566666666666666,38.97666666666667,31.116444531377496,102.43425371931704,185.0,3,998.06,227.8935478571104,4,3,0
58f3de5586a8a76f77d49e61b84445013a333d47938dc3981987d25a899023c4,0.012273004188285,0.8638767311691773,7,132.3429411764706,17,776.36,0.0398190438780101,6,1036.07,54.82,0.3329411764705882,38.94411764705882,40.806986091356826,110.5343564402473,303.0,1,2258.79,179.79315355629257,13,3,0
f5cabef9565dc9c591556570c2aeb7b312b90f313d03a38397d48754a66336ea,0.0241010315241492,0.894678933691005,0,59.7,2,375.0,0.0355960264900662,0,101.22,2.3,0.1,98.725,23.887245371293528,141.29871207289187,0.0,5,128.4,151.81064505847823,2,2,0
893de95143201143eb3b40a5262e8dc9147e3623af6ab142e518f0c18517edc7,0.0585025596412015,0.8420349598256704,1,63.11571428571428,7,1993.0,0.0560068897924014,1,635.27,16.63,0.2185714285714285,33.66285714285714,29.19432990716702,78.23213104041513,318.0,5,492.17,257.594624466157,4,3,0
97deee64d01b559551759573312c821d5b11c1e99b46bbae620a99b97b451a03,0.012420508744038,0.9284980041340226,2,93.91875,8,891.8,0.0114480197398992,3,1073.19,34.82,0.56,21.441250000000004,20.50006444384772,55.87174125536563,206.0,3,766.35,143.57377391446323,8,2,0
9a0761d1f030c60bc023b7dbca786f9589d8be657a0c4c6b15d3fb1e3894f331,0.0721923208979884,0.8436877245610461,5,98.20625,16,751.89,0.0844448368153529,2,1081.22,44.94,0.38625,19.505,15.422277360072387,50.4713634041528,17.0,1,1857.74,108.09508325764916,16,3,0
c3097dcf10a81e6cc4f2c2a5a378b40be7c532f06684a845148ae48a75b19483,0.0458799779776105,0.839660027792484,1,80.7875,4,404.02,0.0419348493193799,1,203.69,9.31,0.165,59.36749999999999,66.61571896863828,163.04446315520545,0.0,16,527.15,96.78994859911371,2,2,0
8a8857e65abd4af4809f7d85d311235065dc9179939fcf87a13cf883c58ecf85,0.0245015328086051,0.8458915989648546,12,134.34615384615384,13,480.6,0.0477946064643229,6,976.85,50.82,0.2838461538461538,22.93692307692308,15.874508805844584,58.0270573690467,0.0,1,1757.51,256.1820699328748,9,2,0
aff8288bfdd27a8197ab72a18c02526a78a0b3cc079c00af54ea7729c113799d,0.0180284127785389,0.8741855424862337,1,107.6175,4,1201.69,0.0148870636550308,1,445.85,11.65,0.2525,21.595,22.4173360292214,71.0204160487445,117.0,3,430.5,87.3628570644589,6,2,0
f1a6b30fd8725720571bb8083a84193121f5dd00243fa231a881c3c0679b364c,0.1003915269551248,0.8516129032258064,0,17.0,1,375.0,0.0903225806451612,0,131.11,1.48,0.09,23.41,43.67910094801557,110.95642978915072,0.0,20,17.0,0.0,1,1,0
8ada1b4a91070e7d1cdd4da27293b46a1092500281662cc9400ab7d2c56ada14,0.059227921921954,0.8051361921674373,0,232.63333333333333,6,562.23,0.0842562782781262,7,568.33,37.05,0.245,74.28,26.45093536743094,125.07629942058756,26.0,5,1890.0,120.7932659133478,8,2,0
ff3443a1d30df19d4a29249301f2a14b4b48629b3189a005033946ced35f3b95,0.0168123739071957,0.8304480651731161,0,524.0,1,400.0,0.0498981670061099,3,139.31,11.13,0.23,67.09,54.19628165130913,160.34626232667264,0.0,17,524.0,0.0,6,3,0
8b6f46ccd6cdc8f8e8b8359dc10a3da8609a087b8b8813e59336c60b094a2ea6,0.0,0.9256594724220624,0,48.8,1,1091.2,0.0191846522781774,0,567.39,8.5,0.11,122.49,25.13988021989624,187.53618256745136,29.0,2,48.8,0.0,2,2,0
f3e3a0a8ec4a08db7df2bc4e3750e0af466827497c7223abd2e79faa28bed51c,0.0576464331924869,0.8493490487158453,0,140.77333333333334,3,448.6,0.024132525083612,1,375.45,10.74,0.27,29.62333333333336,15.75070933241569,67.23795088783707,0.0,12,440.59,278.896187564293,5,2,0
8b5a6c0afccaaa89456635beec0b0c6eb08323f97b6cd17630f52ba61bc6206a,0.0112430293218204,0.856726627187585,6,164.7516666666667,12,779.0,0.032253203774992,4,1021.11,48.13,0.2958333333333333,18.300833333333333,14.261647592675237,43.452600306233,227.0,1,1977.02,224.9780566496988,16,5,0
91e8c7e4f717e3ff713e45c5f280606eec75898181c752dfd5d4d81c0a1f2e52,0.0505683906220391,0.826308438265874,5,97.15214285714286,14,1065.74,0.0558191929389196,5,924.74,44.43,0.1557142857142857,43.75142857142857,36.94049817192175,113.4283211124108,90.0,3,1748.52,224.42158314830016,4,2,0
e88abed454d45265bd2300584834ac3de710bc1b43de94b5299819035a7d7274,0.0,0.8697251869241848,0,78.0,2,386.0,0.089442482589911,0,187.49,3.43,0.42,34.650000000000006,37.30318350441547,128.03096154973807,0.0,11,156.0,391.6115708712271,1,1,0
46b4276effcff13b926a2c531fa26e40b204553373cbc1efb15968cfaaf2c9fd,0.037424943154165,0.8579705445729718,1,67.5025,4,775.0,0.0617044087179162,0,852.72,20.39,0.1,18.295000000000005,25.94682219501609,67.32211621810849,0.0,2,474.04,213.02829787515628,3,2,0
5b1a88d400b90519670dc712e798fc4ec36238384eb14c5fb1081980567d354d,0.0959692898272556,0.9043478260869564,0,29.16,1,779.0,0.0,0,490.13,8.85,0.25,3.4299999999999784,9.680415262956888,18.5931228512132,54.0,6,277.16,0.0,1,1,0
7631b557ba717b86e7efef070dad799082f4082226f81a89214de6091bc1df24,0.1337321418797166,0.9573203697244508,0,60.55,2,450.0,0.0,0,151.99,2.73,0.45,41.435,50.16295609936783,131.17218403354772,0.0,24,121.1,136.0125163274376,1,1,0
ace5b05ab8a5cc844bb6acae1269b18a5b9c623a8f30363c153cf73488e11f56,0.0,0.8969482947463836,0,181.025,2,363.06,0.0120481927710843,1,400.19,9.81,0.305,56.035,24.86495332757963,117.67991343532348,0.0,11,362.05,12.82664252742753,1,1,0
ea4f0e097c0fec8a2bf4dc16d66151807955929628f2193168cc8e42cee50682,0.0396306424127135,0.8984468339307049,0,85.32,1,350.0,0.0,0,191.12,2.76,0.08,21.94999999999999,17.06005537379657,40.27030838072223,0.0,17,85.32,0.0,1,1,0
fb200726dee973c6d398ce9073f48120a8b83d98218ef87f04137e4d87be1593,0.0618658825581359,0.8240461810084463,6,91.443,10,242.0,0.053590168713289,2,1086.43,38.82,0.344,20.036,17.30513034438612,51.125215279370536,117.0,1,1183.44,202.68465049138,6,2,0
b75060bc28f8112be0e008fd16255082df652ff51c0952c0a9693f00b68493ec,0.0731980631891687,0.6869446200917796,3,130.42,3,478.4,0.2049685952955559,1,320.22,11.04,0.14,24.24,34.4079327183807,83.21610445250792,5.0,1,449.57,174.41986541621253,4,2,0
1f5877e6b0de85082d92b5cda071a58e01f3f42185b66d6c41e7a18ca505bbee,0.069184953855887,0.8666459008578781,0,124.33333333333331,3,962.65,0.0127024531456664,1,701.17,17.59,0.1766666666666666,35.419999999999995,33.963646657270345,82.10804282637251,394.0,4,373.0,112.93656904494296,6,2,0
b1ea0d9ffbbb2cf67f10522eec8ecd2f5d8abcdf26c003282422859ce889fe6c,0.0543849287895529,0.746802115123105,9,139.56199999999998,15,558.75,0.153377633219959,6,960.15,51.77,0.4233333333333333,37.02266666666667,29.09630133986488,93.89256812376632,149.0,1,2093.4,271.69874189074113,13,5,0
13902c1d94f5305bd7865824862c760403a9f447c991e99da95b49aaf2598657,0.0642343277155426,0.796817460710978,0,365.9533333333334,12,657.08,0.0648610439118133,16,744.29,80.35,0.3141666666666666,42.2125,35.206230054639896,115.01595705112176,51.0,3,4391.4,202.30235907734072,8,3,0
feb7d1f3b34cbbb16885a02be538886eb2906bdf4b0637cf0d4405377a3c9116,0.0397000850393115,0.7923690366495154,1,133.675,8,1153.96,0.1016036957796486,5,1190.11,42.48,0.28125,61.9975,36.18936848667543,143.06893442820825,282.0,3,1089.4,289.3072154580008,7,2,0
832136ce40f90389c71a258e0ab4fe1832ada20d8611754d42693faa44ac8d3c,0.0320218020087751,0.8256938628137863,0,36.976,5,787.0,0.1215318019266343,1,511.34,10.16,0.2,45.422,35.765315867873525,114.4171339674496,137.0,3,204.88,0.0,4,2,0
60515d0e7196483f8bcc15cb86ae7a7ec179fff7ff49e0eab839d4c35b6a9359,0.0644246875402654,0.9510064905931266,0,70.24000000000001,2,1110.0,0.0,0,509.77,7.98,0.5,42.49000000000001,30.629481411696347,98.96098780667104,96.0,2,140.5,0.0,2,2,0
ce6fa22fed158d655c3ec106d0453bbddf94cf4e67a2e7b33c6c05fa693d8dc2,0.0302975216627279,0.8339395201850628,0,211.25,2,375.0,0.0319926873857404,1,220.72,7.93,0.425,36.27,38.95541392251586,95.89800695601484,0.0,14,422.5,88.18198666739248,2,2,0
360b2c7331a9e0eae11881d4f071b5d8d99c749c0567f42fea1c5aed80126b4f,0.0182492658800128,0.7197417710655678,7,103.41,12,502.65,0.1513832766057927,1,1108.49,40.91,0.2025,39.2925,39.69760526344906,110.6957189937018,0.0,1,1386.52,224.96980030917365,8,2,0
22e0a5538e569ec05cc94080dfda81e9ebc8cb7cebe5b76e63e17b733d55a468,0.0,0.8884753692338222,1,82.414,5,650.0,0.0088607594936708,1,298.68,9.36,0.158,32.93,30.48157551792812,77.48678388007473,0.0,12,412.03,138.71209756591605,3,3,0
19ce7c80c972434a1b73451051a58648a637963ea78d8d3b91affaf17a7ae694,0.0961220976375697,0.9022910188403146,0,24.3,2,830.56,0.0070422535211267,0,612.21,11.65,0.25,26.94,21.95823367283277,56.32820382386645,46.0,7,201.43,329.74102986298936,1,1,0
0de80c2fe90fa5474b6d2d23ccdfea75c0322d0771c9abb79d8cebe08fb9423f,0.0,0.9523809523809524,0,57.120000000000005,1,309.05,0.0,0,660.26,10.91,0.23,59.14,21.579909498305334,85.87290315918558,0.0,2,57.12,0.0,1,1,0
ee70cd2750360fcc940cf7e22df220dcf49e54b13dbccfe7675c0907b2d07b27,0.0,0.9073729798336304,0,61.052,5,813.0,0.0,0,972.22,21.29,0.1699999999999999,36.168,16.468764464996333,75.40780120027223,313.0,3,315.26,38.05531013431842,2,2,0
7b31999c2a4f2bc960feb8162b25c3ee0939698fcd6daa4e836c85daf6bbe759,0.0210802063327897,0.729564956382189,0,231.92,3,500.0,0.1257416712363488,2,545.6,17.42,0.22,58.20333333333334,48.095653179826485,164.51106380171413,0.0,8,695.64,66.70787786535938,4,3,0
fc0de872e608fa1c3533a5c82195dc250957102fac5a02e300cf597fc3a3f953,0.0451646924778783,0.8764158868932755,1,105.90888888888888,9,1646.0,0.0105510015724048,3,887.32,37.36,0.1833333333333333,29.93555555555556,23.845834316826625,65.77038337739423,160.0,2,1635.14,128.50021572135026,4,2,0
04b94d06cf3bfd311df8fd5645b8f44b6b081bbe0ec384282d7ef4cacb0fb11e,0.0061240737338477,0.7865079537572459,1,121.09166666666664,6,415.39,0.0925939334568121,3,555.02,19.97,0.155,35.39666666666667,32.90787732806751,90.9534133606492,0.0,7,726.59,221.4808015943979,7,2,0
38f37b4b2714c5cde1a1c1b369e588071a4482ebb6e95855674024f9eed173c0,0.0393889849714436,0.8688777148407951,0,124.1275,4,515.0,0.0449526813880126,1,240.98,9.28,0.3375,32.015,30.99875667387548,77.03745420663988,65.0,15,536.51,48.1570335614532,3,3,0
81869b4ae23c56e1e2eb0f474fec1774710b1806a520bbeb2ec7e9633bd21bdc,0.0273487247672342,0.8563471935709989,0,117.26166666666668,6,1256.0,0.0706468525927271,0,348.45,11.99,0.3966666666666666,46.89666666666668,27.27950432017887,113.72237451457694,81.0,9,703.6,185.35304980137235,4,3,0
c503188a0089aaddfd8cc1ccb6b7661b79bdda03b1ec35a6a11a166f237e803e,0.0563494189590236,0.8545521371339243,2,129.87428571428572,7,875.75,0.0638881742460542,1,362.17,17.94,0.2699999999999999,39.44857142857143,30.51549379111001,105.32023433373924,0.0,5,1129.12,166.5885681240309,9,3,0
d4577a91cf44039fc86efb0010c56dc551124a2e1259b70ed571497e776653c9,0.0572154763281829,0.7913994796099519,0,163.62727272727273,11,985.16,0.0744875516045215,3,606.21,33.55,0.2027272727272727,54.5290909090909,44.63706726095837,129.10189557549157,253.0,4,1906.32,193.7484101806033,15,3,0
c7d45a0d1ba6c87a39ab40038d03b317d5b46a44e49aac474cb6cd2cf273b7b0,0.0717903049818565,0.8820887002936825,1,125.60833333333332,6,508.0,0.0260329631847829,2,301.42,14.31,0.1416666666666666,40.62833333333333,59.8403812473355,128.2651411119327,58.0,12,753.66,191.64122615040048,4,2,0
79ee3c9a8d255fdc26f36db034f16eb02b6fab08a4775d47ff43947e7e386537,0.0321698507296147,0.8137289567724946,5,174.9446153846154,13,470.86,0.0691174668326462,12,883.01,59.65,0.2876923076923077,33.03846153846154,34.108398345470626,86.94612951198945,238.0,1,2274.21,231.3323753422577,11,3,0
c3cda98c2f2bc5428c38a0afd9266be96e0ae081ec66d72fe229100cb61047a7,0.0397914925788868,0.8363628241387965,0,97.37666666666668,3,1219.0,0.0488691959752607,0,522.22,10.03,0.3066666666666666,55.01666666666667,54.70562767951363,144.15066785746262,99.0,5,314.11,150.57029679964614,2,2,0
4f8baeae65683850e96260d29f8d48331426de7dfdcc3b4300bb3ff27ba898b2,0.0,0.751412429378531,0,279.0,1,375.0,0.1228813559322034,0,96.64,3.76,0.36,97.01,68.91668719839221,175.00779177614865,0.0,16,279.0,0.0,1,1,0
87eef4b5dd6737f120eac22d362116a330f6263ed009220afb28ded968a352f0,0.0168904653323198,0.7826276007064122,2,117.53333333333336,3,683.0,0.1080204487335562,0,990.65,23.12,0.4366666666666667,49.45333333333334,29.01059537039424,100.71858377647816,90.0,2,352.6,179.604063982222,3,2,0
088773ba9434751558f60c1e27eabdcaae03c0634f8fea445bbf41db70f017c1,0.0647008865983666,0.8294448569665175,0,316.5,4,562.26,0.0310647686648289,4,336.69,23.64,0.26,32.947500000000005,37.166098307079054,91.95556097035556,0.0,16,1286.0,116.63329584933405,6,5,0
fec4b6dbbb9621e207cf21f63b121727bbd52fb8852f8659e51046906c1a55a7,0.0,0.7974683544303798,0,12.92,1,325.0,0.110759493670886,0,109.6,1.23,0.04,14.19,22.376481019236223,61.39091151713186,0.0,18,12.92,0.0,1,1,0
5b16a05460fd58994a026109dfd13b75e276337b615c73abffc7ef904f12d9c2,0.0,0.8006230529595015,0,16.15,1,325.0,0.1308411214953271,0,54.0,0.7,0.05,17.75,21.321763939731223,67.01353399572118,0.0,21,16.15,0.0,1,1,0
a36a47c8b606c2674cbeff6251ffbd26b284cbe8cbb6fa91c7b4c96acf1fbfce,0.0123976893193759,0.810626061730607,1,657.5720000000001,5,241.2,0.0567025178665325,18,687.58,70.94,0.416,42.66200000000001,42.884991526621874,110.8318765810906,0.0,1,3291.86,192.3365658369639,8,2,0
45f03280e8fed4de52f54469cdcf5a931672fcbcf5058a11c6a9ee63535ac1df,0.0,0.8922337465216291,0,30.71,2,700.0,0.0716164938021755,0,225.31,2.87,0.5700000000000001,39.05,26.39461045573725,85.00036910962211,0.0,12,61.42,77.08491891421637,2,2,0
fa9b312483855992a2d75a81a7a102713ba3923e0225367bec61c60a1b66032c,0.0981771770789016,0.8616915422885573,0,192.0,1,545.0,0.0417910447761194,0,377.56,6.29,0.14,21.42,50.62087119605306,87.74738190550794,83.0,9,192.0,0.0,1,1,0
e6257050ad58b762b3f8e6f9dd5b9c4ce9f885213fefea095d15bce66c61267b,0.0345902200808597,0.7892575756940453,2,119.97090909090907,11,1224.0,0.1143259146075352,5,894.74,42.56,0.2663636363636363,32.350909090909084,36.26425248367088,102.57504897802364,460.0,1,1686.77,139.3163264624169,8,2,0
a0511df9c87368793a92a712c1fa5e9ed06c32ff309a5aa3490ebe764a786d2b,0.0335143106106307,0.721101193461037,0,55.2,2,350.0,0.162100090261759,0,137.49,2.8,0.14,88.99000000000001,85.98597288667476,197.96247779256788,0.0,18,142.4,73.77465785649669,2,2,0
94232d94dbbd3f117c9f2b2381ec11fc3e3c80e29faf3633832ba560401968af,0.0,0.9206395758415908,2,81.91777777777777,9,685.3,0.0051908730818749,5,1071.54,36.49,0.2877777777777778,26.688888888888886,30.17953755607348,76.16158657368452,70.0,2,737.26,169.4311629288627,2,2,0
1efec7b28c9159ccd6ae5da71ba02dea0d793072d81c901948df1e3fe3444119,0.0400478457167816,0.7171716331158975,0,178.18444444444447,9,1088.0,0.120663050156234,6,993.92,43.71,0.1688888888888889,46.864444444444445,38.470933767936025,117.88038965883484,201.0,2,1603.66,116.46337453671084,10,2,0
639988576e01361263d6c14062bcf1fff46e278f572108eaccbbfa4f7dbb1d06,0.0,0.625,0,193.0,1,375.0,0.0520833333333333,0,591.01,10.53,0.44,39.42,19.17799420428185,84.17184624396474,0.0,4,193.0,0.0,1,1,0
7762b493c1f15a1c074f8a6bba6d48155b4e3abd3ed08ff4787169b3ff6ad864,0.0772561854899438,0.7451323557660502,3,105.26666666666668,3,38.56,0.1301661763420427,4,876.73,37.36,0.3799999999999999,29.36666666666667,44.11230843228214,92.79151651034158,0.0,1,1460.85,108.51584246304787,3,2,0
33c4af61c41e234d2c081273ef369b429219cd81fdf2b923bc03dc7772cf8b46,0.0551977227843524,0.7936415749985299,1,149.38,8,1075.33,0.0976938468755263,2,685.19,26.91,0.2774999999999999,53.56375,40.0121335216942,122.75014054016016,213.0,2,1195.07,259.3146090216816,5,3,0
2d8651bf434ef787df3d353c0bd7090782492c69b3455f79bb04950ec71edc5c,0.1090471564797976,0.662869645097952,0,73.51076923076923,13,763.27,0.2064082794546811,4,822.95,32.71,0.1569230769230769,42.90615384615384,69.26067360977713,145.17469057213813,172.0,2,1180.64,197.4420515986633,13,3,0
740dcc3da84aad2c8714b007e7130cd18db848894cd913a26ee29bda40364dc1,0.0518174951297582,0.8552601956039956,0,145.07666666666668,9,603.72,0.0448709748346229,6,494.51,30.79,0.2666666666666666,44.52111111111111,34.09455205983246,94.1372301818867,0.0,10,1509.82,316.28810521824784,6,2,0
97046633c7574942007f52a7420b0b9b01613958b5d9206a2184fa61f246ce5d,0.0858623569374028,0.7057259063763628,0,227.9,2,561.6,0.1723237121327626,1,283.9,10.37,0.2,58.400000000000006,53.25771610565361,159.66923055354866,120.0,13,533.8,32.01412157483603,4,2,0
e489e9954e548cc59358581b803b04bcc35e13c3c7825510af2e17f48200bc0c,0.0256515493535809,0.7678255271205536,0,45.07,2,420.0,0.1258469494244637,0,259.89,3.83,0.155,32.645,42.00894294686728,100.18005003085408,70.0,13,114.86,10.438827841221466,2,2,0
6a646763d0cb1515f06755907ce23d31c64ea4127cac83305e86c19a602fa52c,0.1142683219946758,0.7695676257838743,5,69.412,10,208.4,0.1152166262449033,2,954.87,30.14,0.192,28.146,26.217790658918336,70.5887409704984,20.0,1,694.13,179.5805110667918,7,2,0
76c0fc8054828e5f0f3e65a8fd5e0791a5c1c3d393e34f0c9a3a62d0b91d0688,0.0531641182271671,0.8653557796723831,0,114.41666666666669,6,243.4,0.065961940800392,5,526.08,24.1,0.4266666666666667,34.26833333333334,42.28944114638148,93.17499047889856,52.0,15,961.5,159.63061435152127,5,2,0
2aa878636d92aefdd6deb2efb919656ab384ba2ceba5f305d6b9250148700c3d,0.0144808559626985,0.8697973390648289,5,88.0575,8,79.9,0.0428751484869116,3,839.25,28.86,0.2025,27.565000000000005,19.926594488657763,75.16894195744568,40.0,1,704.52,214.74004118828552,4,4,0
278badf4f67d55488cf486de0773696492eae775e48c78bfc619bbe95bf4b72e,0.0297079288193934,0.8140407511592785,1,174.71666666666667,6,905.2,0.0406597587133701,2,745.64,26.45,0.1966666666666666,23.67833333333333,19.70604546228325,57.13485508449183,309.0,5,1048.24,266.44178499435327,4,4,0
f9b21348f4a75e88be1f3c609249e6e101c7c76928e49a31a59a794002cf3513,0.0699679087739633,0.8397965060726221,0,50.35,4,420.0,0.0602313230956081,1,276.61,10.18,0.11,58.932500000000005,27.945064370967323,105.19836125532898,70.0,14,576.06,67.46560479888763,5,2,0
b3544df73a4077b47a8fa54bc1c63844a07798b423636b6773e59209586bf54b,0.0180969012167148,0.8239012515230212,0,362.8971428571428,14,136.16,0.0475360441297737,31,822.53,110.82,0.4721428571428571,35.07785714285715,38.994311926937925,102.1798005376343,0.0,1,5092.57,281.8816147164826,21,3,0
1f618ac3a3e32e96fc6e047da65e527a724e54235df9fc5b0af7f7e7c0cecad6,0.0621690749648307,0.6317053324849048,2,246.49750000000003,12,663.73,0.2144323534365888,12,784.05,63.65,0.3458333333333334,76.0475,63.273319340804846,193.1272651452061,40.0,1,3121.97,326.7414391711044,11,3,0
d43be69630a8aeed80c1bf0ee39f8759d2f37a803b5335310262adf2280e33e0,0.1488371387322028,0.6612917076149494,2,9.8,2,725.0,0.2065176944288071,0,251.09,5.72,0.055,26.87,37.39852865257011,96.5447613746516,0.0,16,226.39,0.0,1,1,0
0cbfa08c05cd9df75d25bc597e94c4886763f5f0148ef3b9e0e959b752b39f5c,0.0099840255591053,0.8891935306729435,1,64.359,10,641.92,0.0107201563603338,2,1108.28,31.47,0.128,14.85,8.555555755016163,37.22468474160402,0.0,1,643.6,93.72829783850088,5,4,0
b9d407625e5943a329bf9a371745fcbf4c5c684538dffcbbc64da276dd781158,0.0445143289556721,0.8615158441063734,0,123.73333333333332,3,490.0,0.0340594719424802,1,456.15,10.7,0.1666666666666666,14.79,25.010531003585022,45.392492918861,70.0,8,371.2,92.26697622426134,5,3,0
429981540d4f20b34a7f9fb441232aaa5dd49201597757d97f2dc4eaa4750920,0.0829760883111742,0.7287949619852647,3,224.9176923076923,13,723.32,0.1758487506079029,8,551.84,50.86,0.3230769230769231,45.53384615384616,37.931648030425606,112.18155522869912,0.0,2,2923.97,198.4994897317918,11,3,0
bebf44cb193d6872fa5c3372ca3616d952713a4aeaf0e8d7d90741df0b665b05,0.0,0.8740187097593924,0,145.3383333333333,6,1850.0,0.0305871654336765,2,545.29,19.18,0.1933333333333333,34.37333333333333,22.70427592217345,79.67807136512566,0.0,5,872.06,91.30116358565742,3,2,0
4d3ef0f8e0914b3ee54fad3dde5ad1a16ac29e9fcf2b0806449d9505e2e24dc5,0.0734492892022643,0.7042407446863723,2,131.58272727272728,11,660.8,0.2007200432845731,2,771.95,32.1,0.29,53.121818181818185,40.242684042399816,121.742674521882,0.0,4,1447.41,167.8470542478149,7,3,0
fc49164ea8278d351ade092954f54ca7f2d22567bb4f9192bfc816e1fe00e511,0.0257189164792422,0.7687803627756867,3,279.51272727272726,11,510.04,0.1210958629324273,17,751.36,71.98,0.37,39.17545454545455,31.9736502216652,91.84156748247824,265.0,1,3336.64,258.23920707948133,4,2,0
d49d669983559f9c885fec9b1e892720949545fe76fbb9e1972e1ca4583e55e0,0.0,0.6486486486486487,0,66.96,1,350.0,0.2702702702702703,0,73.92,1.41,0.67,179.62,40.34128132925775,292.4707743475816,0.0,20,67.0,0.0,1,1,0
079a0903de40da68bf8c64a76eeed63990259123d6de778916b80f2d28cb0254,0.006697026520225,0.8751666574994487,1,82.0825,4,581.27,0.0350250629012197,1,249.5,8.47,0.27,33.510000000000005,30.024406624382458,83.00932954980375,25.0,3,393.33,167.78309681435283,4,2,0
e670e9c0e82cb2ad47828e7333c53d21a18376bc17c6a878aba0b8b08267e915,0.0422915281582883,0.8234719141163237,8,191.24,19,394.15,0.0445485357950941,11,961.81,75.21,0.3447368421052632,18.74947368421053,28.3471305455228,63.90560968307607,92.0,1,3633.55,226.4474722244738,23,2,0
8a197afe7b45a1dfbdf128990cc6fb23fa5219edd3d3207af17e67bba3e22408,0.0730681514324627,0.9176303148905888,0,170.4,2,523.0,0.0146771037181996,1,420.16,9.88,0.3399999999999999,40.22500000000002,29.214305008280867,97.16392968526512,70.0,21,340.8,44.31963947403429,3,2,0
69b4cd56c2713abb7b15639e37412c1d5c3145cd2ebcdc08d7a9a68a01f9487b,0.0634593769471991,0.797875171141512,3,145.82999999999998,8,463.9,0.0812128803896404,6,724.38,36.4,0.21,46.728750000000005,38.929871274187605,116.5652549231681,35.0,6,1396.65,202.8414008433831,12,2,0
499e05dcfb8907de63b3d3908e1d85e83d4d26868cefd2cc1d1d72c715f61d43,0.035918579579194,0.6970668114819986,1,174.29666666666668,9,821.36,0.1786803424024779,3,678.29,31.97,0.2388888888888888,61.900000000000006,45.0651474026898,150.41886965792162,72.0,5,1568.61,289.77434435329235,11,2,0
eb6b2963855ef5d5fba96f5e194ffc29d767e4bb6c4ce2baa5677d2dd039d578,0.023100023100023,0.8508348038550292,0,140.905,2,730.0,0.039568345323741,0,317.49,6.33,0.25,129.11,52.82522244201057,224.4118635038548,30.0,10,281.81,57.64357090664476,1,1,0
de581c5357d3210debb31aa5993033b66efce7b1a8c9eced1bb707e965fa5b96,0.0345354244695558,0.8578645470763423,2,102.22375,8,1357.33,0.0582512772125689,3,836.75,28.53,0.20875,27.1175,31.73025152083356,88.16756509170969,349.0,2,827.79,220.77918777634696,4,2,0
66d11b412f29cf82a2fa3570ec1be7af659a18af331fa277e8408e41a465305c,0.0512405760466064,0.8072021529235386,6,127.02315789473684,19,1962.17,0.0665872342140624,6,768.61,51.19,0.3121052631578947,31.01736842105264,38.409336762830485,96.1715659789208,282.0,2,2514.21,189.91882662575145,19,4,0
4dd6448016ba3fe9e6c0c21bdb028a5ebc745f156b08b6eb9d468c9e5280159c,0.0340020401224073,0.8496299722479186,2,77.25,2,352.0,0.0361702127659574,1,262.48,6.77,0.26,67.18,44.02299740343458,144.92546208442326,0.0,12,154.5,83.79049742262781,3,2,0
140fb8c513242055ec0767fedf001d8c888c960431f6a5d4cef07bc109eac733,0.022312894104338,0.8846546857991943,0,157.346,10,324.69,0.0696138676492974,7,1024.85,46.11,0.596,25.75,16.84942593558672,60.35476091505696,0.0,1,1615.6,150.97339718471167,10,3,0
843d397fbbae520bb87524004c0a26e9979387189fb9de7a30e2d3406690da93,0.0,0.7970660139475113,0,301.24333333333334,12,341.49,0.0738149427221583,13,1033.38,77.0,0.3891666666666666,54.63666666666666,43.35646653958319,124.2475786069133,54.0,1,3784.0,152.94041727596235,10,3,0
735b7245f6c42a89435d7eaf6a973300c3ffaf8a6ac3b8e8a5cb3483480de688,0.073092235617538,0.6599986728873407,0,178.75,4,523.0,0.2017573429645252,3,277.91,15.95,0.3625,39.22750000000001,48.128523876812295,130.04982930386873,123.0,12,851.0,292.7698270553205,5,2,0
40a7453c8e06a20a7c80335c71f474ef06fb20577cbac8d37fd596dbff0f86df,0.0227715223740578,0.8554079129726636,3,140.61399999999998,5,495.8,0.0227848465864494,1,234.41,12.37,0.426,47.704,38.10918347903363,92.7943466920476,73.0,12,703.07,296.1858208445777,7,3,0
8b25c684b9f279cc9a13cc2b024e7f78aaf38de189702aad02eeb44b3ed4c626,0.0852528852902947,0.7334849150509133,2,225.872,5,605.92,0.1102868153913449,3,408.38,21.6,0.282,52.686000000000014,42.760722071859234,111.65689008354248,52.0,5,1129.36,272.4832261275188,6,3,0
92c825f5585d58758200e3e9024cd8ad8fb3f14d58af72bfaab2725eaa90b356,0.1003613006824568,0.6276000894654439,0,70.0,2,375.0,0.2059063168993833,0,237.41,3.77,0.13,99.445,60.1477977341911,170.01798614539206,0.0,16,140.0,190.2502166924756,1,1,0
793e0cd4ba174883394d07410198283cb5ac9af6ac9b07394f3d62c4de69e662,0.0840336134453783,0.8714285714285714,0,80.0,1,400.0,0.0,0,558.46,8.59,0.2,117.13,78.27074445712833,255.14813320902127,0.0,4,80.0,0.0,1,1,0
d8f652681366653a11ff0aec2970ef0c3bbe80667e9abb9e7d1836a94f9773b8,0.0482063562114549,0.8491007015551034,1,288.025,4,682.6,0.0222028279355039,3,783.67,31.75,0.2925,69.5475,30.711870481795813,104.38446361068596,0.0,5,1332.48,233.076122503256,12,2,0
9b1756e50f917449591c1bf0cf2f005cc4b7c5545078f938c9e9b9899b6b6501,0.0483228062495088,0.7865828505845311,1,45.75,4,1766.0,0.0957203468318886,0,721.58,14.26,0.215,54.4875,55.42330951009377,152.79607168506448,408.0,3,189.0,294.6968849956111,4,2,0
706f8cce3a9429e228e2447304af1c129d2d04a82c984b0d871c53c936d29343,0.1089147378837896,0.7999804522509878,1,118.995,6,894.6,0.0938898674629196,2,987.68,30.16,0.325,29.793333333333333,29.13788441330197,85.19370728216667,424.0,4,713.97,214.67724631343376,7,4,0
af653c08b6c859a14b7bd8db14a0272403bb28782883ae5f176f18bc1aa3e301,0.1456752614331678,0.6778898062877103,0,28.02,2,485.0,0.208955223880597,0,363.91,4.73,0.135,21.830000000000013,23.98386904087235,48.79119079559353,60.0,12,56.04,90.09763244145542,1,1,0
5d53659ca363760267a2df4b656158f29a7990f9528f8e7853406fd26e9ccb5f,0.0267362134656132,0.8578855664685099,0,64.23142857142857,7,562.7,0.0482328403200146,3,648.78,19.04,0.3171428571428571,26.86714285714286,21.20192525231642,64.91515485201502,0.0,4,449.62,163.12299253028664,5,2,0
fd335de08516c8a180fb58a612f4e8d29f102b9a8ca7237f1f5113cd0fb5dea7,0.0046359054097562,0.8455527058888958,2,312.51818181818186,11,83.28,0.0393806436701407,13,1023.77,75.27,0.3427272727272727,36.67363636363636,30.21178475870064,96.51350804012792,0.0,1,3484.73,177.01556239329392,12,4,0
6b5d0b1174ad9551dc60a8df3a26d5ec809af844c52ad0e47c01047a232ab812,0.0115869484612532,0.8412977363055123,0,324.755,2,179.0,0.0758251252808017,3,199.6,12.99,0.44,24.97,14.033528852607112,49.573819412916265,0.0,4,649.52,37.0403102158703,4,2,0
f27636fdd2a383d26d49b949f8fe0c459d762eac8a310b6def823c6763189b06,0.0898298381317607,0.7366151033519373,0,216.51666666666665,3,409.55,0.1087703616237248,2,199.49,11.49,0.19,79.64333333333333,42.67898449278663,148.6397146377411,0.0,18,649.56,31.20910537469864,4,2,0
7faeddf06843f53763dfdb3fedf52831ef1067c7091c186f48ea45aa4b7440a8,0.0,0.8267620845299982,0,50.66666666666666,3,539.0,0.0826132540357862,1,211.11,5.13,0.3666666666666667,59.17666666666668,58.73806091628663,157.8614591917327,39.0,18,176.0,83.42775685736015,2,2,0
bc59219e80e4b4eea8dffd747025e62cee16d77722bbc591857b1639c7ef5fbf,0.0230927066624406,0.8452623658329858,4,92.94857142857144,7,842.94,0.0386641124987268,2,655.31,21.72,0.2671428571428571,19.430000000000003,25.719713968004463,66.37429483506695,166.0,2,650.65,207.64343672036384,1,1,0
0624478a4f6cf018eeb1a9ccb495c84ee4c08519758849c8c562ffb12e4b5576,0.0295803109032773,0.8421218525339949,1,98.51285714285711,7,736.0,0.0545467320152219,2,1144.01,32.82,0.4357142857142856,26.77142857142857,46.257588335980586,99.18982860893983,168.0,2,689.59,150.56522395800707,4,3,0
9c931c8f4880588f314db5bef0fc1457dd566c82dab3eb86ef0996a5d76df883,0.0113019891500904,0.8402212250800902,1,198.9375,8,1168.93,0.0575916148592602,5,835.36,41.83,0.3275,26.3475,24.846173707229983,66.130990639915,186.0,4,1861.5,275.23415359837253,8,2,0
aa4b55ae3511b3285b824645211903840e248d8604fae827c44765ad004a66c2,0.0307312780938242,0.8376983225164549,1,141.01833333333337,6,1245.0,0.083040612604885,3,786.21,27.15,0.2433333333333333,27.455,39.47456938394192,97.52606398215336,79.0,1,867.11,168.6372701026897,6,4,0
16346426b76043ce54a8990e0c4f4e65272bba3331f97e9226ca00e07fcd5cb5,0.0502563071665494,0.8904371584699454,0,23.56,2,395.0,0.0683060109289617,0,120.0,1.98,0.75,59.455,35.926957381237784,132.21637618848706,70.0,17,78.12,178.84124597858863,1,1,0
f54c62ca1340bd2ae5e8c5ba5a0fdea148de142f1f8bbc9ede85c89a1fb92614,0.0560166612792609,0.872845232257178,3,106.178,10,1313.5,0.0226798660426387,4,1162.49,44.92,0.279,28.51,33.89524997053347,87.65437108144182,473.0,1,1353.33,123.75700338921312,9,2,0
5c0e82c94d91daa6a4d6b3d6f76299cfb6488b83fafa66ae63c72996037c10e9,0.0463220307578284,0.8263239102882018,0,182.0,2,791.74,0.0623023089215847,1,984.85,23.59,0.405,46.795,49.47421234640517,121.3004345340632,212.0,2,364.0,150.37331718383433,1,1,0
7870ad1ddc9d148e329a7200a742884f145250603b5ca3dd62d363defcafc8b0,0.0,0.8048190697474291,0,52.5,2,411.4,0.1381007701906114,0,115.81,2.21,0.385,44.94499999999999,73.34023811678733,167.9178598710344,0.0,17,105.0,112.06751913862344,3,2,0
7e8a580e26b7abeed8801feafe852258cb1f4a91700fb6bc18a30835a61bc502,0.024542823829237,0.8850355924683043,2,250.72125,8,443.0,0.0391157017716453,7,542.41,39.45,0.35375,32.9025,27.58871105501941,88.19016706350777,3.0,7,2005.77,142.8946248556055,9,4,0
5696f67150b02180c891fe9dcadd17caf06801ba8425109bdad75b821e34137d,0.0104307125856876,0.913278402182244,5,177.71785714285716,14,19.52,0.0149594604881622,12,1077.72,66.38,0.4057142857142857,16.739285714285717,15.438481576091808,43.69136341464165,0.0,1,2511.05,219.86781774256795,12,4,0
11c09bd494826ea9b7b485565da96db257a32c15d4c7e3e9c8153c033cf98b6a,0.015886885376122,0.8188964623526177,0,305.158,5,635.8,0.0448054596152112,6,577.83,32.03,0.3339999999999999,56.436,29.07723559977011,113.64708556517375,164.0,3,1525.81,97.21665610074778,2,2,0
bbeaa6a6399e1612d34e7f728751c1780b4ae4173db112c2bc0391db2524642e,0.0530401003075709,0.8110753220882602,1,230.10285714285715,7,649.38,0.094014267574474,5,676.88,34.86,0.5142857142857143,60.47857142857141,30.248255864995645,116.0715805956287,0.0,8,1610.72,346.5876594144793,8,2,0
b30a429e0a4e9406a0cb83d51022ac2d00b6b0d320841aba35bed0ed70e39b3b,0.1081339374417217,0.7426670167327293,0,203.34,4,458.2,0.0958777842945168,3,761.77,25.51,0.38,50.7,49.19621125376065,141.42578243935233,0.0,6,813.36,259.0262787365227,1,1,0
5dd658b3c54d32cff80d13a5f35ff07d5c865263ab7968acba7ea6eef917e7e2,0.0647659905476917,0.714353529920726,0,39.833333333333336,3,403.0,0.2399580094702046,0,250.52,3.75,0.2266666666666666,35.79,21.28882129056633,83.06278504967908,53.0,11,119.5,58.43750377563941,2,2,0
dc65542ab5eb79c32ea2c72e3f749c285fe64180bf4c7e80b2b0084dd34739ca,0.0823307840605979,0.8339802648609491,0,158.23375,8,699.59,0.0566519173602534,4,714.47,33.24,0.22,26.736250000000005,35.90438536299373,87.64037209477198,0.0,3,1454.98,89.07386726073777,3,3,0
4e85971d333510926ba630b282004b4594c186f8ee69b0458fb77dcb58436226,0.0590691761217942,0.8093072937191842,0,239.5611111111112,9,836.2,0.0302470730683063,7,748.22,48.37,0.3755555555555555,43.875555555555565,49.850414335250285,119.38048278695724,129.0,5,2713.24,209.7281212000185,11,2,0
cac350aa4d5194206da341fc0356bd87c42191ba83059258cee9a6d98f368a97,0.0,0.6112956810631229,0,88.42,1,441.3,0.2026578073089701,0,154.3,2.43,0.29,36.61,79.3739783152396,139.0092804225387,0.0,20,88.42,0.0,1,1,0
a57b467c407e1b51e7e034b518323e3229db4295e39122aea17c900a1b598793,0.0,0.9094494745738216,1,64.12100000000001,10,400.0,0.0244420616188379,3,758.8,24.21,0.238,32.348,29.761332085650544,88.77557025271699,0.0,5,641.23,268.85940349044347,9,4,0
d52929da3478d8017846a2777091cdeee542c33e5b27b9d82bed53b7af887f07,0.1574885820777994,0.6082474226804123,0,283.0,1,745.0,0.182621502209131,0,134.69,4.18,0.25,30.8,76.12539432588343,136.2096504844515,70.0,6,283.0,0.0,3,2,0
d11729c8e88ca2d0f93c63bb618b069d8d4f14c296ae9b2e08f62c645bf7e4c7,0.027943237447999,0.9226028280196816,0,210.2783333333333,6,783.0,0.0307418699186991,3,871.33,34.27,0.5183333333333333,22.693333333333328,21.44374361589971,63.07475549554906,105.0,3,1397.11,116.8147993339486,3,3,0
e6754d2fd19eb9c38cb2f474c339366ff1b799b5a1f87d22f2026670d2a34b3c,0.0,0.9108910891089108,0,15.0,1,375.0,0.0264026402640264,0,375.57,4.49,0.06,92.3,34.35478950579336,170.6060111790034,0.0,8,15.0,0.0,1,1,0
3c3a1191f36812098b8707501b29085a7ae570bbc070095e8eeafa1dc15889e4,0.0,0.9023569023569024,1,144.0,1,350.0,0.0,0,172.22,3.66,0.62,138.79,31.22123081586861,240.5655459458469,0.0,18,144.0,0.0,1,1,0
1d5c931421c56eac8f75ff5b0458a79868b1db0e3790642c21d837eb72ba3a1f,0.0,0.8812546354150792,0,52.75,2,325.0,0.032874617737003,0,70.51,1.76,0.155,72.06,71.585147579454,176.22553538640614,0.0,18,105.5,86.80114899131033,1,1,0
9a7614931eb74969aec63a9b9c651a6fe47b7e65430e824e5220b10a292ef1ed,0.0,0.7924528301886793,2,39.2,1,410.1,0.1179245283018868,0,287.72,4.47,0.26,56.72000000000003,61.05595263649508,169.26016379116814,0.0,9,39.2,0.0,1,1,0
f4f90491b0703bd1f6881070894f30c47f87d1ec63937c2e3c70ed6340665932,0.0961256341356032,0.6523197600923524,2,182.0,4,375.0,0.2274756144533552,3,374.79,18.37,0.32,53.36749999999999,44.36953773196354,132.81273562722873,0.0,8,854.0,519.05643748145,6,2,0
a4b511ef7eff0ef4892c39ebbfa95b688dc32462d1ef6018853f1323141e3e51,0.0,0.6683937823834197,1,85.24,1,325.0,0.082901554404145,0,50.78,1.86,0.22,132.1,71.77215016773751,247.86876246680245,0.0,14,85.24,0.0,1,1,0
c347d1a9cf2b0e238cc803bb4903a447837dcd0eec2eb6c0de62db7e57fdafd1,0.0,0.8546061717771496,0,193.50000000000003,2,504.0,0.0611895232291433,1,806.42,19.76,0.24,35.94,47.690079768200405,115.33298186504062,104.0,2,426.96,31.167616252966774,2,2,0
25fb240d5113e9e6e784190cf7749d2d769a24620eefe10d0137bec4337d145e,0.0,0.9088097060915448,0,40.53333333333333,3,375.0,0.0340059187516814,0,269.41,4.04,0.19,66.06333333333333,25.572861356239816,114.61979334389976,0.0,14,121.6,121.85861315033328,2,2,0
6450564dd81b573e6623b9abe35a66211467d6b866b39b5e8fb5941a90b77293,0.0237419630968754,0.8325921545704981,7,227.91333333333333,12,268.94,0.0519430207014437,7,1034.69,61.26,0.4033333333333333,34.589166666666664,36.217518825569314,91.41562920787857,172.0,1,2756.83,152.37014227005702,6,3,0
1adf3d113a92d103773e6aa5db830d89ab269133680178486a42e56701e5a91d,0.0,0.8527888419171407,2,112.46666666666664,3,549.98,0.0792497820881465,1,199.5,8.26,0.5633333333333334,19.426666666666662,26.443600184622184,59.969883854280646,0.0,19,376.4,339.95010640423084,4,2,0
9d0eb62f10dd5ee27d443dfe47fc0ce5ab531d476066cbb3cfb2d9c5a0440de3,0.0360792994165157,0.6580224113450708,0,357.28,9,876.75,0.1804477885474084,13,703.78,63.08,0.3022222222222222,50.00111111111111,59.84377896584928,136.38450009751338,0.0,3,3215.57,250.74255185124275,14,2,0
18be27f604f148810a2f556fdb43ac83d1b6a83d16972bd4bdf861f380e7c1fc,0.0218264361795006,0.789420703476959,0,181.66666666666663,3,484.88,0.0144641683103221,3,527.91,16.98,0.4766666666666666,37.85999999999999,46.56242131016239,117.72320299102984,0.0,5,545.0,127.50422366495457,4,2,0
8c38312d1e17952d271d5ea8a6dabaa68cd49d7f8cf40612ca48580db0ba17c4,0.054111177207993,0.7699640544149435,2,102.91714285714284,7,625.8,0.0948771958391412,3,351.69,18.1,0.2842857142857143,43.35714285714285,47.38458462706854,115.48585159603404,119.0,15,760.42,150.32707045301603,4,2,0
01642caec44d74f32a5ddefcdfa1e0cd87fa8bb0eda2a55d6341adf2a2b5f193,0.0524148631632423,0.7898297537236805,2,240.3243478260869,23,103.67,0.089301039425554,29,977.04,121.8,0.34,37.95173913043478,61.703315294078266,116.552333270068,16.0,1,5954.83,315.76714807402413,29,5,0
07c866773621156e0ad6a6e618386afcac3b6a345c3fd9f44eb868fd69079a24,0.0,0.952353792078438,2,64.89999999999999,3,350.0,0.0041431261770244,0,141.21,4.36,0.1133333333333333,35.33333333333332,24.7059812300992,77.97150015672145,0.0,14,194.7,325.6015636515545,5,2,0
451b6c3c3f9e6e3cb51f5c4714820eb49d981f5c5878e9a835f4d7e1f6848470,0.0,0.806421213735449,7,363.8946153846154,13,323.58,0.0734413379328687,23,781.89,99.37,0.4584615384615385,21.61384615384615,28.223772208697348,61.207487094196736,98.0,1,4799.62,336.2894758977049,14,2,0
74a418077cb065d541580535f2a8cd1b70db6badaa25d672a816df599efc8c11,0.0126411063496277,0.86724400410162,2,64.97,7,882.0,0.0476787578064017,0,374.12,9.86,0.1785714285714285,31.15857142857143,21.03329925049941,78.03506297900603,196.0,7,454.71,151.59551771162035,3,2,0
59827895f38bbb6dedf90e187d82f789f9067a36a0a9e43702fce8242d5a59cf,0.0128685223075833,0.8880057979250359,1,83.06666666666666,3,350.0,0.0,0,325.66,6.62,0.2033333333333333,53.16666666666666,11.763489740383823,82.59108245937102,0.0,12,249.2,7.853626658887768,2,2,0
cecf7c2eaf62c442a5e379734c7fe81bc7880956c7fa93cd815afa0c30eb4f8c,0.0291029593636251,0.8096875022754506,3,201.292,5,591.5,0.0555236738636239,3,360.13,20.68,0.204,40.992,35.38414515710673,98.54404790540188,107.0,13,1006.46,168.20840449463276,4,3,0
32575a6aa9190842920ddadace87cf468e3feeb2732661573b352847f1ca60e8,0.0509528176908182,0.5089463220675944,0,118.0,1,376.0,0.3180914512922465,0,102.8,2.21,0.19,98.75,63.72297584747994,205.22822916055955,51.0,21,118.0,0.0,1,1,0
1db2e660c01b707cfe7dd7e19c0d1c5b9290a3d7b92d13839ea8cd3383456444,0.0,0.8737700042185017,3,171.95600000000002,5,835.74,0.0295723502234636,1,838.34,26.38,0.422,38.366,49.38975384370618,125.73796425706637,0.0,2,859.77,288.2514350374572,1,1,0
e45e68cd2fa63e38a49e05ee01c47bff4779c6fa2804a2d283c953c873a54fb9,0.0,0.9166666666666666,0,17.62,1,325.0,0.0,0,66.62,0.84,0.1,144.88,71.72664010849476,297.7119946449463,0.0,20,17.62,0.0,1,1,0
1e63804ab1f6eb44989f2b16199d1d3811aa96a4ee794769ff599d7aafdb40f2,0.0302370585389453,0.8470118913872088,0,85.68333333333334,3,350.0,0.0595185443823712,0,217.6,5.25,0.19,42.32999999999999,28.791970976121235,88.02272595888964,0.0,26,257.05,24.517342823570903,5,2,0
05b7b6cfcecd3a2b5f5069a69c0c3464d4613462fd8df6ee48c2bb80d2d74d66,0.0,0.7927578026933987,0,239.1077777777778,9,1291.24,0.1136184095389374,7,752.84,44.67,0.3166666666666666,35.93555555555555,42.59879204203335,102.67733963696304,0.0,2,2151.97,136.12255524562914,7,4,0
ac3f9be95d3b30f683edf7d4967fe69aa797d50de87215c7828762289d351c64,0.0,0.8465204892468743,0,79.0,2,325.0,0.0440362867138556,0,86.33,2.44,0.14,71.18,49.06388381024716,136.53244424680594,0.0,13,158.0,309.72256261913066,1,1,0
77347ceaaf3b380842706c73a2ccdc5c2e50d45109540fcecc7a5e494b3b8d41,0.0260492606454932,0.7783087791247032,0,91.60666666666668,9,1245.91,0.1420300313177686,2,1105.57,32.21,0.3322222222222222,54.870000000000005,43.358622562796405,133.08022626272455,420.0,2,824.49,128.04131332723344,6,3,0
8c532133d196bf0c71c9864b87e08e890481dd75f1e29574ca3be5e55feae2e8,0.0812655759020479,0.704248366013072,0,647.0,1,375.0,0.142156862745098,1,132.4,9.29,0.29,42.34,61.492658873562846,119.58547815282589,0.0,10,647.0,0.0,2,2,0
575484e4534f386d1dd4c5d07b880ae222fc83c63aef79620584e0eeb8ada1cb,0.025040064102564,0.905614019876814,0,18.1,4,375.0,0.0105820105820105,0,342.18,4.58,0.0275,20.355,22.80568787610825,65.95669207450881,0.0,14,72.34,127.21902509841196,2,2,0
cc761d5b90788d05f3fffdd9f61368a3d2fedeaf830221836b52689ebae6dd40,0.0135215533560495,0.8667481858431688,0,183.2333333333333,3,831.2,0.0,1,834.84,22.2,0.3,50.96999999999999,39.58035412622149,117.04905850562272,111.0,4,549.7,83.63245251916157,7,3,0
c0bbdbd5e43057f1daaeb20a92c234d4c864cc1647d02164d07971d8a6aa890a,0.0496031746031744,0.7600039482775639,0,33.12,2,375.0,0.1798835258118645,0,255.2,3.28,0.11,17.880000000000003,22.781309455993707,66.59441436706024,0.0,15,66.24,144.528497053954,3,2,0
8a33d3b2ddf2b69ee9076e41a18e3ba3dd5caf95690fc81709f6512cb3ba9f8e,0.0587726967256172,0.7973569589832868,2,87.83999999999999,6,1200.0,0.1106010723619376,1,463.72,14.87,0.2266666666666666,53.31999999999999,47.5447794596852,139.99141767831568,0.0,4,527.04,402.90505904930063,2,2,0
93001100973f39121175e53cbc5203a4cd53dd879371ffe9fc19f13370fee62a,0.0929627219484986,0.8333193249058635,0,42.0,2,361.9,0.0907830150618612,0,388.74,5.36,0.155,14.800000000000002,22.759057601874687,55.364476069720766,0.0,11,84.0,25.86139176384995,1,1,0
a815533e6669676b4e043e9a2c341a7742860b1151ec20674fa2b2941c861e01,0.2007226013649137,0.8765822784810127,0,23.75,1,375.0,0.0379746835443038,0,98.11,1.22,0.04,31.46,96.69490504166647,160.825622497122,0.0,16,23.75,0.0,1,1,0
e890c6eb1f1f5c44f76ff0ef3d8f0d7d902431e80a6ed4d5c32dbdb61e49c558,0.0511570191654475,0.8438168190754295,7,104.51,6,1763.85,0.0640367253804443,0,680.4,21.61,0.2516666666666667,57.59666666666666,41.599536439058014,136.68814908686696,374.0,5,627.06,142.9884295813366,6,2,0
92c3e3055174bf6e0f9b9c04046e20b91964f8de4630181d4e92b892d08253d7,0.0227639658787886,0.8154229564246998,3,81.71,11,1041.16,0.1046901217265071,1,698.88,23.29,0.1972727272727272,28.33181818181818,24.814920273789664,77.24257587550406,252.0,4,898.82,128.43520223024208,13,3,0
dd9b95141579636698a79f7be925c17170b5b8dbce3e975c81900279d1bae937,0.0107788820143575,0.8112034920089443,8,209.2618181818182,11,28.18,0.0663761794714889,12,987.36,63.03,0.3972727272727273,40.04090909090909,25.93672933116636,83.5539729961555,0.0,1,2301.85,280.7147918046528,12,4,0
cf5a4d10fad1a4d05d62fd9d9219ff828905e1b1050922595f70cc6a7daa56a2,0.0,0.8646147095459242,1,76.49222222222222,9,686.4,0.0658555002463365,1,922.85,25.78,0.2511111111111111,40.39777777777777,21.35060848249792,87.82012558136609,58.0,3,688.43,125.58209053886812,7,3,0
2fa56e4222805141cd492a5a7eba8b21d43c6f0f8a48be2b85eba2d1b1f1180a,0.0642438364162559,0.7921927977183298,3,141.63000000000002,19,1590.0,0.0847626069367328,11,888.36,78.28,0.2584210526315789,37.27315789473684,53.90888812039609,113.37165378347471,425.0,3,4423.97,258.47891360890674,19,4,0
c89615eb7ce92ad540a0c454703562a008af468297dff110270df8b4cd6c3d0b,0.0,0.7565632458233891,0,69.2,1,375.0,0.1288782816229117,0,376.8,6.05,0.18,80.75,71.00331868722584,218.5954483983108,0.0,14,69.2,0.0,2,2,0
97a3a227aad0bed05751762786c2517573276470d31ff1bd55a18af34b986c0c,0.1889287738522574,0.8442367601246106,0,60.0,1,441.2,0.1183800623052959,1,579.15,10.9,0.33,7.610000000000001,27.443953547547306,38.838319138985774,16.0,10,109.0,0.0,1,1,0
5921d9e0ce70c6c469fbec9a32be172862d6a640f2cc3018caac3a0404113c3b,0.0,0.8749442911864426,1,164.5,2,421.78,0.0313351498637602,1,542.87,12.69,0.295,50.43500000000002,57.587133583366025,140.12579810312212,0.0,3,329.0,127.42534007260208,1,1,0
ef187e66d68f59933f61e5f56e6d993221d11b3b2a6281de572466b590b39195,0.0370374440920817,0.8907614366509778,2,45.05125,8,588.0,0.035527795057498,1,801.11,19.8,0.24125,35.7575,25.393086997042293,85.18224495926546,138.0,2,394.01,241.6863288396527,4,3,0
975e3f78883e657b9fe85c1850de1f8a9dd4a816a22051455d25a5bf7bd20ad3,0.0,0.7950998660903495,2,83.24428571428572,7,681.0,0.1282612205495009,1,757.5,22.09,0.2714285714285714,27.12571428571429,49.07319751772062,92.47547091107089,90.0,4,582.72,93.31863951924554,6,4,0
3b820fb061391627bb302ad8f134863f376904ac0138942e43e07b99dc5d9b2c,0.0360438349835723,0.9291103953468306,0,161.425,6,727.2,0.0111175719576786,5,660.49,28.31,0.395,23.56833333333333,17.710588519757593,56.22597649553134,233.0,10,1046.91,208.3661008845972,5,3,0
7978021c1d7ac8eb67e008ac4ac39073c6c9a21d18e9e6abab4da4ce8a847377,0.0696085890079025,0.7520784107814824,0,138.5,2,350.0,0.093328082611359,0,128.18,4.55,0.145,29.815,51.49035050985808,108.2901801749832,0.0,17,277.0,314.6116273035546,1,1,0
7d40e4999d24b25332dc23cc437838264b82302d0cac9cddc8101c305fa26749,0.0529752237635765,0.7929788824433868,2,49.208,5,1131.0,0.114635665852568,0,762.46,18.93,0.2299999999999999,49.108,42.194219463877786,116.39069200074846,31.0,6,503.65,153.78023800017814,7,5,0
b91b0bed0a848dfc74d8c744a84123a15c82517d2704ea83a3c41aff28176e3c,0.0244382444590678,0.8496033688212274,4,67.44727272727272,11,619.0,0.0542119877425017,1,766.07,24.74,0.3345454545454545,34.04909090909091,34.393267532558326,94.65301040414248,70.0,7,825.93,233.29711536681688,12,5,0
51423718477bc9965c1337b9711300b1231b70f22c4873f51191e48c898f1fb7,0.0190182765637777,0.8619176943013231,2,71.97333333333334,3,450.87,0.0547097950281577,0,233.18,5.49,0.17,62.09333333333333,21.58983232915105,118.44719665861298,31.0,17,215.92,39.721092541769885,3,3,0
7e0f838a925f52c81c1fee0c34625aeda7002f2b430aeda65da0299b3d5610b9,0.0068593427031391,0.9209582725845394,1,126.87583333333332,12,24.16,0.0197227119221454,8,1004.83,47.99,0.3558333333333333,26.989166666666662,16.57414986643789,64.0501588238692,0.0,1,1654.5,229.5576120495012,10,3,0
c532705199765999d5d34bf1e221320b89e8fb21aa4c3e88f61369d868ddd571,0.0750787297811829,0.547923641366659,0,154.0,2,350.0,0.3180463196514561,0,194.7,6.03,0.21,39.09999999999999,44.687518708084,102.15069596067846,0.0,16,308.0,57.9253110578597,3,2,0
35c3f4e66382562c6c9aa8a4a9d22c997965790fa5be6f74ea6d0a050527fa4f,0.0456807777921825,0.8396333195110938,2,178.5585714285714,7,333.49,0.0459180667646165,3,800.99,32.39,0.2771428571428571,26.147142857142853,34.38546538804043,71.70184567942106,106.0,1,1253.98,134.82854364453547,2,2,0
0bfc429a605686c6fc299e33e4df8b36d7d2cc80279c9b293c56fb2811b36ed5,0.0,0.9214973775628345,0,49.352500000000006,4,431.0,0.0065573770491803,1,867.17,18.98,0.1525,16.1075,12.684589270997211,50.275159987775126,6.0,3,197.41,50.5877025965405,2,2,0
df7095ac551d32db36974499df4e572454548172fd0175daeb5e76e8b29b40c4,0.0,0.8308940456996229,0,102.94,2,400.0,0.0877458396369137,2,670.3,15.14,0.16,15.335000000000004,23.768217402928148,53.87671094758413,0.0,5,205.88,66.4279287810722,3,2,0
adb41e816e812ca459d6557a640bc85362ff694987941b43c00f758338fe02bd,0.0,0.8729306788919254,0,48.14000000000001,3,375.0,0.0387686913360996,0,169.2,3.14,0.21,60.580000000000005,27.064248811112027,126.4730888258748,0.0,11,144.42,83.68508500816824,2,2,0
ef46b8ce26d7ad5bfa409eb04ea6205f57c07279569a01c34caed52c6ef05377,0.0,0.8640425647688562,0,157.75,4,367.0,0.0103550295857988,3,374.45,15.13,0.3175,29.840000000000007,45.51868917633889,103.43989238861954,0.0,10,631.0,97.89605759779651,5,3,0
c732fabeb3e6c3cea7c0f96f2dcd66d065cc40f9fd332fbeb6686e48ca11271c,0.0310888482162925,0.8050413046396139,1,157.13,4,853.2,0.0770791530957808,0,409.84,12.57,0.275,56.90749999999999,41.08041342331512,131.70248100109,53.0,8,673.97,145.78942744816302,6,3,0
a5f55e6dfa1887c0bf6cbcc4120b5b77b7607328c1350dcc76cc93fbe5e7d683,0.021590177081867,0.8745750055504242,3,111.52111111111113,9,1355.5,0.022256268545934,2,853.11,32.83,0.29,22.38777777777777,19.30690038877632,64.3806291768259,201.0,2,1267.69,123.19908317042736,7,3,0
a3b8847dd4f9b682a2cdb46649b18ee4895698b4a03da1e5a8df1e504fd1f81e,0.0,0.7888290956464613,1,150.34285714285716,7,493.9,0.0197174569475331,4,633.11,26.68,0.2242857142857142,43.74285714285713,31.30209184298224,107.03015770496222,20.0,4,1052.4,167.09628305930775,10,4,0
dfe52da06000e7caa81c785c20c45de691d2d5d2c755b01f6ceb2db946c121d6,0.0413359788359792,0.8391877148902407,1,20.960000000000004,2,584.6,0.0839476990214228,0,969.86,19.09,0.1999999999999999,21.735,25.500960063750654,64.17257387407335,122.0,3,51.92,43.0103986382679,2,2,0
953140dac5cc4ba563711d9f3cf98b56cfe5cb00a1d1744adf00aa65504682d7,0.0309139597452545,0.8475733403532282,2,178.2142857142857,7,1394.0,0.0552578365028092,3,657.55,28.49,0.21,52.970000000000006,32.66066046795508,105.0807928709078,293.0,6,1272.36,127.60573576089024,10,3,0
217564fc00d26d898e6eb48a882bb71e503f883d457bd578234cc308ebe41c51,0.1111075518729948,0.6761270304753645,0,117.53,8,1194.8,0.1903801556120475,1,669.59,21.97,0.25375,49.837500000000006,39.88932334898901,119.00606249056288,421.0,7,940.28,230.7486945537156,4,2,0
c83246759e23b393bd7be55922ae8583f003f00f8f2e0b3e9c9df68d5eee5933,0.1041879417648937,0.7845641950123472,0,236.6266666666667,3,447.0,0.1060183984566498,2,206.32,13.28,0.3566666666666667,29.913333333333327,39.17556378978944,79.58500266194513,47.0,22,842.6,313.1341826157251,3,2,0
bc19cbaffe538e38031118cb33fcd7d3d09ce783abf3fd8102881b22d02021f0,0.0273586800451783,0.8438523369904505,0,164.94,5,469.38,0.0626511159267824,1,273.67,12.13,0.3219999999999999,72.31199999999998,47.73612374682412,133.5052317342218,0.0,13,824.7,311.7665094362037,6,3,0
9e7a4ea10bf06ae056d3d42ca44960ccb2c17d0e545418609591080ea7f1973d,0.0,0.8239938047949766,0,149.0,2,375.0,0.0221843003412969,1,93.21,5.81,0.315,45.82000000000001,58.29445883266565,112.55224007096302,0.0,19,338.0,179.31475985197125,3,3,0
9dfae956189bb1742a29be53c70a2917bd7a6688d2418a6b7fc7895ea27b846a,0.0043131893015652,0.7846752408651978,3,206.0,7,494.5,0.1389424239486491,7,936.17,45.3,0.3571428571428571,25.161428571428576,26.465863278507328,67.95641217114753,107.0,2,1606.5,137.16925709259834,6,4,0
65b5b7ea8ceb72395d3f8d2f34fc306cb15b19130631f259e954cb2fac8d9df1,0.0472793189732496,0.9158076899086444,0,82.3,4,472.0,0.0233333333333333,0,108.62,4.88,0.29,53.53999999999999,36.294214580899975,132.1492750840143,72.0,8,329.2,169.48937052609628,1,1,0
f6aaf8408ab3fdb1277754914582f0388f68c74e52341e0cfb8e14acb9db67ae,0.0,0.9369085173501576,0,17.0,1,830.0,0.0,0,261.87,3.36,0.06,26.129999999999995,66.40220777123112,114.29120957066176,0.0,13,64.9,0.0,1,1,0
244428232a033f9ffb171e39d6974f4c11b4e274b5a3924935b7d5a067247ca3,0.0515642097063866,0.6405235754098689,3,193.53333333333333,3,979.0,0.2036984473918847,0,445.83,12.65,0.2333333333333333,53.74666666666666,64.06085845138921,139.39155479400748,229.0,7,580.6,199.54397246693995,5,4,0
8416dea584efa34b47c44fa0c249f62fe2880d681539a42ec5e3dba3b741923a,0.0888756298446753,0.6434309047700971,0,179.5,4,435.1,0.1906233939166,4,353.46,17.94,0.3175,71.995,42.70798389928019,152.28259154580573,0.0,22,792.0,157.96055265623255,7,4,0
ecb9bfcdf26f60562017cbb5878a489081cce3a107092aa5f8a21926af57b875,0.0,0.1867088607594936,0,100.0,1,375.0,0.6645569620253164,0,113.62,2.14,0.2,53.95,144.30209299749535,289.0153217655269,0.0,15,100.0,0.0,1,1,0
3f339e34f7e594ee0b0a6f4e510666d0788333b7ab870b29395ad64ae0f6db28,0.0,0.7660098522167488,0,87.0,1,525.0,0.1600985221674876,0,198.09,2.85,0.18,116.21,19.671451804009017,180.242957266895,0.0,8,87.0,0.0,1,1,0
5339802d475ac81e3b9bd6cc421c093bbbe815fff4a68f332332ed97bd9cb321,0.0461091545913413,0.6858616647581044,4,203.686,10,66.58,0.1720035024854859,12,818.71,56.94,0.325,41.286,43.725847832720895,122.06149016480649,0.0,1,2164.86,273.79532377668204,17,2,0
64944cb444626e106a902f3692e79a10e931d309bc428d5eb4abcd5d81f12877,0.0,0.784911692699836,3,342.1166666666666,3,542.0,0.0728524232248401,2,388.6,19.29,0.38,42.73666666666666,33.6366485780996,95.22414780977874,48.0,12,1026.35,140.29185763747694,6,2,0
a192b7b97daf4a05b56ad486908c596c0dedc4959310abc8683a4de2dd47ae52,0.0392051892889478,0.8360202104953176,1,348.1666666666667,3,588.5,0.0336535635742151,2,382.38,18.38,0.2233333333333333,91.55333333333331,43.22382620374764,132.85978594535018,63.0,14,1044.5,87.3623483210325,4,2,0
a9e66ee7da6cf642be5c7fc69f50ff4be45399792c5954f52340efe6e378fdca,0.0068671414150431,0.7775358043958022,0,131.18,7,778.23,0.1090231516913905,3,285.99,17.27,0.1699999999999999,55.142857142857146,49.73768824728087,137.16226739840883,138.0,14,921.25,275.966954833953,5,2,0
3061d4632dc800b708ef735ef02690a6ddb32e12559c1cc43fb7e6d44aedf534,0.0616271702187015,0.781276195071052,4,52.875,8,753.99,0.1290229840208653,1,697.35,18.99,0.125,43.45,49.890726620264346,117.8111742929084,0.0,6,423.0,191.56137931070407,5,3,0
be022505307941a6779268dafd75240b9c2e39e4c374f0a75271231425164179,0.029912655047262,0.6687479921239801,1,91.6175,4,415.0,0.2250780692019752,1,567.21,15.11,0.1375,36.080000000000005,41.058153510941295,109.60018659807382,0.0,8,510.46,199.43459223570733,3,2,0
f9d4539f0c60ade8c6dd84bdf3609cfa3b32cd6ff53b66f993f7d666e2321930,0.0273478094404638,0.7223983314037892,0,178.25,2,375.0,0.0302387121671536,1,106.7,6.13,0.315,48.18999999999998,38.20363416856534,125.51168931221004,0.0,19,356.5,81.27576287806353,1,1,0
41b374adecd0064adb4fa88acc5149e0e4dae1c7a35cd0c068f4dfe830f23eea,0.0125412292912951,0.7336175176414453,0,230.65666666666667,3,350.0,0.1436303571735322,2,208.99,12.01,0.3033333333333333,48.38333333333333,43.0794727228491,116.8702756474638,0.0,11,691.97,313.99577499389966,3,2,0
ccec6483f67e26bcf90356965342f543ba3e1bca76bef75a489cc72d38e3fd84,0.0886149825207907,0.6966416958201852,0,206.0,6,576.0,0.1350367699896888,3,238.08,19.24,0.365,47.27000000000001,35.98351797636938,112.20849790847204,126.0,18,1236.0,153.56960205916397,7,3,0
64915d24d0a412dfafb0f1438ee54d577dfcd30b92b18d948f553d73b6d29be5,0.0,0.7121511973085296,0,89.0,2,350.0,0.1435780724322184,0,111.59,2.9,0.75,84.24,48.82156857978073,190.6491655069304,0.0,17,178.0,26.7951960284817,1,1,0
3e61a6ffc418eb4e56c9a9ee87bc76d3f774a97b63261064ef307f34b3764eb7,0.0501454217229966,0.8559027777777778,1,49.5,2,375.0,0.1089181286549707,0,149.99,2.99,0.21,67.555,58.10062023691536,186.18765665673885,0.0,13,99.0,264.9651583232893,1,1,0
a080adbeb031f04ad1fa26bafea85dd45790648b2942a8ac1b54d67700dd24e8,0.0892160951787773,0.8765337036101994,0,124.0,2,375.0,0.0127450980392156,1,504.99,10.73,0.16,45.890000000000015,52.624789991617824,128.71569017998053,0.0,8,278.0,98.11845871673222,1,1,0
1f437e7510ad04696f17fa3d99a50bab433a5492863370443cdd49863c90b4c7,0.1140491677282224,0.8354181412117115,3,108.51666666666668,3,432.0,0.0395883534136546,1,586.82,16.57,0.2166666666666666,22.653333333333325,24.88358731376402,57.8354792168864,50.0,6,507.55,200.6436966034911,3,3,0
1ec62508a7c17ab2a5ccc14eb52b3e1056e3a192b60c6d448a3f4d5cca923846,0.0,0.8233535940250833,0,178.1833333333333,3,444.0,0.0312841555079286,1,323.28,11.18,0.2733333333333334,53.54,19.72930790141805,93.6832776657356,44.0,15,558.55,19.90751776309016,3,3,0
80212ea177ef7ba63c1c547586661626ae670d105d5bac7713db34e6c515f0bd,0.0079057633014467,0.7351562546101749,0,217.78571428571428,7,41.39,0.1226404090062323,6,931.52,41.95,0.3171428571428571,66.20571428571428,27.913621556451023,130.53003043555904,10.0,1,1533.49,208.78936292756205,8,2,0
3152b94df3c15afe7874b708c2051f8693894c3caf0466215bbb1191d2daf11e,0.0358774208134202,0.8560797405701728,2,193.2,5,548.36,0.0592670824775402,3,582.53,25.25,0.288,32.854,28.199383830374227,79.37047712009209,0.0,7,1136.0,238.16090727613928,7,3,0
f7b45659c84537e857a169a81cb31a64c87e51c0560df1045a808176daca59ba,0.0639017323765047,0.8542808004243893,0,196.7746153846154,13,496.37,0.0685037460249118,10,969.74,59.65,0.2438461538461538,32.542307692307695,28.437498117470017,90.02819058199897,0.0,2,2558.05,181.5273730112324,7,2,0
d37021e8498005a5420c1bf96e56ad5a9d71fd2fe191c02b8b349ba856fdb4e0,0.0185363054489332,0.9079274095892802,5,227.9881818181818,11,233.05,0.0334285802379368,13,895.43,62.79,0.5154545454545455,18.37818181818182,11.45276497984599,39.38355715463493,68.0,1,2507.87,128.4466869306837,15,2,0
7e168552aac8655b6bd9fd626305db1a39f1910b478fa945fc6bbae8cbc4f360,0.0082150368033648,0.7244443744969574,0,394.0166666666667,3,416.6,0.1013348233435447,4,525.99,24.8,0.32,42.50666666666666,53.29550823024865,129.37041044845617,0.0,3,1182.0,155.60859352591604,5,2,0
260d93c2abfb25dd8aab40f22fbb7dd1dc429bba62a454c7c73fb36a9b4ca40f,0.0915750915750915,0.5356125356125356,0,63.0,1,325.0,0.3988603988603988,0,51.0,1.14,0.29,47.02,79.46510436256727,165.09652486003506,0.0,15,63.0,0.0,1,1,0
08f5a841200e2ff6aa88765d6fba390576496cf8aae0e9d5cba9953d46c70849,0.0556663150829279,0.7306852550190301,3,170.05375,8,434.74,0.1393628244258782,4,871.19,37.21,0.27625,42.4125,31.16915315721664,94.01524556176054,93.0,1,1360.43,227.8752969601821,8,3,0
881e0702fd7132ea2102f9f2f678db110c4f840f263b16fde01b88e4f6d48d66,0.0489552681121189,0.8551459175615753,1,79.72230769230768,13,1674.99,0.029304249891931,1,1068.64,33.51,0.2453846153846153,48.386153846153846,42.04188832993844,119.4131255625719,514.0,3,1096.23,231.88222343523225,6,2,0
06d6206553e404cf1262147cb67d1c872607a052be701c46659de037896af210,0.0,0.7630662020905923,0,113.6,1,375.0,0.0696864111498257,0,131.79,2.45,0.21,165.62,68.78449878478087,251.299886578885,0.0,18,113.6,0.0,2,2,0
8a9f1d59a80c6ba2aca49ef7eebdd6506835980423c84ac65a68fc439b8aae50,0.0030533045915594,0.8859015821468458,4,155.05363636363634,11,40.38,0.0097768217003812,7,962.42,47.44,0.3390909090909091,17.39545454545454,21.003125486992094,52.294086863647706,0.0,1,1705.59,176.84396519912028,3,3,0
94439d6d91cfe3d4390d4df38d0bce1f1cff2406a4784da0e0c6c3fd57bdbbb8,0.005830223880597,0.8846797137979998,1,170.74200000000002,5,458.93,0.0180900187679368,4,505.49,21.91,0.29,29.454,35.04743592904751,90.81506977233887,18.0,12,894.66,185.55468271232093,7,3,0
e46be1ac104143794ca6230c4cdd9f8f64e3027bbd034f704b657b0195527c36,0.028029005543664,0.8461016221640103,1,181.40500000000003,4,556.4,0.0385665846685725,2,315.31,14.23,0.3,76.6675,37.13475999142253,146.70244792062556,0.0,12,725.64,226.790347397976,7,2,0
11844451c808cc750e386195cd741cb292a48436f801e4c2f8054a92c9e3e2f3,0.0,0.8766859344894027,0,136.99,1,325.0,0.0289017341040462,0,71.59,2.09,0.29,26.85,24.001457984084954,62.78636665029066,0.0,21,137.0,0.0,1,1,0
4908d280a5447f635f74557683ce1ff52e2cba509c80fa367d1ede268267d61c,0.0324978786228236,0.8853168178998831,3,86.8,5,1592.0,0.0417462917462917,1,774.64,22.28,0.39,26.732000000000006,38.47694047404579,94.45503943944544,140.0,3,608.08,71.02885434108973,1,1,0
47a209f0bca85cf47675465c773916908a2a0454d2f6c99ef964b5a808aad367,0.0239050038527991,0.8136742626036304,3,212.9975,16,517.93,0.0670624915845273,16,984.44,85.17,0.305625,27.455625,24.902749949114806,67.13859332348164,0.0,6,4073.32,129.90107433775586,15,2,0
01189d2c22a60bddceee928b150259f6c0e9bddba95d17d99614779a8da02bda,0.0380350128575526,0.859717282019776,1,62.178,5,750.0,0.0609015920236446,1,627.2,14.12,0.324,28.234,28.527138044993706,81.17706490450435,0.0,3,310.88,234.4421987981369,4,4,0
ab6ffe781fb5e172d3d5dcf0c4b1e215f7578fb9c5b739c8a75f6ff485f1a6c8,0.0203633979987878,0.9053408491525908,6,156.22076923076924,13,191.98,0.021112085975704,8,839.48,50.12,0.4892307692307692,25.629999999999995,17.704605440327878,62.23133886875959,0.0,1,2030.88,177.53914913526245,11,3,0
778b8e69521021fad0a93bf2cc065cc78e0512f944f5b9d6513d3bc47db87b5a,0.0034383757113139,0.8146342300270527,3,298.172,15,199.62,0.0605354260446586,19,813.79,91.65,0.3313333333333333,57.956,28.32132029367133,106.82459198504242,39.0,1,4747.65,341.3205656848576,10,4,0
0c7de1058e37e38b4e3c8b0f426f67fe9ac19f2fc1bb518af8ad300732b89f34,0.0061534674789243,0.8615023187639878,2,237.702,15,355.96,0.0116094760802874,16,1115.23,82.49,0.2986666666666667,34.849333333333334,25.1329691875808,84.84151862577887,180.0,1,3578.55,149.54490967351276,7,2,0
a3eec4ac7f9e125bbd7e545701e18e74adde67ccdc7000d40f946e71efe79418,0.0411198529274142,0.8431248056956834,1,72.72714285714287,7,403.5,0.0794762404704089,2,447.75,13.96,0.24,25.51571428571429,18.968898739321805,70.1610048489094,18.0,10,509.1,146.77717891213825,7,4,0
5d13b877e3b96db2fa0d14ae8882ce45be7130a145bbbf69862be4182077a99a,0.0,0.9614147909967846,0,1.28,1,700.0,0.0,0,436.83,5.22,0.0,12.010000000000003,9.78783093469238,32.24830845225082,0.0,6,1.28,0.0,1,1,0
e8c158eaef4ef1f3487e39994f0d34d2dcc9b11e55d124e247a6fd8ec35a9d71,0.0,0.624,0,122.0,1,641.5,0.124,0,111.99,2.34,0.14,67.66,79.27041319897879,185.23408249908687,0.0,12,122.0,0.0,1,1,0
1a8da3b00c7c128a38d2b4fae8455bc97f1b24f86126ef73462df4826e077039,0.0443695092732274,0.8568147831659902,0,192.7,2,350.0,0.0513245033112582,1,174.29,7.1,0.355,95.885,26.104494944853773,175.61818951532558,0.0,26,385.4,368.04866611192,2,2,0
955928191e023f504f00c64652ce0b2d4c00ef86fb74812998b0d84a43908cbb,0.0,0.7486935638808837,2,109.0,3,400.0,0.1548392382889755,0,457.01,9.77,0.1966666666666666,73.02333333333333,33.90152358549328,145.56833963614704,0.0,5,327.0,166.64607869208612,3,2,0
3893da8be0896ba5d74255963d5718afc051fc1d1580e758a667f4859c7d8174,0.0343406593406592,0.9206154411273626,0,95.0,2,470.0,0.0,0,563.15,9.81,0.275,48.695,41.96793031338444,87.69187251680651,0.0,9,190.0,90.40936929043772,2,2,0
cc1802fd81191841a226f104ff9991af974d61b0cbc7f3fc72633c1217a00788,0.0,0.85,0,72.0,1,350.0,0.0,0,70.51,1.43,0.29,170.55,38.4024041867168,292.9020233092259,0.0,31,72.0,0.0,1,1,0
5d4ec43b716c1d53e02f049536f286c22e74da7b580c133be8a56dd7619e332a,0.0051414939124712,0.9205952612573962,0,208.74666666666667,6,758.0,0.011883251524218,3,390.86,21.58,0.4233333333333333,39.90166666666667,18.374980854428383,61.050322047537485,8.0,9,1252.46,151.86359400609606,4,4,0
35ef02787075c9fa56a63e3c636df39631250bdca58c6211c44614f9f78a15c1,0.014478724441004,0.7472576676210804,2,301.80642857142857,14,44.27,0.1514571392782718,20,915.23,90.13,0.395,20.728571428571424,16.910392517063457,48.81772906528208,0.0,1,4242.28,278.9267186900701,18,5,0
a5322caab0503c845a2fc332cc5f6f211ef77cfd2813533de347105962ecfeb8,0.0597654371467674,0.7353950494293853,0,359.184,5,844.3,0.1309640162380299,7,715.77,40.18,0.47,50.336,57.28463248353912,130.73687680474276,225.0,7,1795.92,194.77356760235853,9,3,0
60661a78dddf3b73a6a4a6c2f52fff3327599effac1717a8b90470bf15382edd,0.0257023157786516,0.8216511666439367,0,109.29333333333334,3,446.52,0.0575339973620775,1,149.81,6.28,0.2266666666666666,83.67666666666668,51.12162839719981,159.31539072346587,0.0,20,327.88,123.50138939798052,2,2,0
c502a5ea39977d37e2262e11df0e5f55cd1ae7fbcde965e58d3ddde7a7027721,0.018503441640145,0.8265642151481888,0,697.0,1,350.0,0.0395170142700329,1,143.41,10.4,0.37,116.1,20.285832709356992,99.29883306726909,0.0,10,697.0,0.0,1,1,0
e93523bd6f49d56a2e08ff2120bb6640b7a8020fbebc7c7193d9cc897559ab1c,0.0736264044406772,0.7203460776210986,0,98.02333333333333,3,375.0,0.1785939413357411,0,217.6,5.84,0.15,18.44,22.101376536853667,66.10845628184033,0.0,14,366.07,219.99708342844443,3,2,0
1cd85e8ca79e9ae38d4962bfb261591d7403c4b5b90d50043065281ac6007caf,0.0085913974337495,0.7451486903404351,16,181.46307692307693,13,348.78,0.1291432871845596,5,878.45,54.88,0.2815384615384615,51.25153846153846,37.68880218612567,118.3460553353054,90.0,1,2358.95,305.4176177318853,16,2,0
2db233ec945c3c99d8d4c88df9dcb69b5032d23a9cab80856073a8564c5cde01,0.0534559255893516,0.7760141093474426,0,265.0,1,400.0,0.0599647266313932,0,133.49,4.48,0.2,62.35,45.05807019777763,118.18640506818171,0.0,25,265.0,0.0,2,2,0
62a261c4255e59c2396ae28dfa19210dc203461dd6190e759a4ddb3da4307b52,0.0457086464059179,0.7860044059889232,1,138.33333333333334,3,750.0,0.1312098269386331,1,574.22,14.33,0.2233333333333333,63.75666666666667,65.45717809028783,158.0614687434696,0.0,5,415.0,139.44279723889528,3,2,0
3004988f27303c61af198d07807c416ee2cd4f7946af3266ac726962d6cf932f,0.0,0.9540188697621698,0,23.0,3,417.0,0.0081481481481481,2,485.31,9.65,0.5,26.38,50.73781804075028,96.63027394896746,0.0,9,69.0,57.212922552550914,2,2,0
f18b9ec8cb2fc648c0b5f022c6f4def259a56d6c174119d7fb4dd60e918bb955,0.0274968507906032,0.661532638344704,2,79.5,4,1003.0,0.2194827915148009,0,320.07,8.02,0.13,40.9875,59.6865413085964,128.36684105993396,90.0,5,348.0,55.587408755902686,3,3,0
838cb49e9ba91ffbb6256d1157179644c8b4181c444f4a70210973df40a9e0e4,0.1177521371083336,0.8557015474279819,1,100.4,4,511.3,0.0664335664335664,1,708.88,17.57,0.425,23.370000000000005,23.125678940942592,59.01321398100399,25.0,6,401.6,210.16536326009788,4,2,0
379ddeb69afb9025fc97a192d3468c0b90e8b91de28de00d222e325c5f97ea01,0.0801597409412971,0.8370600824350032,2,145.5,2,654.0,0.0,0,861.84,20.58,0.305,41.115,54.08850429251483,111.52812526998004,90.0,5,421.0,178.87454967110895,2,2,0
73a4ddc43fd3ae5a46055d5b3640ae620ce90fabcb01587910d4523c11e057b9,0.0539139386767867,0.8050837500283289,0,78.66666666666667,3,775.0,0.1030811135873217,0,958.63,20.15,0.1466666666666666,58.21333333333333,34.04840316331057,114.61137778195445,0.0,2,236.0,49.52793345071715,1,1,0
7c4378507c4ea5f03b116195962887c8c0b4114bf83c01a5df15ee88c9f09e9d,0.018383565944824,0.8217697471930382,4,259.0266666666667,12,82.61,0.0747967380468576,13,1014.37,72.33,0.415,30.175833333333333,19.165453992555424,69.14026365618837,0.0,1,3164.32,281.51774630423904,10,3,0
75e82ca91bb06e39909f51eefb1f35a1b27a57dfe2688d5ceb052fb9478d5d37,0.0172898046563066,0.7380229644009222,0,218.9725,12,322.45,0.0995053690496012,15,1102.7,78.87,0.4316666666666666,43.66333333333333,26.782688738992487,92.0434354946894,17.0,1,3497.64,213.30596288584584,10,3,0
a9bded5a615ce046d85267ede6f0990695dab7ce1aa54c3ea8c6b2d72bae2c1a,0.0937407514685348,0.8435712981562896,0,42.9,4,429.9,0.0995250938086304,1,258.31,7.88,0.5275,23.767500000000005,20.79730960709422,60.13524776864119,12.0,12,171.61,104.78486277362964,3,2,0
da25da50875857dea8311cc60bdb8cc7a748da98413e3b6a98894a885c8a256a,0.0694644794839352,0.8843788592006835,2,231.636,10,71.57,0.0062832620070573,12,1026.47,62.88,0.265,17.286,12.937866170277385,43.80107841838041,0.0,1,2438.74,155.22667528157388,13,2,0
4ece54ce562003def83016aa5651d8351f8a7b7296fbee6c931402709e6516d3,0.0114113565820705,0.9039360936787384,4,94.87,8,214.0,0.0,4,1026.47,35.08,0.32,20.09375,19.749565635647016,56.68301854567255,39.0,1,758.96,137.6780227034786,3,2,0
e9f64e74f3892548b3d40016e4e0e8370e042e93de2bffb656c17c183064e872,0.0,0.904502243811895,0,80.33333333333333,3,16.72,0.0210851790046562,3,633.78,18.35,0.2533333333333333,34.22666666666667,23.0383036451597,79.83399377924228,0.0,1,418.0,48.90585843376126,1,1,0
841b32932f7e0a4d8ce76aa0db0386665e520225cbb7f0b4e451c2c77b84dcee,0.0157549522729977,0.8142018064051687,2,157.1266666666667,15,501.0,0.0897424582305256,8,1094.76,57.8,0.2679999999999999,35.98066666666667,32.085093444054046,92.30047869182226,269.0,1,2359.87,109.05382651891595,13,3,0
c59d11c4f2eb1779222054d31dec96a38ebf6e7a4bb31d09b3ddd9b776a48228,0.0146666362080185,0.8351460659182321,1,138.62833333333333,6,445.6,0.0735799315479347,3,956.49,31.06,0.25,20.59,19.566973685395467,54.851889280641366,0.0,2,831.76,133.49204901097383,8,2,0
b3899a4e8a35fb86c65e30a4a1e0192e430d406cfec405a308acad6f380a6228,0.1005126143330986,0.7731980223783502,0,188.0,2,569.0,0.1385636221701795,1,334.06,9.0,0.5700000000000001,49.82000000000001,83.0260041732694,193.7814614904692,119.0,12,376.0,81.86049470133067,2,2,0
9778d01d01cd4c3809f26ba4db942f729f9ec57224a09309728569518f47fdb8,0.0606332630514893,0.8124557384131023,5,140.66727272727277,11,705.8,0.0706007124202481,3,624.95,32.43,0.2354545454545454,27.86545454545455,24.50782689365191,67.65495067281408,93.0,5,1547.29,298.69759758513385,4,2,0
d0a9233cb93116fe9c54d2e5fe6b5c804d1685ae43f85d2a6bdab9bfd42ed696,0.0237721313143666,0.7284537165825674,8,211.78521739130431,23,751.44,0.1736682372791896,17,1005.1,97.88,0.3843478260869565,31.923913043478265,44.73057070413853,95.8563940365902,29.0,1,4892.37,294.8819180355696,33,3,0
459d675c282420817bf8caf111b9c5ba66d24801300329abd617418d25579ede,0.1065968072983125,0.6056541794800112,0,177.26,2,473.0,0.2564404528934861,1,500.38,11.38,0.235,111.155,54.79000228048499,215.98674625793169,12.0,5,354.52,122.03509755590154,2,2,0
7dbae79f9a043e546c00e6bfa785ddac89c3d769678089fc9a351e547505e8d8,0.0,0.973941368078176,0,38.95,1,400.0,0.0,0,546.28,7.87,0.17,0.2700000000000102,0.0815597746114728,0.808852626344145,0.0,15,38.95,0.0,1,1,0
77407f4004649ec7a029d1a6d09732a138179433f4a1d0c83921b09a386b1ebf,0.0,0.8480272182844911,0,272.38,4,400.0,0.0216983064367295,4,550.92,24.5,0.4024999999999999,27.0225,38.809949226863424,87.34661372647031,0.0,11,1089.52,78.75555500863217,6,3,0
c16de166b2a571b5b74ee80627d646e7854399f1e556a6b6bb05a1b9a6073909,0.100502512562814,0.7254901960784313,0,18.0,1,325.0,0.2156862745098039,0,53.87,0.72,0.08,120.71,77.89792897020125,254.3033203098192,0.0,16,18.0,0.0,2,2,0
6bf154bc32fd061ab2e15aab4ec44680ca88e4f9011aa79e5c208738ff2139e1,0.0301762812042415,0.657856295337353,2,108.7825,8,840.0,0.2135174630214572,2,603.12,23.11,0.1525,44.48875,29.720526787583665,96.2386923971194,0.0,5,920.27,196.92157908084388,9,4,0
9f054393e71e78a4a178e58602874bd02f1c283bc6120d20761dee8b233b1549,0.0501856870420554,0.7664442808993557,0,141.26000000000002,2,750.0,0.1200963138359144,0,679.24,14.13,0.19,89.61,27.340632076588427,139.8175076262969,0.0,3,331.86,80.00913252486,3,2,0
0675854ca400745b988c194bc77f74d64efd3b22d3f9cdb994c337c08352f4ad,0.0315970010144631,0.848741581499426,0,92.5788888888889,9,760.38,0.0364425627515865,3,490.26,19.02,0.1777777777777777,32.81333333333333,28.28654976031037,88.78292086325412,204.0,19,843.21,321.88474969927233,7,2,0
897affbc6da5dad896e13082e39ac4e1eb45d13349ea35921509be1ef5566eab,0.077667181150766,0.80963327094765,1,179.06571428571428,7,572.0,0.0670018442684945,4,512.71,27.8,0.2771428571428571,37.49714285714286,45.73368376918612,114.00272456954016,122.0,7,1415.07,215.46779601826867,8,2,0
38b19b2bac2de33b833fba59d3074ab90989728de9179225d6d3f1b068e43d3c,0.033463842318375,0.7980051440093767,0,76.63333333333333,3,400.0,0.095470230392813,0,186.51,4.66,0.1,78.31666666666666,31.061277447518844,133.98866623107648,0.0,15,229.92,244.0973045710884,1,1,0
d595053b29921cf4f1b71433c6d8be8546e174e09eac67de50cd58c282e7758f,0.0217599442945426,0.8584752608498071,1,77.62,4,422.0,0.0384386358363622,0,166.29,5.27,0.19,49.0675,55.48101054423301,164.386658711311,0.0,14,310.48,105.68040040188504,3,2,0
4538118515b2fba726cdc8bf4b2b7666ba9c7cd6ff185eca2712dfad828cef1f,0.0408678086156836,0.8746612101815323,0,152.7,5,475.0,0.0238756555623919,4,608.5,23.46,0.236,38.492,27.004533497586653,84.63134114929697,100.0,3,841.5,191.7930610087197,4,4,0
8d12bb77d8522296f23bd66edb952027f847b78c208273f97bdfb86601cd8abd,0.0539056156828392,0.8046220403953659,1,146.2,4,407.0,0.0885264524858433,3,458.73,16.37,0.2225,21.5975,23.83076806577975,58.45625083886003,7.0,9,584.8,274.2787961350944,3,3,0
4b27cfd12e53f2f0e10cbb72374a6bf3a7368d405b2358f3f7c255fcef9b6da3,0.1902587519025875,0.9095022624434388,0,41.8,1,405.35,0.0,0,220.58,2.62,0.14,71.72,37.5273673196589,163.3737427056344,0.0,15,41.8,0.0,1,1,0
1851af45d1b4e4e64c5bd8cf09288a7176fbc0b8d39e8f7eabdfd73767808705,0.0292721897217138,0.7784203702939488,3,311.3005882352941,17,255.13,0.0718890602317486,21,1037.06,106.72,0.3011764705882353,37.704117647058816,35.287788662813625,96.12046027378362,10.0,1,5346.11,186.67040291642883,26,2,0
232de5581968c797702df03f383d9dff54ad2bafc06dc35a6f3e81c2c47e9f99,0.0,0.9196154398048502,1,47.5,2,384.8,0.0,0,228.57,3.74,0.135,18.7,8.785633188160592,34.90807653658398,0.0,17,95.01,1.27623168273119,1,1,0
131888dc7849bbfca781f6f97661d96a698b98aabd1c6bfbc9202e8ac05fb346,0.0,0.5669739952718676,1,283.2,2,169.95,0.2623404255319148,3,423.45,15.68,0.645,18.50499999999999,22.734388248980416,63.13014262103924,0.0,3,566.4,23.84225715948645,1,1,0
cc8fe4052f58c668dfa5e1bbf0e7ac5f398c662d916de9e5efd2414042175b01,0.0587864801328442,0.7806527229156375,0,158.66666666666666,3,466.6,0.1151992831698308,2,841.74,22.63,0.3999999999999999,41.27666666666666,37.81662570963534,96.66143092348428,36.0,1,476.0,23.05861534840598,3,3,0
412c64c18afc10a8473447eb15461773124d03f5340ca4d8cd70a221264cab10,0.1051206115095744,0.8202759788339915,0,117.094,5,1099.0,0.060758463043688,0,470.77,13.68,0.154,43.68,33.691698618328026,88.66847086521304,102.0,10,748.25,149.7191977216973,4,3,0
4bdbaf6057ff5018808713b1ca6d05e4e11059497768eda7c4dd1b7cb57c80f5,0.0206887221462883,0.8604732112511156,2,68.09714285714286,14,930.28,0.0152197164779119,6,887.0,35.62,0.2557142857142857,18.632142857142863,17.849535853606103,50.485714996400375,230.0,1,961.38,106.2658195104566,6,3,0
6da997256c890cc2fa97ff3e852ac0cea3b6f11e97d032538bf2eeae894bba7c,0.1039011495166581,0.7796006723107137,4,190.88,5,495.48,0.1161921428464203,5,968.11,41.64,0.354,23.512,16.562576573110317,54.76722463418871,0.0,2,1411.16,150.5840784971862,11,4,0
316eaf71d187436b56b814e63c876d7462ceffe231c183c0575757ba7360b54c,0.0,0.8526912181303116,0,115.0,1,325.0,0.0,0,78.78,1.94,0.06,19.19999999999999,21.91023346508601,68.08873624586165,0.0,31,115.0,0.0,1,1,0
a664bd2e94eb185517b6b03bbeb488c317659576fcf4a2f46ebd91a6a7328edd,0.0434820419166883,0.8743170192978378,1,142.5,2,528.5,0.0751811594202898,1,462.92,10.43,0.625,56.77,80.25599325584301,186.06379818752447,141.0,1,285.0,67.13545037750328,2,2,0
7ce4c4c1a79ca74767c15ab9e06e8b17c8436856bb8c305cd746eeff7c2785b6,0.025160112320548,0.8340395844746683,7,123.4875,12,476.92,0.0548642477625686,3,874.78,38.52,0.2241666666666666,30.550000000000008,23.087401248431817,71.42105567814227,70.0,1,1481.84,209.65143229525884,5,3,0
a08709d4b22f17d98cf01fc226bedf5927a0301b7d47f1745a6a4842e03113c4,0.0154130702836003,0.8522349364477139,6,136.92000000000002,10,34.22,0.0734073178623327,2,1020.16,39.61,0.45,32.416,27.61366945660863,87.47547344053436,0.0,1,1428.2,218.4117987652557,11,3,0
1fd09dc99b30ac9b35e6a27bdd33a527ebf17848c2f8f7fef0394659009db9d4,0.0,0.8512110726643599,0,44.0,1,325.0,0.0346020761245674,0,73.9,1.18,0.1,152.74,42.55543968302199,270.8696762271669,0.0,20,44.0,0.0,1,1,0
1c1cfd1745cb6066cd5f80cf2de69711b7a6a489abb3f7b8307a75e8af0ea657,0.0,0.9427609427609428,0,32.3,1,350.0,0.0437710437710437,0,119.0,1.51,0.5,13.340000000000003,24.299192565493367,62.81602207271612,0.0,17,32.3,0.0,1,1,0
7fc24f116e2116f37e39bc6053d7b3f6bd02e59840d512253081e710338fc508,0.0253852207244942,0.880222510466162,0,95.58333333333331,3,402.0,0.0430403959511228,1,152.9,5.9,0.5633333333333334,62.45666666666667,46.939922136823306,145.56535336429206,52.0,14,286.75,148.14056562557187,3,2,0
fd737ccd2ca1688cabdec0898f3cc474838fea55eb7f176a115ca79918f49a28,0.0065257113025319,0.9183802741054964,1,156.00500000000002,4,842.4,0.0468899285214085,1,364.9,12.42,0.2575,25.3675,18.495752856228226,57.64636430934093,8.0,7,624.03,131.3029365830791,2,2,0
edec5eca2777e661cd6fc633f4811494fc1d7c0a205afed108d9a5146c9792d2,0.0,0.7866972744158423,2,240.46,2,321.66,0.0736398281152652,1,928.8,24.36,0.3349999999999999,106.42,39.54648333137981,211.9318219912206,0.0,1,480.92,458.7886328471774,2,2,0
3a9c57f401b8a2ac258d2f21658ec3b6d414c6358b7e0e1274fcee6515f019fd,0.0374641615009214,0.8550127824152318,7,280.446,10,878.2,0.0233321707439819,10,512.87,53.68,0.285,21.695000000000004,29.741551638764207,72.43342231224845,217.0,6,2853.46,249.3139444024344,10,4,0
58e0f83a8f0551621016349203d6dc2dc2af5de41a35587164b0426c52a0db45,0.0138962230065868,0.7694957530242519,0,637.0,2,400.0,0.0552794177229842,4,413.89,23.62,0.575,45.795,36.86767196884793,98.5385299248519,0.0,6,1274.0,202.1128494408219,4,3,0
18288b8d69b59ccfdefb112003f9fc4d24ae7a0d2ca836b86218c51ca838f192,0.0201005025125628,0.9109794171167388,2,194.31,5,55.18,0.0194541690193864,4,854.27,32.46,0.4679999999999999,27.156,30.722773659055964,81.55497252822961,0.0,1,1027.55,102.12763721682006,6,3,0
ceb51f809f4f35bd0b265d93c511604e96920509df1826ae39c8cd3381a324f7,0.0449054739772778,0.823076923076923,0,126.0,1,325.0,0.0676923076923076,0,142.11,2.68,0.17,13.86,15.718667018972562,38.957193217348994,0.0,8,126.0,0.0,2,2,0
0d9a44be3502fa915d4cd90a347169ad0366c8812456f60719ce26ce18ae6850,0.0330805836471663,0.8968001288726585,2,115.62125,8,852.25,0.0105536686323818,2,1004.77,35.18,0.3725,21.15625,24.42656485324542,61.474881542230406,0.0,2,1172.96,304.89551464601044,3,3,0
f7cc4da80f9cfe6776ca09e5f25dc8a572e94d9978b0c6c079cb58000ab24af3,0.0626788546958571,0.7305908678878413,4,114.16666666666669,6,864.46,0.1842829046807204,1,1113.34,33.98,0.3433333333333333,41.86833333333333,37.71158319371193,97.99062411554728,193.0,2,881.6,83.14482873726419,8,2,0
fc4afa30dfbb6114b9f405f89d4c0f264dee18679e0181a045b9f1bfaa533004,0.0,0.8675282714054927,0,105.04,1,425.0,0.0710823909531502,0,225.99,3.91,0.13,67.25,34.75423127542993,126.45151045543804,0.0,18,165.04,0.0,1,1,0
a78b7232a304853b25371f106a70fce43798371334a6200f7f3b29344e2222f9,0.0259851981718945,0.6885755545646524,6,290.21,9,150.59,0.1726059406912508,9,781.72,56.49,0.2611111111111111,71.93555555555557,55.54435807723419,154.09367936052632,0.0,1,2611.85,199.6985057751552,9,2,0
6fd73572d5bbd4642ce08a3171f7fab20f10760d9bffea8c52c1e3a75e3c94dc,0.0707164430577376,0.7166029089460051,0,150.3,2,732.0,0.1123012552301254,1,367.45,8.73,0.28,50.77499999999999,58.61056067049784,138.04680152566053,32.0,4,300.6,256.9235138387021,3,3,0
8a4a7982b57bd63fbad93e763274e2ea353b75de5f0ace2455a1a85cf50d4e69,0.0683590536433683,0.8200056111600341,3,263.0,3,608.0,0.040244053269398,2,474.54,18.72,0.3933333333333333,51.47333333333333,25.53574341074677,86.20195141040352,48.0,9,847.0,120.37873092548313,3,2,0
d7d4547207072f674a1a0d29b276e7ca06a4e2871292a8adf427852598d8b124,0.0095885459449706,0.825708234296422,1,138.8109090909091,11,462.8,0.0802274784678726,6,544.83,32.22,0.3263636363636363,37.154545454545456,41.63602277454154,105.51847202151758,8.0,10,1526.93,111.0612203186197,8,3,0
9c35d9ae03d336609f7ecb56f6814816a14bd753cd466a9f308b521f62bad1c1,0.0135172129687477,0.7812111061854667,0,175.82125,8,574.33,0.0926603577362168,6,743.69,38.22,0.42625,44.90375,34.06362373110443,127.18545551548928,40.0,5,1629.94,197.50180267461428,7,3,0
2f3277c16dd917e84ebc62ae7b92915d84cec8a873bc6ae72e4e5bc0d8e8f7c9,0.1121187845306966,0.7850752874322316,0,72.25,4,415.0,0.1317308477436071,0,146.29,4.35,0.26,27.565000000000005,53.16293516143456,98.4150819312442,0.0,26,289.0,167.54121213797404,2,2,0
e7a09c3f5bf5c73d0af03819edea0bc07ad287f4a2b9d47222baa884d90785c5,0.0363113091399812,0.7694862045750201,0,206.04722222222225,18,368.97,0.1072040982829733,23,1032.92,102.05,0.3316666666666666,41.51611111111111,28.943705434149688,99.0966752057231,33.0,1,4789.39,293.6810909377483,18,2,0
50cd0bd3ded94f9c3cb1d183532e3e04647e92a91ab4813ebad6e87f7c6fbd08,0.0,0.8848039215686274,0,114.0,1,325.0,0.0539215686274509,0,51.21,1.65,0.24,151.15,89.13374034338095,273.8036157610801,0.0,19,114.0,0.0,3,2,0
39659dc8e7500b78784f1645f069e5a06546dbc80382b9706347fe94bd5419c7,0.0337427453097584,0.9298949348973256,0,59.32,4,725.0,0.0200617283950617,0,485.98,8.35,0.4525,35.38,21.507237011093423,76.82571887084254,0.0,2,237.29,69.24712654364224,2,2,0
e7da32a24be9b64709ab53a32c3a194ea7728addf37f26c03926903cebe5e2e6,0.0214769111573232,0.6215940816631897,1,176.86285714285714,7,551.68,0.2058488333709642,4,556.48,26.62,0.36,47.28285714285715,56.38073384666803,125.08391652584938,0.0,8,1238.04,82.6678096049999,7,3,0
829ac84b16d31861f28585835b1d0dd1e8bd4ff0fb9c621b45bc04aa778b4994,0.0675323019190123,0.7279967217787913,0,108.5,2,412.25,0.2258035205245153,1,246.3,6.16,0.38,17.76500000000001,29.419773921956,59.93696445324245,0.0,16,217.0,195.6871213460431,2,2,0
e7e4f85e6577aaf9c34a8244e00ffac1fb2720232d5c7e9b1cb4785c212a4b70,0.1027564212605299,0.7227915043782127,0,478.7125,4,519.81,0.1076240983844224,6,521.14,35.01,0.4075,64.19,51.19991160714845,157.80046378832014,6.0,10,1914.85,166.80536486818258,8,3,0
94aea233cd28ad3c0aab3abb08398fdd16165fa3aed19a90082b2cf9e1640a60,0.0200863713970071,0.8524093076502597,2,51.36,5,725.0,0.0701052730963508,0,329.09,7.24,0.208,26.551999999999992,23.71518833400648,64.72793381816003,0.0,9,256.8,118.90115883862458,3,3,0
27112b8062bc743605d46075e2b57149514e78cc0b60a0abf787860a93c603cd,0.0085308218593779,0.8105699675911283,1,125.17333333333332,6,948.02,0.0658829883393083,1,675.03,20.21,0.2283333333333333,55.09,34.16140040000068,118.85217291643104,36.0,3,751.04,198.0188568737593,3,3,0
57f9c1ce4a4c3fbfc376805f3e1d2276c591df6cc1757c9cffbc9b489d0ac1a5,0.1018842850714824,0.6808300111715152,0,84.0,6,528.16,0.200395256345535,1,237.47,8.91,0.34,45.135,55.22773850077286,139.05713815437642,60.0,15,504.0,166.08840825008326,13,4,0
9b877e0400e50a52c5b9fff570c0bfa5d003978880f4d0d05477c342b2de3a6b,0.0,0.9468147472642,0,52.0,2,518.13,0.0,1,256.9,5.18,0.275,10.035,11.767646086515017,31.086218524678763,0.0,14,104.0,343.22912379749806,2,2,0
980d2a951bc2ed0b62daa8adad5c91c64a9e67ccec4b73abc06c7a565767df09,0.0246799694988657,0.8416516131085078,2,247.37578947368425,19,163.07,0.0643737436744512,20,1044.81,101.12,0.3557894736842105,27.78315789473685,26.49216164950992,76.50144743986228,0.0,1,5017.14,189.4977963911512,14,4,0
2250a84f47398492fc5c9b2e01bb3a244b891589fc7b6b633ef3f491d2b27c2c,0.0429259573821833,0.6622149189862009,0,318.52833333333336,12,509.99,0.2024640066380001,18,751.89,79.67,0.32,54.79416666666666,69.42185713395492,156.54232655027283,191.0,1,3954.8,289.7284479048172,24,6,0
837ffa37568182b4c7c52d9b23e24a53fc105f954c61864eb23d515673ab54fc,0.0843080776692896,0.8425252239776806,1,73.66666666666667,3,375.0,0.0155120907512817,1,248.8,8.34,0.2166666666666666,59.6,17.545548880372987,99.02631495722146,0.0,12,413.0,384.2013427737999,2,2,0
88a655238986a06fcc755fdea21bce6efa9d49a65ad8a144f0985e9e8c115eb3,0.0,0.8894283343405132,5,215.496875,16,3.6,0.022123607580359,16,1068.99,82.11,0.47375,30.07625,17.7006447957027,69.12432060678563,0.0,1,3455.88,206.17884073394163,13,4,0
0cedec6d15e9768ccdfef127f3593729fd9647283262c9e78b2f023f5562ed4d,0.0486407398111115,0.8295006913900641,7,163.18400000000003,10,205.47,0.0807564907850673,7,774.11,43.6,0.198,17.058000000000003,17.835794891693276,46.590557418136335,69.0,1,1641.82,336.50167244508407,5,2,0
dd3b8f03a97c3e301d10a7d167b0ab2b928b97003c02b63fe47661006c4c262c,0.0721610790945934,0.7826013594223442,1,111.9175,4,495.0,0.0991488066940116,0,219.38,7.67,0.1525,75.3375,29.17636032661029,132.21508515937475,70.0,23,447.67,121.01671738147208,6,2,0
9ce11d7bbf093fd76e9ea26d976c9a4770bc7bdf9ed4cce9e35e5e35e9b02d69,0.0257163477702137,0.8671483750152249,0,178.35,4,967.89,0.0417117554498394,2,494.3,16.32,0.38,79.4425,48.062074120062846,178.81223471261,85.0,4,713.4,93.51561667334953,5,3,0
89686b4b49b2af7daa92aefb34d7abbcc711133293b001995ac872daeddf9003,0.0,0.8805031446540881,0,22.0,1,375.0,0.0283018867924528,0,135.71,1.58,0.05,31.65,66.80427893817847,123.96677097529512,0.0,22,22.0,0.0,1,1,0
fcac5ff824003162fdd7b8fb302bac0ca55727d5547c23a83b6b065550353338,0.0215461518572782,0.6933921046152727,0,228.95,4,439.0,0.183128367009068,3,421.16,19.52,0.3475,29.5225,44.38240536781036,91.43744171818123,0.0,10,1028.21,101.17860168125492,4,4,0
9a969e15b981cefa0c54c223f30e7a76bfa83da46f694dfc185c6496a70f07fa,0.0628344955841577,0.8176770886023937,2,96.2790909090909,11,852.43,0.0479863794954156,2,561.61,23.16,0.2054545454545454,48.51818181818181,46.12950289515559,121.35761020206404,240.0,2,1129.2,131.77494017844057,7,3,0
40d0b3b63fbb0cb0fd58650b978973b75bb2a45fd88726374c2be5ba9ab43906,0.0355871886120996,0.7261648864536483,3,73.816,5,635.2,0.1720730955954494,1,338.38,10.5,0.25,21.334,17.428115935249217,53.51276637222293,90.0,14,369.1,294.1976414437488,1,1,0
b9a55ea22d54898134f6c8a283cd6c9261ac6fd0d142b3dc04ebc3ab16113a95,0.0110861721128338,0.8712847531524356,3,68.57090909090908,11,795.0,0.0358685486339807,1,444.77,15.37,0.2354545454545454,44.90909090909091,39.59622033761742,108.9674014315077,146.0,11,754.34,57.28683258475922,11,2,0
ea7a166ce5e74637cd8bceb899798ea9bea2c998ff6a621429d9afbf37bdeecd,0.0,0.87202324617392,1,47.153333333333336,3,375.0,0.0474353270337093,0,222.08,4.24,0.2533333333333333,35.926666666666655,39.85696741007441,115.63642024010124,0.0,19,151.46,127.3994616804802,4,3,0
a892d257762dae0804bf827c5cd88c564895c5fb30b2d98f890a4d5b6a56c69d,0.1005126143330981,0.8141820487529942,0,83.0,2,971.8,0.135258358662614,0,627.2,12.32,0.52,28.235000000000007,43.53325497374267,106.54610246606256,0.0,3,280.93,31.80842164893331,2,2,0
c0291fec112272878a474b18e20ed209a71db84df0130400dd6ebfdb6941a717,0.0,0.9244933185551134,1,61.625,4,396.0,0.0300513064186761,1,527.25,11.47,0.3875,34.5825,20.90028985780082,83.1529508735153,21.0,17,246.5,111.65029213524312,3,3,0
aebc24cafd5f0e35b1d500965599b1c6f3a4e0608d1fe79af5d12629b9184dd5,0.0207988851797544,0.7284613396090188,0,192.8571428571429,7,861.34,0.1091593559599759,5,477.36,26.79,0.2485714285714285,15.930000000000003,34.868001525362175,77.48124307774677,243.0,8,1350.0,295.6504360564533,13,2,0
caf416e2fed6b8c76a800fd050b787ce5194572ae1a3243760bbaec19f7ffcf3,0.0,0.8778911690074139,3,207.404,5,409.58,0.0322849656248549,3,557.1,24.97,0.314,45.620000000000005,16.904968941519268,84.42518534043943,0.0,3,1121.02,183.67079680158025,6,4,0
afbefc4796ef00687c2e5d8685296a22abde5da4ffcde0a39931e4fc57c12f65,0.0350100570006091,0.8559238158649007,0,170.5,4,525.0,0.021259842519685,3,472.31,17.04,0.36,33.8175,31.87537394275437,82.86432223099104,0.0,7,682.0,325.20133866049486,4,2,0
b9d75f59ce6bda06a3abb57e88904736beed28478cd15886fd7b3e4743c9b18b,0.1229879332004507,0.6880396564869102,0,96.78,5,1008.15,0.1828137663666528,2,793.19,21.5,0.244,23.212000000000003,47.34209178086012,103.26570018252744,102.0,3,483.9,201.68764289883256,6,2,0
020901f7095bc62e5eee9a015441b8bb1cd6bae9eaba8d4d2f18c211d23351a3,0.0041463151697086,0.8860054168659985,3,59.33857142857144,7,932.4,0.0414404418752576,1,894.72,23.35,0.1857142857142857,25.527142857142856,22.48575357305721,66.9919488638814,0.0,1,415.37,171.28457997805364,8,2,0
bd5c9e94c505d3bcde3bf2241b7eaceec534618b9b157c36fde034878fe4499a,0.0,0.852571306013207,0,38.25333333333333,3,725.0,0.0735353645200852,0,206.6,3.21,0.0866666666666666,36.23,26.539081860539994,77.02200090545267,0.0,10,114.76,122.73935159981424,1,1,0
4eeab0dd7b008b6458a483329da95ccd10144b0db5fae216514fd737384815fd,0.0217893406545517,0.9084251846695286,0,117.525,2,509.6,0.0,0,546.43,9.84,0.145,31.64,27.411072623908808,84.089215267122,0.0,5,235.06,311.9622978824983,1,1,0
4907fa4e463f4c22a0bcdec3287641571e29103912189473a78c361ace0e0075,0.1411953714594996,0.7416345892386327,2,102.955,4,473.6,0.1463031185363751,1,791.46,20.43,0.2024999999999999,36.4975,37.14478039237373,91.75464476890284,0.0,4,431.82,342.7851673183768,5,2,0
1557181dd36091dde2f896c1ffd2b8793095ca4410cd48d17f18337ecb3083a2,0.0731047591198186,0.6327044025157232,0,307.0,1,325.0,0.1886792452830188,1,86.51,5.44,0.32,88.29,58.06717929611949,162.24240439674978,0.0,19,307.0,0.0,1,1,0
f2649e10c1b7dfc1b8458d5b994bda58c7e486f3eabf9b6272ceb6b2f4796690,0.0224517287831163,0.813730513198659,4,96.6075,4,400.0,0.0704984592525106,2,636.42,18.6,0.2425,72.13000000000001,25.048947399087755,147.1124334888326,0.0,4,386.43,237.8235082370224,5,2,0
142657a7a83180e70e23b6b83c24cad3b95195555b6cf97b59a978d922d0c439,0.0,0.8270726870750581,1,129.0,4,373.8,0.0707421475292828,3,1101.19,32.67,0.2725,19.2875,25.38420975386935,58.322467342801865,24.0,1,531.0,75.6535366301977,3,2,0
dc0c714c67fb02ac2fbd01cf4b3aef33c60284fc27fbdd8ee8802335fb0472fa,0.0672515351824455,0.6968448916615545,2,56.759,10,659.0,0.1841772425082465,2,434.58,14.86,0.184,40.019000000000005,45.30621376763977,116.58174112948412,0.0,6,567.59,203.71276153423872,9,4,0
6f1380c57f5b7146127490947820bd40e967ccdf6b1a68c90a00691de53baeb7,0.0557423685985552,0.8297379060757252,1,168.965,12,555.45,0.0439895497980639,10,776.44,56.55,0.2883333333333333,40.275,23.699586938606966,83.51104770781292,0.0,2,2730.56,215.83360966873025,14,3,0
106955a291680566c368213cdcc400d7d384b09372e4ab45159c3a2a09bd9f77,0.0177708274097241,0.8231827832873089,4,202.7425,4,268.74,0.0757982950440687,3,842.0,29.49,0.2675,72.9525,24.594585284412503,130.1238727649695,89.0,1,810.97,126.0499244173082,3,2,0
8698c96515afe91208f7b1e25ac6383e226e117173e487cb44398a9acf31eb2a,0.0719683339330695,0.6097560975609756,0,240.0,1,375.0,0.2195121951219512,0,427.86,7.48,0.45,48.43000000000001,32.075188292100954,109.52540453639706,0.0,10,240.0,0.0,2,2,0
0a048450b19fa484371320fe6f709cffb473f6f5f48740b07841571694d85d93,0.0081132611253093,0.7523372859766115,1,157.8622222222222,9,733.65,0.1575674131662448,3,900.55,36.05,0.2577777777777778,55.38777777777777,27.61387847574773,111.27692140390008,140.0,5,1420.76,234.9466537857681,5,3,0
55da6509b49bb45a8520cb6e17e34d31e70de0b7bced3cc5da775559ecd94f35,0.0,0.6544105214573936,0,164.5,2,675.0,0.2073696813493641,0,97.89,4.27,0.33,77.64,17.92056513765676,117.56052141277164,0.0,20,329.0,168.8659362037,1,1,0
9b5bfb56ab110bc29e57736bea41cd8edc9402a58b218a8435c9555d8d49eb88,0.0935979034069637,0.7580174927113703,1,24.0,1,737.0,0.1224489795918367,0,106.14,1.8,0.06,11.009999999999998,27.212229236251783,40.57416510084222,0.0,18,24.0,0.0,1,1,0
6533ac292f7a5f0fd84b992af483ccb82a0a43365f8c604b7b2968c90845220e,0.0,0.7640748950264302,1,197.28333333333333,6,566.32,0.0952840550835735,5,999.44,39.73,0.3716666666666666,29.666666666666668,43.92150384115286,95.31689393317475,83.0,2,1291.7,156.0330915716832,6,4,0
101a9069bb1394430b39716ae482aefe4925e324bb3ffe3074f88f9b75c1140a,0.0532961560268922,0.808956722434908,0,167.6325,4,476.0,0.0798767337761404,2,189.58,11.6,0.295,66.11,56.664455136537775,134.34408532406297,101.0,15,670.53,116.96636152290428,5,2,0
30cb2534b9e31e068805f466611a42cc598f2df33c594deb2fc00bd3545efcd2,0.0,0.8379838190677578,0,73.625,2,350.0,0.0684931506849315,0,113.6,2.61,0.25,25.605,29.0030319992415,57.58098933973332,0.0,13,147.25,66.05593656708108,4,2,0
1db790f96397ee2d890f586a574b22788ff6d966fa59a07c2bc98117b1eff92b,0.0,0.9195359185453054,2,50.86,2,375.0,0.0223577235772357,0,362.88,5.67,0.27,17.375000000000007,26.810469431239994,62.94387858735358,0.0,9,101.71,14.084838673382386,1,1,0
d66f8b63b6ca040c45a1c80f1d84b67cec05e6677f0cd5d8c739410e4aad2aec,0.0439838735068561,0.9254095313858344,8,166.18416666666667,12,99.8,0.0293469342329233,6,1037.22,52.38,0.6175,28.38166666666666,20.905629799517914,69.53376562845712,0.0,1,2012.27,117.8718830246629,13,3,0
7c2d2fe4b12f8dfe489e97c44e9acaa27072469ceab558dff63be9567509456c,0.0,0.8615370383001661,0,142.55625,8,401.0,0.0584523280931233,6,565.03,28.36,0.465,18.138750000000005,19.05134947783728,48.8717318394457,1.0,6,1140.45,228.49265105258,8,4,0
a1e19c0b865d5ce551e11ff7090837d3e0c1b1bcbc7f3e65c019f1ae26ad4b6a,0.0762459791579311,0.8671272464531506,2,81.92999999999999,7,749.28,0.0554400846038927,1,900.72,24.58,0.2757142857142857,25.661428571428576,26.36443668999276,74.75367132467089,89.0,2,573.46,214.57356230087825,1,1,0
2c852cbb64e35962b1a2e9728916b14d4242e7ee029a66e59f52d6442e7c3d1d,0.0,0.9785522788203752,0,104.0,1,480.19,0.0,0,148.68,2.53,0.5,33.81999999999999,40.66389673178541,105.85421629799758,70.0,19,104.0,0.0,1,1,0
8a8af77699583e0eee10b16f10a4be5cd55f8c044196534d9d7087d760e55045,0.0479603196008268,0.7989601299362735,1,189.4283333333333,6,166.28,0.0702151096769116,5,876.06,35.1,0.29,32.355000000000004,46.9000680848796,105.89328839235796,12.0,1,1136.58,199.8674888188276,9,3,0
baac626c76b246b3ef9938c93411799675dfcf7e60b5ab9804c5466a0559ddd0,0.0344629421280251,0.7639965921741124,3,195.64125,8,687.17,0.1352342097145652,3,574.74,29.85,0.22375,42.5675,49.33130167490712,118.6524023015187,9.0,5,1565.14,313.1109266860413,8,3,0
3b144fbff78e73d312dbae3c3c8e19c104d12b4858a0149984160f4cb4193a4f,0.0366039060833313,0.886687796460543,2,342.94454545454545,11,775.57,0.0269875245112849,11,786.46,68.71,0.5563636363636364,58.78727272727272,47.46052345475791,132.40307350771988,225.0,1,3772.35,161.68269687988857,8,4,0
dded0379657b10409e5aca71dd15ee1f1219e4e32ed22da6b07d7960f90344dc,0.0,0.8072109093285769,3,121.2025,4,300.0,0.0494580689394143,1,784.25,22.28,0.3725,43.24250000000001,25.342381996973035,98.77072663406048,0.0,1,484.82,132.04609740702054,1,1,0
1a82d137fe9214c21445d7d030db104bfb846576c25ff7f46bfae962a4f03bdd,0.0220531480868893,0.905299478708289,0,66.94666666666667,3,418.4,0.003062787136294,1,123.69,4.25,0.1033333333333333,23.063333333333336,24.43603723559363,67.35542481213153,36.0,18,200.82,270.4264282249674,6,2,0
b6b2f38fcad62ad06db1b04d051759c035428870a80512cf965162e490b4226b,0.0488656420421642,0.8407817392673129,0,64.82249999999999,4,912.0,0.0404919735302447,1,533.02,11.39,0.1875,39.995,63.07780452997618,137.7698188684158,129.0,2,273.3,161.06210202967617,2,2,0
e76d3d33260975f15daf3f4be20be28b0582809048e68064b170ae9ecb6705ff,0.013955955006001,0.7887617428149305,0,303.0,2,369.76,0.0610269213614695,2,170.59,10.77,0.4,37.71,25.178223432209634,70.28150436478028,0.0,16,606.0,364.4296020454456,1,1,0
f89973a22a68f65825ec385000a26e372f81bb6c7417ef87d9f9b5d574e774a5,0.0369494531480933,0.8232201063647281,0,135.5,2,725.0,0.0651827071538857,1,236.37,6.57,0.49,25.945000000000007,47.5852168145431,78.39711341263363,0.0,13,271.0,39.98564265029867,3,2,0
27c89c524f9d5d6c58219fbecdb78c76a35fc2ee9b195cdb26f11c93609945eb,0.0455710597389217,0.8014528821406751,2,154.57333333333335,3,559.41,0.059600614439324,2,551.63,16.39,0.2533333333333333,72.90333333333335,32.98878135134918,133.1115064910743,95.0,4,477.18,228.7913609416057,4,4,0
24ee103398492d239545b657645bc3703957ff04a3644fc044235ee2a1c9e78b,0.0831655352082838,0.7849820860874291,2,68.17285714285714,7,907.0,0.084888219115525,1,929.7,24.84,0.2342857142857143,18.937142857142856,39.23884869212242,78.9272428445208,233.0,2,477.21,143.1983552366708,5,2,0
adfa93f7b2593eb05e282e50c7506b2da36652dc5c796e5a432734876ca6a41e,0.0302999963364917,0.8522387773040011,0,153.6,5,567.93,0.0495544688526303,4,300.21,17.04,0.2,34.09400000000001,18.373477310308537,70.73297095200317,75.0,16,778.0,179.5392371528877,9,2,0
d4f2021a09933c591a2e454fe499e14b582b16f769c56a4ccf46af0ff3583723,0.0467989517034818,0.657103825136612,0,193.0,1,400.0,0.2185792349726776,0,232.61,4.26,0.18,37.31,58.04049688057281,122.61104931157251,0.0,28,193.0,0.0,1,1,0
5b84f8a695a9449a628eecd4963fad70a18f8ba68e77b48db07ffb883e64251f,0.013676179819659,0.7170125851281783,1,506.54,7,92.08,0.1133457758336553,12,723.96,65.95,0.4571428571428572,18.562857142857148,26.757450480477694,66.04641118460987,0.0,1,3551.81,262.2362147097088,9,3,0
f4923e6cb2ad4119e63b98439d188bbc87631a227edc873b79d7795135436baf,0.0,0.7772151898734178,1,85.0,1,375.0,0.0886075949367088,0,374.99,5.68,0.74,36.040000000000006,61.02937806331949,146.44865484905134,0.0,7,85.0,0.0,2,2,0
83266bfe821a4bf62a5badd250992cd32f714afe8c751b849761cabd6b472a6d,0.1068998853600142,0.707731490227729,2,319.45375,8,287.16,0.1794811535767461,12,726.37,55.7,0.3975,29.421250000000008,38.63380783359168,97.78842375562374,160.0,1,2571.63,335.1475931485018,10,3,0
cfb5ac81dd50eab83f866603fdd2595a7b6a84e41394f4638824c099d9e71276,0.0170160631636264,0.8229115144457908,1,202.7525,8,14.1,0.0812467960320804,8,872.41,44.36,0.26625,34.38125,21.965858411889464,71.77745711172007,0.0,1,1621.98,223.7812404325396,8,3,0
ba577dc2dad6b345678832dfc93cb16aacd59a475c54f73af968be38519803a1,0.0,0.7881299222857476,2,46.43285714285714,7,460.32,0.1430188984546822,1,660.38,16.09,0.3442857142857143,21.99571428571429,28.50374306322053,62.501396130759126,0.0,3,325.03,148.93496599960056,5,2,0
523129b1ab5e0d2accf844467867109651a390ae5aaa7ac3148af1fed580476a,0.0606391364986961,0.8398113865251954,1,44.79666666666666,3,425.0,0.0260067367842166,0,933.72,19.51,0.1233333333333333,28.87,28.065123376194176,88.75487471429346,0.0,3,183.48,30.239588312314147,2,2,0
f3dde70c6161455fa3f53fb90ca8e0d6bb534f1bf498958031f508fb6e02ea20,0.0300740339683386,0.8844525069069975,6,98.63,10,1511.12,0.0386592751928789,2,981.38,38.23,0.15,55.953,45.91187044299623,129.3347868772727,100.0,1,986.28,156.9455795720912,9,4,0
d636c9fddc6da655879322b5f89b5eab5fe608d3ce8fcfefa4cad5d542b5e8fc,0.0081323539608792,0.8324815348688103,0,299.82428571428574,7,634.03,0.0392074412137514,9,460.77,40.04,0.2757142857142857,46.05,25.97038083598295,78.93479134579015,143.0,8,2098.78,243.57959076774063,8,4,0
6f187729c8a97fd15d116fb6b49655f21b9186608640cd3c158c8daf906f4028,0.0224425377522967,0.7981022692988924,1,151.845,4,429.0,0.0758423684191793,2,318.62,13.1,0.2875,68.69,52.39802041658064,184.60524678727435,0.0,14,607.4,226.34971233057072,5,3,0
48c546879219f29a820c787c80db0b8995e5185181709d4e3c5e28d76399568c,0.0259226429153268,0.9232838240690288,2,78.38,8,1067.4,0.0199318489498738,2,609.09,19.44,0.16625,34.4225,19.54241374077172,79.51640565913728,90.0,3,638.55,140.27872380138817,4,2,0
be5c20893034284feb8e4cdfc06d087acd52a7599f451332be572863d06b9996,0.1342822613132807,0.845360824742268,0,116.0,1,411.0,0.0556701030927835,0,97.69,2.14,0.27,20.99000000000001,28.23436916707636,60.535179445644815,36.0,20,116.0,0.0,2,2,0
21bdeb797a5993b15902e7234e897bd664577b4efcf6b6e5550dbb60fe425444,0.03702208065942,0.8268798136987922,6,89.67333333333335,9,438.28,0.0717931823766519,3,776.05,29.36,0.1944444444444444,36.41777777777778,32.73532181906064,103.6322529522864,0.0,3,863.07,156.1786296185813,5,3,0
5a655eb5dbab2e1084257ef4c8d37c87c830a70041b9bbb675b2ec382aa75687,0.0,0.8141414141414142,0,200.0,1,337.0,0.0646464646464646,1,59.3,4.09,0.44,19.43,39.06701850466466,80.28315279196511,0.0,17,200.0,0.0,1,1,0
c2ce5a990f10e13f3dd4625e2c2927fa9a8382cd0defb1b1747008b6acb1f661,0.0,0.8122676579925651,0,136.0,1,325.0,0.0501858736059479,0,62.19,3.08,0.16,50.52999999999999,61.923955408357926,133.10117310990177,0.0,18,196.0,0.0,1,1,0
ea8f096f924da7afb8cb544f7cf53ae348a7bafff5d47d97491136bd817acf56,0.035997025791898,0.8814291965613166,1,95.848,5,437.32,0.0523714317929378,3,560.32,18.8,0.4359999999999999,46.574,32.69160511261367,99.47085805901736,0.0,6,546.33,259.7677496389291,4,2,0
1049afb313201c37a3509640ef0ccf8ae2d19a9fa0dd8d5ac1521478ddc3150d,0.0070376443596798,0.806262190747607,4,96.58,14,571.7,0.0916894568118536,5,1051.32,43.93,0.2864285714285714,33.047142857142866,28.14161262402308,95.53766631675944,0.0,2,1432.32,194.45728932143365,9,3,0
50ef490c80e3022822f9c6a9c3d49b5fa055b5da42fa9b2c1fe211c5bac65eb7,0.0143862452240132,0.8487116952926882,6,210.545,14,913.02,0.0366568083569772,8,1075.53,66.91,0.2364285714285714,30.66642857142857,25.47282053504832,78.50604700207954,89.0,1,3119.61,282.22155931465926,6,2,0
285d03ca022345d83209f0c6123895ee3300cd907f0918dbdac43252b667422d,0.0,0.8812218128048408,4,135.3525,4,415.7,0.0070067264573991,1,492.14,15.11,0.145,28.02,14.31623577547483,50.49667109983975,0.0,12,547.4,241.9516138210156,4,2,0
09c397484a8da97accf8c6702509c9577f1b95c0f5c0fb603db29248007fb35d,0.0,0.7859078590785907,0,183.0,1,675.0,0.1029810298102981,0,151.21,3.34,0.87,19.06,41.72652046639831,85.9336408417641,0.0,11,183.0,0.0,1,1,0
6156fa6beb2b3e30adb285db71540540d0c29658333198e383281f3a6d48b7c9,0.0956066237389664,0.7336358624677219,2,177.752,5,619.37,0.1304506257986878,2,727.18,25.89,0.278,45.08200000000001,54.989443559500685,131.56483968143613,0.0,6,987.75,133.9114589445631,6,3,0
0d0252dd9804db51a2f0875d900fc39e61e3645d0fef0916d6438cbcc62862b7,0.0152160681679853,0.8371059802981999,2,115.915,4,300.0,0.048344564074984,3,983.73,28.56,0.3,24.99000000000001,28.05761503986796,70.5645413282964,0.0,2,463.66,212.1508045423917,2,2,0
b6962e2736135770690c9cad32a3ad934e2ef86f0022ddef0d952600c7143d88,0.0298129153609477,0.8305339270492136,1,177.08666666666667,9,843.32,0.1090342187635499,3,768.36,34.48,0.4377777777777777,22.686666666666664,25.90059933973782,71.2338220508986,75.0,3,1593.79,225.1171190276769,8,4,0
bcf59ea80fc3b2723679466bd1ad469fceca9a17831b984083f3da00594b00b7,0.1271213373164685,0.7562862669245648,0,109.0,1,395.0,0.1392649903288201,0,331.38,4.8,0.15,30.31,37.461698203723344,92.55432778325824,0.0,10,109.0,0.0,1,1,0
c2929274e75bc750d129680e1e20191451de87fe68e7a9f9989d4e5fa3530aeb,0.0122362392694818,0.7545656338243285,7,146.76000000000002,12,422.28,0.1273791651739304,10,1075.32,57.5,0.3116666666666666,48.68083333333333,32.45062721734918,109.25130660926466,21.0,1,1779.14,433.7307533081702,12,2,0
44c68677fb8d3e998841f45b72cd124b1ff7c79d3e8e22921bd83bcd092dbf99,0.044738725841088,0.8704182947921337,2,85.0,2,325.0,0.0208955223880597,0,118.75,3.89,0.21,27.01,61.01832317764751,99.64318523356796,0.0,19,170.0,121.8449137845625,2,2,0
d97cac42b99dab85b802d9fa88df51fca144b01ad9e7f3fa174e0458e26acc43,0.0497216566707793,0.7901532133571976,1,98.022,5,819.2,0.1069440834630744,1,327.58,10.55,0.238,89.272,43.16948048741914,165.66800487060198,0.0,21,490.12,133.49566751294384,6,4,0
4d199d12a14c5bfdbe01745113a97cb87cbc9c93003b3df755e76491d8ee629e,0.0257842591915096,0.7168624389965105,0,130.92000000000002,5,643.6,0.093723997646109,2,636.31,20.28,0.19,52.17,33.71623420683667,125.67669732186904,131.0,3,654.6,70.7310918820879,3,2,0
1a713e2520bd1a6b16ff991a0bb488e799b2786a926ff811e0c552dfe81feab8,0.0669142493894073,0.8587279000287159,0,49.13333333333333,3,400.0,0.0733752620545073,1,366.89,8.19,0.1333333333333333,69.35,34.339306566243074,134.94758526208403,0.0,10,359.4,88.07601298856171,3,3,0
73752e9e593e44f9dfc4f200fd6203e50dd7224f9cf561a7bb63e47f7133495e,0.0824849769819166,0.7881769040206276,1,62.04,6,1578.0,0.0714941604214103,0,834.01,18.9,0.1999999999999999,59.27333333333333,49.11215628327414,148.90641734372778,73.0,2,372.24,126.82202342489931,3,3,0
2b492c50b2cc100c203f1749c0ea739498a5beb1a4971b28dcc0a3198eb2f397,0.0370870277331152,0.827149027557065,0,117.55555555555556,9,461.68,0.0882034873730722,5,901.56,35.65,0.3188888888888889,25.90777777777778,31.92458089381087,69.72233102245595,0.0,3,1077.99,112.67066577547554,7,4,0
954946edce99f9f37039b4ec32b406b6c15255c861233ef7f6faace7b5c9cbfa,0.0,0.9020172910662824,0,22.7,1,350.0,0.0605187319884726,0,138.91,3.01,0.0,30.22,18.33025567996627,74.60496402183682,0.0,26,111.78,0.0,1,1,0
c11fe7e5d782f8ec4bef25d2711d4f7bbac6ad314348253481af52c12b3215c8,0.0802927410403043,0.8214923401854787,0,213.0,3,911.1,0.0593155905762788,4,410.32,25.64,0.42,27.3,54.26905304681882,101.64172274322311,169.0,9,1481.0,266.91324700635886,3,2,0
bf10ab80d2f7e373c9fe0754ed48f5e041ce4ebcd76cbc3316e97d14eed267c0,0.1295420687868383,0.5787401574803149,0,39.0,1,350.0,0.2736220472440945,0,97.2,1.36,0.11,81.62,88.1453725465837,198.3095207394031,0.0,7,39.0,0.0,2,2,0
06338cd861233443e32f18ba2b909e92785aa9bb8639950e65db14d65b80e22c,0.022064992422021,0.8060610891071156,1,196.79363636363635,11,271.6,0.0791868522984025,8,983.54,53.6,0.2990909090909091,53.642727272727264,55.41743803138328,160.82680598973664,98.0,1,2168.71,135.9265716315847,10,5,0
942dd81ba35a7a6d753200dfc7aff1e04f487f395168cedac02445057d62da24,0.0364918086129954,0.6869333269905404,2,129.99,13,280.77,0.1827145211981781,6,1053.06,47.55,0.3015384615384615,41.45307692307693,34.134681681397346,110.65913536997196,12.0,1,1689.89,200.8849180180077,12,2,0
a12d37680881d32a7125c23afeea3f8384c9c4da0a0f9213d34badd240eae341,0.0,0.6840390879478827,0,22.23,1,350.0,0.2377850162866449,0,141.62,1.64,0.17,35.64,58.31823980010656,139.63312851304784,0.0,18,22.23,0.0,1,1,0
95444bac3cf9f4f5b2e8269a5fb5d21b89e58a281f457a93aba9b0519d1146b1,0.0,0.8023165576910376,0,88.95,2,383.5,0.1234190278052968,1,211.82,5.4,0.375,17.299999999999997,28.231406652316423,72.16450126054205,0.0,16,177.9,145.35334288835605,2,2,0
7e6651ee45576e72740b8b1b25393b4de929afc5f4010d50469a02597588f250,0.0183039554847803,0.8739902673845431,3,133.00666666666666,3,460.0,0.0544109878499735,0,777.97,18.77,0.7866666666666666,25.19666666666666,17.634970994679467,52.46653122275083,0.0,5,399.02,229.0909778454156,2,2,0
8f3569f8a37d818f84a4582cb62454c4ecb092c552181c6aca5eeab082257b6a,0.0413704728360126,0.9145649998559252,6,108.45846153846152,13,0.0,0.0246360920251387,9,912.73,47.44,0.3207692307692307,29.13769230769231,23.122414821096832,68.97654520269272,0.0,1,1428.96,296.7991957560365,7,3,0
0191630a871d8cf71b37dd4d8ced5fd5017fbacf4cbe9ee73aaae9a53e28e2e8,0.071071850801321,0.8536162432072529,3,98.27636363636364,11,877.4,0.0378675318404082,3,673.47,28.1,0.2118181818181818,38.42454545454546,43.33479214467712,110.22363776658072,301.0,8,1232.0,128.517516795854,3,2,0
fbc901f4df5b9537a31d639d8fd75e0a5d6918582a06cdb773fd34f5f09b6558,0.1205369522571443,0.8046730170893831,0,142.22750000000002,4,963.6,0.09600439282467,0,659.98,16.9,0.375,59.415,19.702299815153445,77.54349543514701,360.0,9,607.4,190.3027539812152,2,2,0
68f4e9f0865351b8de231c1055e4d03f8c84cd8050046f6dfe8cc59554845fe0,0.1432576054609787,0.7991504247876062,0,29.0,2,742.0,0.0564092953523238,1,378.76,6.46,0.235,43.18999999999998,53.16312638920671,137.1124678962317,90.0,12,58.0,46.26238975073752,1,1,0
7f133a11fc61be7f7d054f6767ddf58539c2057fe26e8096906df7c9719eeca8,0.0466813872058804,0.87569752449416,0,108.7,4,375.0,0.0445260689972548,2,290.91,10.48,0.2475,27.85,24.48052223751652,83.55746737753475,0.0,19,434.8,218.34806208204083,5,3,0
969b854141b5e8ab3cd3483ee4008eddf807d2a5ea6c2f9f39b9f627300aa841,0.0622826381513267,0.823056282465182,3,76.02250000000001,8,413.6,0.0612581823339713,0,469.0,13.25,0.0825,22.1875,22.74519968604764,60.53293777455443,0.0,11,608.16,249.8594169843216,6,2,0
6ccea6db512805b71f05aad2ef4578d03389fa2cc97189c6c42876b034b2c535,0.0316315556399064,0.904386268301984,0,46.06333333333333,3,325.0,0.0339869281045751,0,158.81,2.97,0.2366666666666666,20.73,21.364833591470752,58.088002447466486,0.0,17,138.21,164.65774091818886,3,2,0
f8315bc7fa3bee280071dba0e43e2a5055364b18628dc7396fe463cafc510850,0.0135253459016625,0.9143258125788636,1,140.8311111111111,9,1068.0,0.023162944181958,3,810.97,31.78,0.5577777777777777,14.980000000000006,9.066430104330722,32.15015977422134,343.0,5,1267.43,128.67206223160076,4,4,0
4815fc446ec99914bcc3b848499999836503e8129ccb4ace72b45fdb72f40588,0.0345845962560557,0.8127261234430018,0,121.0,3,400.0,0.0809332681837218,1,235.21,7.48,0.57,37.48333333333333,48.20968718646779,101.68259094761837,0.0,9,363.0,56.87327951665558,3,3,0
3492c096ba35a5a0eed5eeb8955971b061e2320c7ce710f2fac3a63030cdbdda,0.0379504784778027,0.7993838467729422,0,220.66666666666663,3,410.7,0.0225038844951902,2,356.37,14.58,0.41,34.6,44.005368538876645,97.86082014672934,0.0,16,702.0,122.83094199272936,4,2,0
051a20cedb438ea88ed6db942dfe641724b35334818351f19bfeced20924d177,0.0,0.7693776371827853,1,79.27166666666666,6,407.5,0.1271008492094901,1,449.35,13.79,0.1233333333333333,46.156666666666666,30.760438632991555,117.3821714387393,0.0,9,589.63,108.24362857562384,1,1,0
ee3d9d5d27037949e20ff702275ac7b202fd378228c8dd71e46766c14a51e7bc,0.0095928782471892,0.9048612925010876,0,50.90416666666667,12,935.25,0.0133705687111259,1,962.23,25.49,0.1366666666666667,26.188333333333333,15.439258295844246,62.6808068442373,31.0,2,610.85,72.44745953073702,5,4,0
6aa2549d880c2bf2592df1586d5a248a036ab6af3eddc524a9d70514d8a39e1a,0.0099968010236724,0.8550164022555694,1,126.34,4,465.46,0.0915544406853862,2,291.72,11.69,0.4675,27.12,32.44619464286768,76.86380808009513,13.0,14,505.38,332.564360785404,5,2,0
97208747e404ff8580591cff4e74f1e7f5f1200335ae3e6b147ffe08da8e17d6,0.0214755166552675,0.8931127561565484,2,97.51,5,780.84,0.0332435216083714,2,638.47,19.85,0.192,30.341999999999995,24.90381184556947,75.16053460254406,316.0,5,606.09,258.1240667595489,8,4,0
0222787375b5f222397ca75bf3f291448551819ce6470e9c1ab4457891d95a58,0.0476387280134816,0.8571421961797995,5,144.847,10,1263.6,0.0432030916677992,4,721.6,34.35,0.226,64.51700000000001,50.7860483623366,150.3405031470709,165.0,3,1448.51,231.8446394679152,19,3,0
0ca3443526d96e838b23009d8c8913038bab6a45f765f1ef4e79e5c3bd6c68c1,0.0270299491836955,0.9150508472564856,1,102.99,3,375.0,0.010752688172043,0,298.68,7.33,0.38,49.696666666666665,60.75678076208349,144.6527047058919,0.0,13,309.0,111.75665944186498,1,1,0
004e899b726fb091ffb1ef51a00bd641da05c18727024e38cc40e98b52c8a7bf,0.027467999780256,0.8354755784061697,0,503.99,1,350.0,0.0454155955441302,1,130.02,7.84,0.4,52.8,27.24509462525513,98.34847018114507,0.0,11,504.0,0.0,3,2,0
b1bcb078f399a6c8d13808eba222a9e5f5e3c2feef27d84a76f9443ff47da0ef,0.0,0.7947302252488214,1,310.40000000000003,2,1472.0,0.0949284092893311,1,561.44,16.07,0.3,37.4,19.74707096993499,71.86083583469045,30.0,2,620.8,2.4905865072835,3,2,0
b468fb154447a9acea948a78c30eeabc16786e5012a94132306447fd5f542f19,0.0,0.8560192335249255,1,22.25,2,350.0,0.0446685878962536,0,490.08,7.03,0.135,63.4,17.45845360250356,128.49163360974757,0.0,6,44.5,40.73095527208422,1,1,0
4f13eab2c7850b2c2a1a3a8b017f786a78360224a4bd4b04a259425c9e294f13,0.012449109012838,0.7902959133814963,4,150.32909090909092,11,558.56,0.1005468658134429,7,580.22,37.85,0.2363636363636363,24.09,36.963846107933655,82.84140447906421,74.0,1,1751.81,230.6789508648388,13,5,0
df80c6c464358142f1452d832d78342104a3fa20d725cbb31d7cce1681d4bdd8,0.0269547263598166,0.817695144260427,6,151.89181818181817,11,586.65,0.0592122707429227,3,1054.34,45.9,0.2054545454545454,37.66636363636364,33.706405696251,94.21291397210642,249.0,1,1821.39,203.507060988478,6,5,0
3cf55f793ac5d58772995671033771cddab707dda31d349a93e4467b166f4fd7,0.0671727010143077,0.8173329959514171,0,165.0,2,700.0,0.037593984962406,1,220.58,7.62,0.15,56.35,50.21381258917408,119.54202336675866,0.0,16,391.88,76.09768606565281,2,2,0
4750f7b9e5d280d7101a3995416a5bf3f8b3eebe1208afab72405e07c7b6fd4e,0.0,0.8814171238413663,0,32.88,3,523.0,0.0319865319865319,0,203.28,3.02,0.1733333333333333,40.32333333333333,20.46973303746276,84.94500191588558,173.0,12,98.64,108.26876301650924,3,2,0
c2d7ec7294e36d6917b4a889271b412bc6436f04c8fa387f5d00c28df1f600ff,0.0066671111407427,0.8179986009523604,0,206.14,5,518.55,0.0832164827258924,3,243.4,17.76,0.386,48.56400000000001,26.67427330828695,90.59237123604876,0.0,22,1030.7,144.5105257673199,7,3,0
78eff21bbac8eb75dbbc1a82aee840350ddefea8587a1147ba0dd8a8cd08b405,0.0,0.8900365682260878,1,90.21142857142856,7,375.0,0.0414042321897194,3,641.81,21.19,0.41,39.35285714285714,27.19274569114447,90.54104669011728,0.0,9,631.48,276.95936521054983,7,3,0
202b390efeb493fdea8f754faf82ca9663380f82f0e8ba83c32fa631b7a26ef6,0.0369753141230149,0.7630759698328679,1,99.44285714285716,7,325.0,0.1472428459789049,4,273.9,17.31,0.2885714285714286,51.761428571428574,50.94828804144972,140.76433849004698,0.0,17,792.1,170.55014790710888,5,2,0
ee802fde4957108ded74f3b75add5661f0fbcffc57a9ea40a9a90dbd55b14543,0.0109712881389403,0.8808521810786903,5,62.597142857142856,7,561.96,0.0107889623342152,2,964.08,27.81,0.2142857142857142,34.70428571428572,9.102113346991484,62.548862161642056,0.0,2,438.2,84.67274238879763,6,2,0
8a55f3bd8d340adf1ddfffcde8594707002206478bc70b0eadb88bff95677a72,0.042951636457349,0.8363641944048004,1,142.235,2,375.0,0.0221866703497383,0,172.41,5.17,0.48,42.815,24.02518881352843,96.88242667743566,0.0,18,294.5,343.004247633251,1,1,0
da5db18abbdacf5ccd6da313a349fc0155589a9195657c2d9fb8c142fce047ec,0.0132088894519019,0.8871838108935007,0,107.6,5,402.0,0.0304475279766535,2,536.72,15.63,0.198,18.756,8.443359905844176,37.97530892539869,0.0,6,538.0,179.35995045730303,3,3,0
4b30cf8bda0c88966d3299be186fd87e05b65cb6d80393df54288d9ae11df22c,0.0301739809942955,0.823199563571239,2,173.27714285714288,7,610.0,0.0903166766435445,4,409.39,24.45,0.3214285714285714,34.51714285714286,35.50246064223741,78.8051376774705,90.0,10,1212.94,230.06725476634287,3,2,0
9e5c19d45f28c7201817e77af56ee06abc5d9f9baca78caa6f5809a68044777d,0.0,0.8784532090641454,1,60.81571428571429,7,528.0,0.0277117832956071,3,799.29,24.07,0.3971428571428572,20.83857142857143,22.91251994129508,62.01457378161053,0.0,5,425.71,280.4829180107324,4,2,0
eccafb1607493a26a2cfaddeb3361c56dec5c8fe248c53d5582b421eb6dac146,0.0424432357303738,0.729665201523094,5,191.06636363636363,11,529.61,0.1457652237185731,10,942.22,58.66,0.2490909090909091,27.327272727272728,25.50129391373916,66.26227555905061,122.0,1,2427.14,333.43588533537627,9,2,0
114c136c880d66b210dd2ec70903a7779f019129a0ee3d29e3dfa506a2f187b1,0.0231861998031817,0.8556550541105908,9,266.87714285714287,7,271.2,0.025779698402599,5,976.46,50.94,0.3571428571428571,50.53142857142858,39.366108029756965,113.80849158488884,90.0,1,2120.11,121.20660904814994,8,4,0
417b50b09f4b836465cdbb595a4a975d977687f053a334b61e5a878de9a7bc51,0.0936154278225052,0.6088951035227161,0,52.50000000000001,2,375.0,0.3256059267981552,0,108.81,2.64,0.365,81.08500000000001,72.79876159342042,188.7490262190264,0.0,19,105.0,531.387566083501,1,1,0
c60e5d6852d2284d356622e78245868f7001a7e517de62ca5745a2289f956a56,0.0463350809982368,0.9203291965303962,0,173.89666666666665,6,978.96,0.0263157894736842,2,642.46,23.32,0.41,30.96,35.75519985855198,95.49761163233693,262.0,6,1043.38,53.40083910701026,3,3,0
4b778d16a79226e5ef574c5b6f7ae2448a8c46358361e6fdfac01e598cc60b74,0.0391679025837948,0.8237320344164765,3,91.95,7,558.0,0.0706822112414958,1,394.26,14.04,0.1928571428571428,21.108571428571427,21.08464298746009,56.14542799270722,127.0,10,643.65,363.2621678600519,3,3,0
7cf0bda4c8c0bd72117549a986ddb1d20b1df0b623b2330cd71313b67e46142f,0.0299814115248546,0.9111181666749084,3,33.0,3,1017.0,0.0168067226890756,0,941.09,20.16,0.0866666666666666,9.916666666666664,8.687463627749528,28.03579238088325,128.0,2,130.42,100.1637410809922,1,1,0
9ff15f4585ae6fe45340e2f3d023c16724ef8051ac20ef01e7f3dfd9a1f1f0fc,0.1070878087617751,0.7520973346007533,0,51.12,5,400.0,0.1158948582008116,0,319.5,6.09,0.264,59.34,38.375868910691246,128.48584550328616,0.0,19,255.6,114.25520087618722,2,2,0
5e54173b67a94c230650e4c93adc8e0f0ffd9418e64201fe0ab6b5914c5b9094,0.0891662951404366,0.7307692307692307,0,115.0,1,725.0,0.094017094017094,0,312.8,5.19,0.5,170.44,40.99549210473287,248.91010494151155,0.0,14,125.0,0.0,1,1,0
a266d9587f10eec6fd375ad0e4d54edac406be560b41c4452c69ed97a9ab32fb,0.0098728378485111,0.851394980250452,0,237.87636363636364,11,621.44,0.056887391119213,7,721.67,50.33,0.3518181818181818,43.307272727272725,24.159897195282387,77.06226242539857,155.0,5,2645.59,181.93297117707547,6,3,0
9f78c14f3badd417fa5f7dd2b6275e4e88bbff078d319f9c971ffb276801bff1,0.0242343523115233,0.8634271142609022,1,185.16666666666663,3,810.0,0.0254796163069544,2,404.76,13.81,0.26,35.27,50.49553060894896,98.38828853810617,149.0,14,555.5,158.44314177424764,4,4,0
1d7257d2d27f2197b55307f0e41d0ff2a6986088b09d382b01348614990b795b,0.0325753801085147,0.7541837621217676,1,134.67,6,572.0,0.1516292678893756,3,195.8,15.04,0.4416666666666666,46.955000000000005,79.45015049713878,165.11657202355357,72.0,26,808.0,124.7268296952302,7,3,0
ce0e695673ef2751492cfc1f973c971b88d5ed8ea277e1b97a1d0e06ffdaf1a0,0.0090311393685427,0.7450500713776151,0,107.355,4,350.0,0.1719449808757965,3,321.17,13.89,0.2125,26.855,23.48015951016467,71.78522762910073,0.0,17,583.42,219.29032287498424,4,2,0
b9473d271e65ae5a8201a51110cb50c3e5d27e9049266422546e04dbb166318b,0.0243195189134848,0.8281359228164841,3,372.07454545454544,11,388.46,0.0385738423054098,16,517.29,76.34,0.5445454545454546,38.3609090909091,39.63206301482161,94.15186193649316,179.0,1,4458.39,274.6567999351464,14,3,0
8c09f17dcfda5d34627d37a0361dfce83fd9995364b7e7ca801ba550059262ce,0.0454545454545454,0.6429488452120972,0,60.0,2,395.0,0.0942028985507246,0,581.83,9.82,0.32,66.75,26.925955257911944,123.1545627276946,0.0,7,145.0,137.03648878284193,2,2,0
e91ca0af94de072cc32ff13d8fadfe61bf2ea92dcc967784e4381dfc926be4a2,0.0132312567825799,0.8988917245450461,3,203.83,5,375.86,0.0223974471749599,3,916.65,34.94,0.27,51.186,37.31886582033299,100.86363637468078,70.0,1,1169.65,161.90164205201097,11,3,0
0eb544e09f5551eba8cbf3ac2dcab2faeb48488d8045e145d5b0105190d2a668,0.0837440395669238,0.7533209755743646,3,104.35,10,21.24,0.1606560966069709,8,1030.89,43.61,0.2299999999999999,25.738000000000007,22.916988918303023,69.02654090373025,0.0,1,1050.47,179.61484502499832,13,5,0
8317bda3fea76b3f64331c8a193405da83de05de3939da9e483b0d7ee5341ff2,0.0557915504585663,0.6605639102582936,4,186.8036363636364,11,847.6,0.2239585175741289,6,717.9,43.82,0.2672727272727273,64.37,45.56418278588376,135.56451024415188,20.0,3,2054.84,279.23238327453345,12,2,0
5afd3fb74b2a8a16bf9a3380d941f0581b783a8707c62d47ffaf6e19ddc2af53,0.0517223544015722,0.7640105142344198,0,152.51333333333332,3,502.66,0.1231239744772191,1,1044.83,26.52,0.21,46.82666666666668,66.1854736010251,160.84903989925192,0.0,2,457.54,52.63938325208243,5,3,0
556a758d08551c2389203dd28889ca5f7a27a918c28e3b5ada7c859bec1d0661,0.0808439930591731,0.6247383341748717,1,80.6925,4,710.0,0.2752573435008426,0,182.39,5.55,0.2875,56.025,40.95072712647492,124.02951524818786,0.0,17,322.77,198.98746862235825,4,2,0
0dd2640c1782f96d579334211f34aeffb27373ecde09a7dac043847b47d3548d,0.0565014141463432,0.768959714100163,2,53.12875,8,809.0,0.1500922594246946,1,618.55,17.13,0.3737499999999999,26.6175,32.79745483432212,87.171546970936,28.0,4,534.06,239.60621539515776,7,4,0
16aded02f87c21259ab359ecf9bccd9217b4aa9192ab6850e9ee7224515b6d5d,0.0461510060919327,0.8939884478128104,0,45.9,2,375.0,0.0519480519480519,0,233.42,3.25,0.35,27.16,12.142777067763918,64.6448875348736,0.0,19,91.8,199.7281051555544,1,1,0
03ca32bdb947674702e44a314f84d88dccb9014d59a89983f85eeb1cf9fbe0bc,0.082559885117421,0.6811272642627392,1,62.93,3,423.0,0.1611578423903842,0,157.77,4.2,0.13,64.29333333333334,52.32308892819956,146.9182493376347,3.0,18,211.78,219.9876529736757,5,2,0
21ef3bcfa8cd273d74837ae3aafe7114ac3e2ebe993211fa7ace1c5e6d58a9e4,0.1255847540108635,0.6146410555370075,0,142.77666666666667,3,525.0,0.3511114705873232,2,646.06,18.3,1.0,84.95333333333333,45.07891018545175,219.61849887399904,0.0,7,615.33,63.7368297005818,2,2,0
53fc9c89ecee3c3783e2eccca2d600e35f0fc00c217472393b0ed7cfc98d369b,0.0164365548980933,0.8274612393093448,0,202.8,3,325.0,0.0646687697160883,2,135.48,10.44,0.1566666666666666,33.68333333333333,46.692113355833726,108.66882672994068,0.0,21,608.4,132.59537932928097,1,1,0
f47407b67b731a52a7a699f708be4c1dcaee6db5ad585d342121a57c8f7eb8ec,0.0164527805199078,0.7180427176956207,0,62.05,8,512.17,0.1860582699805226,2,706.48,19.45,0.25375,63.14125,43.652480081911854,154.4925665903109,0.0,3,496.4,160.84162777176596,5,4,0
7506372353c10467b5619a47f3cdb5857635a77f800fed347826ec726e3d66c1,0.0093427383566123,0.9133766469611468,3,121.356,5,1017.0,0.0,1,778.55,22.36,0.192,23.956,19.08183082119915,54.02433424104972,142.0,4,606.78,166.91473389706653,6,3,0
1ded2217c5ced2c8db26ecbd43646f7c89526aeb2e7d44010fbcf951750fffb9,0.0818845292484899,0.7438239423107283,0,184.13333333333333,3,375.0,0.1034398734100353,3,533.06,17.18,0.3533333333333333,37.833333333333336,25.7446702075862,71.0217329369036,0.0,7,552.4,195.5481171787384,3,2,0
31ff7db0a2c611df203e89997cbc9cce2b63c5d88200cd727ac9700a2548552b,0.0,0.8054659613713847,0,55.85333333333333,3,379.0,0.1238075314908433,0,478.75,7.49,0.0733333333333333,18.433333333333334,20.84119282493353,59.666549503093336,0.0,7,167.55,0.0,4,2,0
321d828e263aed2e0c80a2a82b17a43f8636d079485b81c89664907bfbc8dc58,0.0193430239302076,0.8526572847348892,4,108.985625,16,1075.57,0.0564863148366076,4,641.4,35.8,0.2431249999999999,37.7325,29.597299644812075,92.83053646251908,0.0,4,1743.77,166.54101867642166,4,2,0
faaec9968a68c6ddc40a19dbb91ad00872a20120aeb131eb397e17d477effd28,0.0064248358454441,0.819700052815191,0,146.5622222222222,9,1259.74,0.0607886237945435,3,543.89,25.12,0.3288888888888889,40.61888888888888,51.31242995611839,127.6211354721952,70.0,2,1319.08,129.97054452401073,10,3,0
124f0f6fec7568df42f7be3ea66e41c69356a821b62c3b02e00adf3680c2b1c3,0.0241405948242564,0.807707466045422,0,29.0375,4,450.0,0.0834260393153768,0,904.13,17.59,0.135,66.465,37.8975434962961,149.86917857116242,0.0,4,116.11,139.46124238863467,2,2,0
9d16354db8532678862c44dc23870c29efd888068f002c4e575addbda439c599,0.0349699166515181,0.7306413237995494,2,281.97,14,702.41,0.1348023911034227,18,838.7,84.7,0.3257142857142857,41.94428571428572,44.73051295817582,101.93913772389035,281.0,1,4090.58,196.14033423794217,11,3,0
3df8215edb99396e63bc544c1f184b60fd66b152228dc26b742af263c153ccbb,0.0174672489082969,0.8688942648804328,0,287.18999999999994,2,375.0,0.0,2,476.61,14.62,0.285,16.02,6.648691943816572,29.906389231331453,0.0,5,584.36,119.987624052828,4,3,0
ed1702de6a8cc95d27b635d6d02ea56b50317bec7dd73c16f2a2b400dbfd1036,0.0,0.4144426174213677,1,195.5,2,650.0,0.3019415633695926,1,123.88,7.15,0.23,50.405,87.87271129911076,154.72442896051376,0.0,18,391.0,32.019735705697194,1,1,0
95fbf589dc2cd76918ff600781e19da77dd75325bf1406b7f9d5fbb1ba478da5,0.0,0.8933505033961092,0,37.81333333333333,3,924.54,0.03059045167548,0,848.11,16.17,0.14,43.57999999999999,27.66407513841334,117.4611337721567,24.0,4,113.44,173.4395834485307,3,3,0
93104c75cd66b7f4edea7bcd6803213af7c48286525ff5d4e400618ee9e501d1,0.0354473831241547,0.8376570218589473,5,186.9,10,770.77,0.0673086912780295,8,878.83,54.75,0.473,49.723,29.38358485623503,108.63722742101228,61.0,1,2445.48,294.096923940281,12,2,0
e4206b9405704bc33981e22cbcd41563bf259fb9be4d1d7ad8457a9da8d97f74,0.0319628149971368,0.7582006318948064,1,242.5275,4,646.0,0.1144853407128696,2,366.67,17.41,0.3275,28.602500000000003,22.78627361151273,66.19428638157953,121.0,13,970.11,178.2737223162259,6,2,0
41e0341438b5aad104e5e6b3bdedc4fffe8dbd1afdbc9a5bc6f73118955a421a,0.0,0.8809877065786808,0,68.03333333333333,3,417.0,0.0038204393505253,1,594.51,12.23,0.2566666666666666,20.01,29.566319994491767,68.6818696945844,30.0,6,204.1,104.05776280552833,3,2,0
49a2d8122f7d07c70168841b744f4a99e43eae08e0516284140e23f051dceb6d,0.0730803870584646,0.7956087197068143,2,155.11,3,400.0,0.0680759705758528,1,387.37,11.66,0.2033333333333333,28.593333333333334,50.10382933473909,105.81648493995696,0.0,8,465.33,63.73158237118158,4,3,0
dd87b51387388931c6897184e772b36ad8d5a178460ad5f39b981b73b236d7c5,0.0717825168900451,0.8291632078014609,1,197.8,3,375.0,0.0631345635953534,2,321.07,12.99,0.2533333333333333,52.80000000000001,35.841312502015164,118.38854282338146,0.0,7,593.4,156.9996809564434,1,1,0
f4cbf55986dbc2760a31847f2eb878a9fc23369087927c4930bec1235615e6f6,0.0463392029657091,0.8224797774606052,0,72.72749999999999,4,698.0,0.0787503255948359,1,446.67,9.76,0.3475,37.005,42.19513702055711,115.14044365024742,98.0,10,290.91,158.02423213746,3,2,0
e65bf3c881ace36ba5ae1e13effbd9c039f32e4bbd0a116f036c39ba9a950e25,0.1119134814782112,0.8147085586577112,2,84.97,4,694.0,0.0817436170487017,0,598.61,13.19,0.1975,39.23,42.106199567032185,107.73295042837506,70.0,7,339.88,66.0508311274095,5,2,0
3443e6050d0f2ed19cba28ce71092dda468cef5e1e0da4879df2a1223584de15,0.0,0.8837209302325582,0,58.6,1,357.5,0.0,0,113.61,1.72,0.15,152.77,65.23184442944996,273.49386940521634,0.0,27,58.6,0.0,2,2,0
611f2f93469095e0c747ead4a8555b82c2eb5b6c14c4674e1e411d6c383ca324,0.0,0.7605174310534502,0,71.525,2,600.31,0.1045294184590872,0,692.67,12.58,0.5,37.125,26.63250616053933,106.376336666392,0.0,7,143.05,206.3205591480276,2,2,0
a6c36af3a44ccf2ef19408f5e5f57f31db493eb185abd657e0966e56e41cfc01,0.0330141961043249,0.6566342044914988,1,189.895,2,379.32,0.1952756422560538,0,370.18,8.74,0.43,43.105,27.2274677501574,99.16227726695702,0.0,9,398.2,324.6383998483876,3,2,0
435dc25e99e08c1bbcd4d23b9a2013e11ad2df709f44e1429d4c07945d9fdee8,0.0252023197175601,0.8320387999038441,4,168.243,20,381.11,0.0720781922930272,17,1072.23,83.6,0.25,22.365500000000004,21.736182833434817,51.03463612453854,82.0,1,3546.51,155.28636462789785,14,3,0
1438547cacba0266adb8369718c4d4fad028db7c7e9389d88f1c1063cb805e80,0.0568059816516352,0.8592608416377723,3,137.84428571428572,21,128.46,0.0532238824017615,13,1083.11,73.86,0.309047619047619,16.979523809523805,16.1948876999182,43.94974774947128,48.0,1,3245.85,190.7679725767672,7,2,0
1ccf4195ddf34942dc5b4f9387f55835a47c30a20a0b2fc611451db2e6f20483,0.0298792876777817,0.7164335491421907,0,181.0,2,350.0,0.1617464033001858,1,208.51,7.21,0.155,45.94499999999999,64.18341825572452,144.10190604868757,0.0,21,362.0,60.61838300125634,6,3,0
834b066d9040ce7ba8bec0a017e0917b81349b0c2c422bee42e87d545aeb5f8a,0.0,0.9037037037037036,0,107.8,1,370.0,0.0,0,181.5,2.89,0.22,34.12,13.50851807363375,55.75676982216192,0.0,23,107.78,0.0,1,1,0
b138bbafeef9b5f6171c9c0e4cac4675f415fcf9f9c005bba33c8025d4bf87bb,0.0912242291552634,0.8256880733944955,0,146.0,1,400.0,0.0,0,174.2,3.7,0.59,70.14,28.020694700726352,121.5595532414602,0.0,25,196.0,0.0,1,1,0
997b2f0432d45e0710b6057b601d6f8738254ee087b6a242181b1e1204dfc0dd,0.0274936764544154,0.866380575117371,1,113.0,2,375.0,0.0428036971830985,1,140.12,5.66,0.345,74.66999999999999,27.416412927707263,118.34907721322212,0.0,16,226.0,33.25729534978007,3,2,0
631f53f6bd60552a5c1c44082c5d7beee00ba9255488ede6bbd48baddd72dd1d,0.0455730881694371,0.8417934082150881,0,111.5,6,584.2,0.0552151382469143,1,272.7,11.56,0.2916666666666667,72.17500000000001,59.136307790498016,192.0421541285837,66.0,15,669.0,132.7412445266988,6,3,0
044057a476bc2c7de3297a3699e39ed2186f5ab4a09c1067e0c219908bf86a84,0.0,0.7361394636195646,0,20.8925,4,350.0,0.1648381574852163,0,166.68,3.15,0.125,31.01,29.387114005466543,74.45899074724238,0.0,22,148.07,123.1249127673597,1,1,0
1e250d21942586057206f917f32f1c1605769cd2cb56779c94d97f94a7cb5987,0.0044270314540584,0.8546915579420532,9,164.95363636363638,11,24.21,0.0270194179045741,5,957.19,47.9,0.3054545454545455,26.42090909090909,24.04283079594901,66.66739465866016,0.0,1,1814.49,184.62233213267177,7,2,0
cccbf0093b46d0017ed98609a1dd8193f4bae4317f1d7b6367a5dd338ac5be76,0.046704926712656,0.7409647681626862,10,122.4470588235294,17,584.78,0.1541382174753676,9,906.01,55.79,0.2335294117647059,36.32588235294117,40.52884881886373,102.61827812011208,10.0,1,2081.6,230.79860608765645,8,2,0
cca0093670736609d697db13c486915f4c1c0412cd7ce1a86f4b0ee3bc9a95bd,0.0439711841997952,0.8323643837517496,0,92.66666666666669,3,350.0,0.1062323808801632,1,144.2,6.36,0.24,44.05,82.71800453682651,161.46729600933438,0.0,24,342.0,114.27603987704488,5,4,0
8b252b3155568c3829e682645fed52b583093558ef8092bfd9259c49574bccf8,0.045476684820947,0.8647869108852088,0,55.9975,4,537.68,0.0468846836132249,0,365.16,6.88,0.1625,39.85000000000001,40.63048832940587,120.63938781620024,67.0,9,269.03,77.7013034953709,3,2,0
f79d86d822d0bc18cd0e28724ac3d00ea69503e95370d0c8c1fb1c2a52157729,0.0182547643238201,0.8840700145355559,4,105.31142857142856,14,1171.16,0.0224868521411847,3,978.36,39.98,0.2692857142857143,29.624285714285715,34.183369727465795,90.09170213943648,165.0,3,1519.35,202.93830431224367,8,4,0
00075bc3116bab3a84e98b9afe1658c87ce9cdbc71328255eb850ee40e83e782,0.064057671722961,0.8254720093386794,4,183.92,2,381.46,0.0674300867888138,0,504.24,12.11,0.265,19.495000000000005,35.49715474123254,64.3841859102926,0.0,9,367.84,165.54181352403455,1,1,0
89b688c2b8b665912e4f2984378d69061f37f219d5ad0c102ddaa340c829a53e,0.0603561792344988,0.7804818000826936,0,32.08,5,486.07,0.0961435119093243,0,227.81,3.88,0.1159999999999999,50.45799999999999,36.29162108128222,111.6445676700775,0.0,2,160.4,221.83092903810348,2,2,0
e9b563e11cd0b618bdd86996814f81a63db1f74173c2f2da11a68ba07b5be3c8,0.0,0.8533466184567343,1,101.5,2,451.43,0.0,1,665.7,14.5,0.505,37.73,32.81160497767722,89.54100817241661,0.0,7,203.0,103.73807949580964,1,1,0
cec2d6fef0af3ccb37b64dc9c47f606208430e53de1def3b0d640aec4a75418f,0.0540831688474583,0.8508032652166221,3,146.135,6,587.0,0.0428204078520065,1,385.11,16.24,0.2383333333333333,35.46000000000001,52.00220192569364,119.5783041075051,76.0,14,876.77,189.36279120734352,4,2,0
013890a23379b7c498621547a56a93777b1ed42fc9b7eff1017b956acce18fd8,0.0,0.9314641744548288,0,12.8,1,375.0,0.0,0,179.28,1.92,0.05,54.96,106.5415953853552,249.58837616141145,0.0,28,12.8,0.0,2,2,0
a6694e4e3c82ce6e85a2d6e39b58a5241078900bc04676297780eed4e84156b1,0.0805119659852665,0.7866994323132269,1,81.1325,4,438.56,0.1446294451791463,0,344.89,7.64,0.2425,71.88250000000001,42.38392169206493,164.4335448883296,0.0,10,324.54,119.09179442634095,3,2,0
273b19612f15638a7c5b6733e35282d1b31a9c1336e63cdff90bf57d48d2eb7f,0.0304244448772907,0.792075815517984,6,227.08,7,593.3,0.0846071704149886,2,521.74,28.77,0.2128571428571428,40.58428571428571,40.8506884130402,117.65951996227584,18.0,9,1589.58,230.4377902177903,8,2,0
b739429e221a67aba2bfdbefae752dd5d05ee691427f81c198abc9c670265ba3,0.0992577890768855,0.6261455304440581,0,90.66666666666669,3,718.0,0.149089188266714,0,132.74,6.93,0.2166666666666666,53.82333333333333,67.70663994281445,152.589307567511,43.0,12,560.0,140.05916131223643,2,2,0
419b1e5d10a955d8172a28df41ddcfcaea4f9c0bb9690fe7aa125ef868b77ff4,0.0401026628168109,0.8576802814148916,0,154.805,2,801.96,0.0093023255813953,1,475.85,10.73,0.4399999999999999,86.36999999999999,64.50408196751106,245.7016549157235,309.0,8,345.88,460.7490063132713,1,1,0
5306fa7eca09281ef600d96ea03179696a0d2ad82b1214e22c6a4f8378f61f32,0.0187332963666891,0.874668639184895,1,135.14666666666668,6,972.56,0.0249804990320545,2,997.66,30.38,0.16,18.841666666666665,23.13900171710928,53.84511315306576,26.0,2,810.88,146.7604616585832,4,2,0
9a9aea55edd21ab4553f5d57c107c64a4a366994e107ce6cc0c52cfbb65ed4f9,0.0328763520399776,0.769023569023569,0,184.4,2,350.0,0.1632996632996633,0,131.91,5.51,0.19,50.86,48.01934386785796,118.94320619230868,0.0,19,368.8,0.0,4,2,0
b8aeeb66014ba5a19c728223587aa7437b647d0923671ca97c81c557b73ab29b,0.0,0.6489451476793249,0,186.0,1,405.0,0.2168776371308017,0,234.4,4.7,0.12,45.61,71.982420801706,132.29798929675255,0.0,27,186.0,0.0,4,2,0
1fa8bf67f2d8a6c7c5aeabbd1966d0121ec9960d2103515f705191351ba150da,0.0200160128102481,0.7398137732783402,0,171.5,2,806.0,0.1102540753834341,1,164.19,6.57,0.2,69.03,65.10338019205531,164.19533355351894,106.0,7,343.0,58.83352277560535,4,3,0
5a6642b0ce9eb670d2f758bb396854a311cdc80cf3bc091609dbb07fd79f5f89,0.0,0.9055944055944056,1,25.65,1,350.0,0.0699300699300699,0,66.42,1.42,1.0,46.41999999999996,93.89678426612332,173.23520483964472,0.0,21,25.65,0.0,1,1,0
8b06aa57760501b819f5e2d3a4d1481380551c12bd830267921ab12918b93f46,0.0788236897568075,0.6429366933077831,0,338.6,5,550.8,0.1882982689120501,5,312.58,27.87,0.316,113.744,48.90510593487075,223.5333797176144,0.0,11,1693.0,488.7498448686112,1,1,0
d944c9c1ddc2d6665caa4cc398e62ae264470b4f358233a377b9028cfa852678,0.0,0.8258610560329,0,212.0,2,516.18,0.0588296492129935,1,526.41,12.73,0.285,77.955,36.31082690234188,131.62321033469135,0.0,8,424.0,137.6294837991295,2,2,0
170a32af1fc855a6b1deb62ea72dd203168783eacbc999c9279a2005b1ab387d,0.0,0.9777078886907378,1,111.89571428571428,7,430.78,0.0066225165562913,0,907.59,24.85,0.8099999999999999,8.835714285714289,8.108498578686621,26.6009399993622,0.0,3,783.27,75.93398073707517,1,1,0
3ccc9bddb75d7864c2d1b3a53776187ce6e2b04f7f43a83e9765640c132357ab,0.0148489510841323,0.769107978820411,4,97.60625,16,1690.35,0.0923388033230448,5,917.21,44.44,0.245625,53.190625,46.833774071388646,136.10598685495276,391.0,2,1867.69,249.56801645912265,19,4,0
6ef08d6486156ed25aaf1fdae6b5c8e5a65b779402dfbb5edc4f31a0cadf853f,0.021993869090584,0.8093647873158272,0,182.82333333333327,9,1086.66,0.0952800480554111,7,917.32,45.12,0.4822222222222222,27.612222222222226,29.83236336454476,70.07844556188569,109.0,2,1785.42,180.490708676532,6,4,0
201ec23de5a934b069c04ba19cd092a7bdb635a75ae28b604e2cae5a78f33636,0.0771986805035666,0.8146210315584236,0,60.601,10,1029.96,0.0862542593679786,0,633.31,18.04,0.188,39.489,37.269728826333264,106.07422344518582,61.0,4,788.03,201.5600025843309,6,3,0
68075be8e0dab51f479ab597a683ef2ee4edecd9aeb1162be57d81549833eed0,0.0,0.860872939135338,1,149.92000000000002,5,1083.04,0.0360701696853809,2,818.84,25.3,0.318,32.087999999999994,33.0267088789323,93.40633376611628,108.0,2,749.6,169.41675840010296,5,4,0
0276b1d86bd3071ca2ad33fa96ddd1b733c95dd3895533c1acf4c50b34ec1c97,0.0161616161616161,0.8846322527032296,0,120.33333333333331,3,516.2,0.027706461275139,1,227.13,7.51,0.2566666666666666,63.81999999999999,23.436416841854367,97.71659645972372,0.0,5,374.0,54.92545978156216,2,2,0
c558c115d7629c01e8b944900b1ea8171cb214e3a3ea002ddde8177170f5aa90,0.0173995650207051,0.8590360421675814,3,113.386,5,386.0,0.0273573407202216,0,610.58,16.26,0.1659999999999999,50.476,18.112605548629286,84.72285709403796,0.0,5,566.93,103.52726340718932,9,3,0
bea605b9db4a0d2f3157feabba98a75c3c7cd0d5eeb361666d1c3d0f508c9c9b,0.0118157132157279,0.7046490963034495,3,230.1244444444445,9,854.28,0.1703498308617485,5,641.93,40.09,0.3355555555555555,41.366666666666674,38.30752915760328,103.25999984038648,187.0,3,2071.12,275.00688232487926,10,5,0
4f3fe8fab0efb4c7e133deb768485a68949c4c0aaa90fd57f52685f36e1341a7,0.0634586362999566,0.7597691929171542,3,176.40153846153848,13,866.2,0.1151294285409491,5,1013.16,52.17,0.3230769230769231,36.74999999999999,38.1423571895315,96.17755649354356,25.0,3,2450.82,208.86102039272697,8,3,0
0de4e0f782647fa4f2bd65a7674c9ef510e468a645e1a40a4563e61d7e6b8671,0.0,0.7814244885991005,1,246.0,3,542.0,0.0662100456621004,1,221.18,11.59,0.3466666666666667,34.183333333333344,34.19092105336548,74.68582104683155,65.0,15,738.0,121.28625330057112,3,2,0
e8f32608c8a2d240941d5f3ec4e4e00ec446e03c4e9984c3df61e50ba9eea1e4,0.0444399501452971,0.7671552720846219,1,79.625,8,1100.0,0.1230585180452212,1,807.85,22.39,0.2175,51.04625,31.163063670662204,117.1227264163117,70.0,2,636.98,257.57330607201425,7,4,0
9d83ff6fc78371a1a3f1b20b9f52d468d7bfab2f3ca4a404ad3b09193b27438c,0.0032483879874612,0.7710292361963353,0,492.696,10,712.27,0.0955845761096887,17,814.94,88.97,0.352,47.882000000000005,37.06809984575726,115.7753512678958,0.0,5,4926.9,227.07288297547933,18,4,0
54c7adcc4c62923bf6e71a6485ce948d661b85b77480e4fcf6e6ff8fe6768f71,0.0060300174267503,0.810605732879662,6,175.82999999999998,7,240.95,0.080151708082189,2,963.27,36.32,0.4242857142857142,31.46857142857143,24.43747861476864,83.07581628037838,60.0,1,1240.81,227.10408553486127,9,4,0
69e0a9cd913afff5aa8ea27679b3c45e66b73cda0acd5bd30d74cb9426b026ef,0.0250050010002,0.8300688074292892,0,21.575,4,1241.0,0.0865188972642454,1,555.2,10.04,0.21,37.407500000000006,36.37917899277959,107.60445639428735,0.0,3,133.0,80.92429670974865,3,3,0
f1af7f413efd3345f8d06d9fcce4cdc0e6c0401cda72366286ed002357e14a56,0.0206833788367667,0.885909383033419,2,106.0,2,575.0,0.0325112467866323,0,259.46,6.0,0.605,47.98499999999999,41.49581533583134,116.56164333588016,0.0,18,232.0,96.663777441313,1,1,0
77c8361e21532734edb8be438e53f6292f8c4e78f7ef31697c7ef0e7bec44c8c,0.0463477938450129,0.921090387374462,0,212.00000000000003,1,350.0,0.0,0,94.99,3.07,0.25,22.37,10.425948685862927,53.937308274814896,0.0,30,212.0,0.0,1,1,0
d3a3e2078ab24c7d9e75a38e1e40f3a4ea478bf5fce91f73f69650677c0e72e8,0.0,0.8713692946058091,0,70.5,1,350.0,0.0622406639004149,0,113.21,1.84,0.17,51.01,38.7232628820171,106.90337744912466,0.0,15,70.5,0.0,1,1,0
58f6ef8a8186de7f5efb2847322c43e39ed4ac05744a3f17e1568b0535ce23d1,0.0331207610849183,0.8433451796887322,5,204.3172727272727,11,1089.5,0.0346627987639007,6,739.79,46.3,0.1909090909090909,44.560909090909085,40.258750673780135,119.24180007416466,269.0,3,2247.49,213.5400431218989,11,3,0
662933f69953398db717e59cefd4e9281775d66ed9b7379cdd087bd7f222ae19,0.0938508778323733,0.7109288210675982,0,191.64,3,613.64,0.1754765240594854,3,684.5,21.54,0.1966666666666666,73.7,75.03659731441148,198.00816332675493,50.0,2,609.86,528.8296385804762,3,2,0
b153378b6059e2462fa57ab5175cb8da1b4e067a3dbf6e3d0b023b40f40eeb41,0.0334001336005344,0.9159487581960876,0,53.26666666666667,3,407.4,0.013029315960912,0,125.2,3.85,0.21,63.826666666666654,29.037633582555863,122.29481424065804,24.0,28,159.8,72.57509786784199,3,2,0
7c6f3983925c41a8ec9756989b59c96410bfe6c99359a0478a314a06bf136f2e,0.1005126143330981,0.903654485049834,0,83.0,1,750.0,0.0830564784053156,0,578.71,9.13,1.0,116.15,27.709148332914875,202.7468626820325,0.0,3,83.0,0.0,1,1,0
288d2a2be437d78c0edee5e94eb64821c52ee3c97da19c7e06245b2d6d14414b,0.0725354802144416,0.7297207422029689,0,146.16714285714286,7,1044.65,0.1508596497943051,2,767.65,26.76,0.2214285714285714,57.392857142857146,41.28790964763933,149.39696873830448,144.0,2,1073.9,150.0182030409144,6,5,0
98a8f828c7cbc20e28ba748076898ae4cb4b07ce582677b6338fa1441635b003,0.0,0.9299610894941636,0,74.0,1,325.0,0.0,0,64.42,1.38,0.14,165.67,40.60883554752448,246.5643335798973,0.0,21,74.0,0.0,1,1,0
00427d01b0b5d011e4047c8d1fed2bfa070b837085b76ca453e104a356eceece,0.0,0.6724137931034483,0,10.2,1,375.0,0.1655172413793103,0,173.9,1.84,0.06,28.24000000000001,21.040503488975027,83.8841317197269,0.0,6,10.2,0.0,1,1,0
2afbac408db8fe43886446536e536a68238df6424ba57cd30b20ffe843fa20e3,0.0305928073601954,0.7419512182013992,9,413.21375,16,242.36,0.1205164250949469,23,897.2,120.87,0.45875,49.70875,44.74282430866964,133.3642579982734,34.0,1,6611.42,277.76572564321435,23,3,0
80ecfc23c63b9a5ba544388188e919b3e3cffc4b83ef376857918c97a413840f,0.0543143971201624,0.7294675038444922,0,140.9175,4,888.55,0.0730559728604532,1,816.77,21.38,0.18,22.985000000000007,46.8006808733177,90.81951906944975,284.0,4,563.66,149.53777438011664,9,4,0
54ce93ed6b05729baa45273831f8eaf0308d6991fe9e4d1c92fef52a862c7146,0.0944822373393801,0.8958333333333334,0,32.81,1,350.0,0.0381944444444444,0,103.02,1.36,0.25,18.730000000000004,26.194355642736884,61.20377043467978,0.0,18,32.81,0.0,1,1,0
8eb5703630382801e5b30d0e473e2b609e914de1e9597882e86306cc3dbab723,0.0,0.528037600632882,0,184.25,2,565.0,0.2789217739308482,1,481.85,11.21,0.505,72.995,51.56625409773883,179.29928579365446,120.0,8,383.19,403.6525948730321,3,2,0
29988201e506f52e66ebc75a7dcbf8bfa84883c77b555054751e808c1b9f5213,0.0500425980778099,0.6614408473221424,1,170.75,3,525.0,0.197804567405983,0,131.59,7.74,0.2766666666666666,57.126666666666665,80.38830080447795,159.89521523303813,0.0,20,542.25,111.20900319448472,3,2,0
004e7842385d56d1c4b05816185f67960ae04f1dda021e5b038ecaad9dd2da29,0.0302365312067899,0.6887278091475283,1,77.51333333333334,6,497.52,0.2180863288164052,2,337.42,13.54,0.5383333333333333,31.985,47.53501165391028,102.17806600684138,0.0,16,625.08,165.77299292905082,6,4,0
876ac0dd5b22d7fea612396d69f33ffef86c2af366d2d5e0dd710fae28083bea,0.0283086610579869,0.8317538246938245,5,90.34,10,1043.23,0.0421447650417894,4,859.91,34.45,0.289,29.133,19.506174321467583,72.29343994634192,0.0,2,1112.6,234.92518606856103,6,3,0
f2d1c4d1bbe68d13a623aefb0eeb1c27e8d76a7e03a4608581fbb1e8f19b816d,0.0731651728546094,0.8700857259818755,3,67.8225,4,666.32,0.0379993658845909,2,746.08,21.67,0.1275,15.895,19.51701091456752,48.740513282785,367.0,1,519.29,329.26047936031347,2,2,0
72635b6f1f8160d6dd9767cd4764ee199f20ac2c4bb050f561360db175a569b5,0.0966183574879227,0.717201166180758,0,45.0,1,350.0,0.1895043731778425,0,78.31,1.23,0.12,33.59000000000003,60.17261802081308,115.20769418796635,0.0,21,45.0,0.0,1,1,0
dc14ff9ed0a8f91235f3999532193e0e5241e4e97968c287a2b99420bdca8595,0.0597478640138617,0.8577903143116065,0,58.38666666666666,3,375.0,0.0465160309778351,0,338.78,6.38,0.15,68.46,44.84996363905017,172.34463261952544,0.0,10,257.16,134.1062795628498,3,2,0
79c89381784ec8d9ed611ef9fcd0452e39f620f52b5718ff14740c140b3b962d,0.0966376382044902,0.6740626972949346,0,68.58,2,350.0,0.2172186877762128,0,89.87,2.27,0.255,72.24000000000001,119.0348963836044,263.3471810777845,0.0,21,137.16,73.04947293067703,2,2,0
61332346517c033b85cef085912c815bc3674b1d3ee24b25c9526d0a8fc560fd,0.0737783927225862,0.8183318883809206,1,41.955,4,620.89,0.1057290263832092,0,480.81,8.13,0.24,22.0975,47.13861702586206,92.56890336841307,13.0,8,177.82,173.58761136383214,2,2,0
400329dbc27eecbcf0ec24e97b0af60dc609b08827102413c51229ebd846b0b6,0.0886132033673019,0.7937662337662338,0,139.19,2,400.0,0.0922077922077922,0,700.47,14.62,0.27,35.47,14.590073422240412,68.48211941315823,0.0,4,278.38,32.83876296915867,1,1,0
c878c38c74e89f72eed7f9190fb68f56f99a9d1ebcd349510bfa5f746f51e1f6,0.0,0.8029633663587058,0,191.57333333333327,3,686.0,0.1159253118793305,2,294.09,11.92,0.3799999999999999,80.49333333333334,50.07088161892987,167.93150742745888,136.0,15,574.7,97.93907250408743,5,3,0
6acf93009b7d0e49d5299f28407f22f4d0c30bf59c69de7f9e21d103a4c8b019,0.0223326504185713,0.8225521585015381,2,95.54999999999998,7,1137.35,0.036062117679306,1,1006.9,29.08,0.3228571428571429,38.31428571428571,45.10415331143744,121.47587294066363,123.0,3,757.95,84.53754994995268,6,3,0
c8509f48b0848be06756435b76e43cbf2da408f156a83bb83aa7e5b59b73a67c,0.0555703334601196,0.8516722335536379,0,173.26666666666665,3,375.0,0.0228203459777593,2,213.29,10.33,0.31,48.03,37.85035670034961,119.91884508057416,0.0,17,519.8,226.28261125667663,2,2,0
3916a0c42fe80c67703c949ef2aaaa38c6b090c9bd559aec3f1d04630b858e32,0.0972006220839812,0.8016759776536313,0,88.0,1,375.0,0.0614525139664804,2,337.38,12.19,0.13,30.0,30.085885593906724,71.39344956528011,0.0,13,540.0,0.0,1,1,0
fe0546c7f0162d7ee87456ab4e9de626c76029521c1bd9fe984ee780dfef1475,0.0,0.8838709677419355,0,26.0,1,325.0,0.0709677419354838,0,110.78,1.77,0.08,8.25,22.685994162209063,33.87769928772696,0.0,20,66.0,0.0,2,2,0
09c5d25c08829c45fa7c5b3d87576bd0f26755d792714b3a90104281a6e919a4,0.0484314423842433,0.8033228038683687,4,87.16666666666667,6,656.2,0.1004163322848761,2,524.46,18.43,0.2516666666666666,34.473333333333336,36.522835502120834,83.61783451234065,141.0,8,549.4,165.78821709810464,4,3,0
10ff52b8856d95968dfcfde8e12d83912b8b8dd8da4dbacc81604437526d479a,0.0298605512257756,0.8365334985266593,0,173.33333333333334,3,404.0,0.0476087582829155,1,126.6,7.97,0.4066666666666667,33.35666666666668,54.90851876512141,131.5076188594126,54.0,19,520.0,174.68242671603025,1,1,0
260f5b95b05a9a3abbfa0da7ea8df40362ac25e8f488858697a164aa3fff9afb,0.0803237611663571,0.8677828424497429,1,107.795,2,908.0,0.0217391304347826,0,650.89,14.29,0.425,70.35,39.83564522223758,147.58401233512802,99.0,7,369.37,128.091301203715,3,3,0
0387b66a222b4cbeddd9b8750193a13cc8c8b6372c1917e43fb930f355a399b2,0.0454559663568859,0.8415456186081194,2,149.49571428571429,7,958.0,0.0415676961565702,2,1065.56,35.24,0.3785714285714285,57.29285714285714,35.59636057433996,117.05407239762742,53.0,2,1077.59,127.96874174466988,7,3,0
09ca9c52cade2258b5eb040c9d695b2c8ac0daaae787b3fb7dafa515566c23ee,0.049444426656445,0.8178589405046003,2,183.25083333333336,12,289.0,0.0890648644664431,7,863.98,48.98,0.3816666666666666,27.201666666666664,30.5235843055363,79.78040488980562,5.0,1,2205.01,245.1645165170604,9,3,0
3b4b257e69db444e08986b9e16632c56ce625273e61502015ae90a3dffaecc3c,0.075796563378519,0.7716536552259715,1,147.83166666666668,6,854.08,0.1196964010513845,4,757.14,31.82,0.4233333333333333,52.51666666666667,37.94093705723567,127.32840076478648,122.0,3,1256.0,208.77613094835857,5,2,0
2f96fd953fd09a92bf5a01a002117bb47bc88bd22def58c224f20c251897058c,0.0161020224140151,0.7636512529518261,2,230.375,4,953.0,0.0781912795888119,1,278.81,14.67,0.37,44.075,44.110254538856495,121.95814758022269,138.0,13,921.5,150.92898707755157,9,5,0
a7b826a9508981f605aee739973895d1571e30c8e02a87bffb43004bf4715b60,0.0377546919555116,0.7084120369984754,2,84.14,5,375.0,0.1594983429814633,0,303.99,8.52,0.214,34.92999999999999,25.426531163136644,84.18904940682815,0.0,16,420.7,253.44286275861376,2,2,0
84d6f2ac5039e4561b021d256c64008ffcd2c963d4b57016aec0f63e4c6d91b6,0.0907441016333939,0.9020590947983688,1,54.66666666666666,3,350.0,0.0099009900990099,0,118.1,6.3,0.1933333333333333,25.65000000000001,60.44537055094492,100.15386420782863,0.0,19,412.0,230.97353777974405,3,2,0
91f46d9a7f7d08bbe4f6dd45aedf4b3b92456aca4d8265b5ca21d84eb13d739f,0.0,0.7183493980058685,1,103.33333333333331,3,400.0,0.2002733537249938,1,324.38,9.21,0.2466666666666666,26.55,17.05487486726256,56.26521682493607,0.0,10,310.0,253.2570025348532,3,2,0
88ad2966c039c053e373b58c519ead6516bf5235a0bb6d1d199cf85475820c0f,0.0661831728877935,0.8203270912814696,1,105.64666666666666,3,500.48,0.0912358021031998,1,345.71,10.14,0.2133333333333333,18.633333333333333,43.10072721440232,76.74172016428702,0.0,9,422.94,114.7942772698106,3,2,0
093b5538feb22569e88a8f8fa46ef2c0a0ccffb105c67a63e5584db3a6e9fffb,0.0657663675259533,0.8410837742714197,2,203.24,6,658.15,0.0526843785852782,3,367.11,21.91,0.2083333333333333,54.47666666666667,48.679813104333306,136.34179941041975,0.0,12,1219.4,325.64608696260206,7,3,0
e5ee3bcaf7ab6dd887969b983e38ded237b987aecba773f6065a46fdd098b142,0.0461140029746001,0.7363715612841434,5,148.64714285714285,7,32.34,0.1274172441454567,3,796.57,32.46,0.24,16.330000000000002,17.19029800361282,44.160832718740885,0.0,1,1171.45,174.42761698541966,13,4,0
493fb1e11b1d50f47c08be480b71340006bdd323b2f8875d06dfe3110d39a962,0.0,0.9450867052023122,0,31.0,1,325.0,0.0,0,55.18,0.86,0.13,86.63,30.616414465940142,163.6835803397341,0.0,16,31.0,0.0,1,1,0
7127b2bdec4782bd9cd4ec0ef6d9ad5c006cf85d7890ec871cdb97a564ebbaaa,0.0326781366926457,0.7942489312478113,0,171.9333333333333,3,420.0,0.0886050323015406,1,175.99,8.92,0.2066666666666666,47.35333333333333,60.68915051447431,120.45511482451484,70.0,19,515.8,113.64527483887896,3,2,0
1742d36843f1f58b383aca856c17f35cee8e5294fa4e5c25ca5cd36b62958298,0.0587944167036685,0.8082029636087298,0,166.3125,4,729.0,0.0609846365139658,4,410.17,19.4,0.325,25.5475,36.01821331608541,74.62835250138171,204.0,12,856.85,96.38005180196996,8,3,0
ef59c7d5fe036927bc941b0b636254bc052caadb6e26ebd7d8c1ccafa3a9a8f7,0.071239381383681,0.9007057245087551,1,33.6,4,800.0,0.0183566433566433,0,498.8,8.14,0.125,63.1125,70.16326575873136,190.86962388549188,0.0,4,134.4,52.13743866470963,5,4,0
1c6a854cbd8dee93d42364f2360769328d840397cbc974c6b177a0f766d128dc,0.0241725833124913,0.8177520548191755,1,289.58,7,703.85,0.0509196256791246,6,590.72,38.37,0.3585714285714285,57.167142857142856,23.85263200563169,107.22816025848532,120.0,5,2027.05,167.31515783479776,5,3,0
ee0a6baa144ff7f4e2c187a02ef88b9084668afb382ba4490a3047385a05747f,0.0259853630169324,0.7665091939721702,6,238.2155555555556,9,949.6,0.1237416846433474,5,773.09,47.12,0.4455555555555555,50.56111111111112,33.11642008981885,109.17731691776436,70.0,3,2346.18,212.55628350017213,16,4,0
4abc0a247d70eb6374b7088be2b737590edfddabd21adb698a9aec8a3e3aadc0,0.1050916925017078,0.5909849749582637,0,166.25,1,350.0,0.2804674457429048,0,152.22,5.72,0.23,144.65,56.7828977144239,225.67931031214343,0.0,10,370.25,0.0,3,2,0
ca2816344ea388ed7cd5d3b3ba6b0aaca6781249baefb707469fd4e9c85b8abc,0.0914662032379036,0.7985611510791367,0,85.0,1,374.0,0.0719424460431654,0,145.4,2.3,0.2,60.42,27.007432007009587,112.21026401637894,18.0,18,85.0,0.0,1,1,0
509915f0f3d70ba36c5d409e0007190ed503bd3ee2dcd4303c6eb4f3dd2cca34,0.0501403931006819,0.7547796714941717,0,31.87,2,475.0,0.2154163723066054,0,88.29,1.84,0.415,52.365,118.23996647877624,252.5957023525229,0.0,27,95.91,309.8167108204533,1,1,0
daab408ac69e5388872e7b85a438bc5a04418ed83bda2a3a2a34ae22b7f0d7e3,0.0284224483297588,0.7965462829435948,0,61.812,5,778.15,0.1083984909777047,0,345.59,7.8,0.2279999999999999,30.522,46.14100243115677,94.04588774022332,162.0,12,339.06,94.30410752940276,2,2,0
302775fdc0dca470257d28cedef06e45e3610b2b7e7859952306eedaa2c3cfb0,0.0084852187489393,0.8120971727961921,0,165.70333333333335,3,518.0,0.1246198274108759,3,354.98,13.51,0.66,72.58666666666666,57.50682675488593,171.5530686544639,143.0,12,497.1,107.69076308503912,4,2,0
db9e94835894f11786666c8a91934f6a7197fb49945235810474fa524eac3ce5,0.0094122076333003,0.7300985712374892,1,111.44,5,736.16,0.1583351068048228,1,481.21,16.7,0.308,36.516000000000005,26.99569315418344,85.64216165518243,59.0,8,834.2,151.34922978971434,4,2,0
78c294e451c1a42a062c83cb4372108bf063e4cdd8889dc4aae655ae2bbcf4c7,0.0,0.7313655062319642,0,119.5,2,775.0,0.1554307116104868,0,559.21,10.2,0.225,93.055,37.70388566693273,181.7313180233428,0.0,5,239.0,45.37265190427953,3,3,0
430d4f686ad2797d3ac20ab0cdb57fec450890bcf07d02a46062ab08d6130314,0.0,0.8967951006484406,0,69.39,3,765.0,0.0182151225287998,1,184.03,4.92,0.3033333333333333,55.66333333333333,17.147064551144158,70.19201503165903,0.0,9,208.17,327.2590410641168,3,3,0
9decc96bc6427490329c4bf13e8a993a76b6abd9e79046779f536046945a538e,0.0,0.8892256224250504,4,59.814,5,354.48,0.0207376062123684,0,567.3,13.0,0.124,26.34,23.332538514143693,72.64034654398884,0.0,3,299.07,80.18985470974967,6,2,0
0e6ef1a6b0a76fa4ea623900b1715c8320eab2b89193bc757974fc5891d424e9,0.0262142185635872,0.8485143239228669,1,118.3775,12,748.0,0.0520782932165242,4,877.85,36.48,0.3283333333333333,26.394166666666663,23.50655343108605,64.20729443971477,123.0,1,1420.53,171.6350402147881,11,4,0
40213e2e058838af23b6b959ac51d78e1c5955a58bf031f77c31a7ea4b0f3606,0.0,0.8153821713870733,1,28.54,2,375.0,0.1102941176470588,0,464.84,7.08,0.245,17.735000000000003,25.870625166959712,70.62845841846776,0.0,8,97.08,91.06659383124176,2,2,0
b95283a2401fcd2c4bf38a85d304f003b304c4f06f613e3596c6223943c16aa1,0.0114910829196543,0.8426488666707144,0,78.2,4,399.0,0.0209340954110267,1,234.59,8.47,0.235,53.82000000000001,24.094159275453208,79.49812973140743,0.0,13,312.8,237.4589652364336,2,2,0
bdaa16c86691d0e8c083cfd296d013e8e139a73157a87ad568358899c0a5a94b,0.0772353595608919,0.8851923953566836,0,33.483999999999995,10,1037.4,0.0302699929199812,2,1013.96,27.33,0.1149999999999999,31.457,27.67658553859568,86.01952201496036,277.0,3,514.88,195.8481002775873,10,2,0
12718167e53c078da3c1b6d0e292672ebe6da0d642bce37c5cb8433e2146de36,0.0395851476526007,0.8910179640718563,0,81.0,1,350.0,0.0143712574850299,1,143.1,3.74,0.16,20.32,26.040668040901647,58.62820373320427,0.0,23,81.0,0.0,3,2,0
6a5520a362b3c8f59553ed7eda8f43b7ac0f57b6fab7ffbe942a4a697419d53a,0.0568996413440334,0.8397300556514065,0,153.265,4,519.0,0.0614682946265938,3,317.98,16.22,0.26,57.75,36.25530377643361,132.9045537912094,70.0,15,820.33,146.47793764474596,2,2,0
4e1a6cefa3022e9ced347b372d6ce250929a668b9410bdeb78fda1198c077270,0.017651831473414,0.8175193344279078,3,95.254,10,441.67,0.0678323988504957,3,613.91,24.7,0.1669999999999999,36.439,28.20791233671222,90.0634161359518,12.0,6,952.54,249.49518460760152,11,3,0
685457e7f28c3bee737b18f334e7a74b9dc949aad4bc50459f1cc8e92fea462b,0.0954821077344864,0.7202337887643239,0,179.51,4,700.0,0.1830064634871112,2,451.42,16.3,0.235,45.835,43.76435182075795,121.86808942546732,125.0,6,787.6,142.22927153011202,7,4,0
e6d95709867c14887bef2a2eeecdc09df186bed95c1923d2f4cf9bcb945f9ffd,0.0270767897758041,0.803198758706151,2,91.97142857142856,7,587.4,0.0867397250102864,0,900.24,23.93,0.1957142857142857,33.40857142857143,48.69633529312768,98.11842536728854,30.0,2,659.8,140.7715237266061,4,3,0
4a51ffe79a284b97fa9eec5f694ba391bfcb1cac296cb00ed363de63cb3b33de,0.1076565189736123,0.7708648185415646,0,213.518,5,615.0,0.0919387010037783,3,683.78,26.1,0.252,48.782,50.92079360977287,132.15420775937713,78.0,5,1067.6,254.80272299345648,4,2,0
12fdd206e4e05ae5e96d5e2c0b863c66e313fde5f494fc08ee72f5672f061d66,0.0583460899517194,0.695465601880748,0,283.7683333333334,6,309.38,0.1595093710789158,7,849.01,42.77,0.415,54.44333333333333,33.943107856684456,126.64971944745996,101.0,1,1721.6,343.30208802687366,12,3,0
b31f6afd70a8e34636270a3e1dd6df1b9725c3b323b9148ab98cbaeabcc985fb,0.2050160595913341,0.6523517382413088,0,66.75,1,375.0,0.2433537832310838,0,277.5,3.6,0.1,43.87000000000002,72.26791450721667,151.67772480862584,0.0,6,66.75,0.0,1,1,0
48c12bee94aa649debd9280699e9535ce95e11a8abce106525afb2353609c46d,0.0,0.9261972676776072,6,171.1016666666667,12,63.94,0.0058102978063998,6,926.33,49.62,0.2333333333333333,28.57416666666667,9.13877257987762,48.57665315942105,0.0,1,2063.22,151.65305905424796,7,2,0
1cf22e7919baada97527269144e389a8c91d959d99d498dac5007dc4b3732ebd,0.0443786630281918,0.9202032940825512,1,83.64999999999999,6,646.0,0.0109184328837508,1,258.39,10.39,0.2316666666666667,18.03833333333333,18.849560497724,49.465503591959326,121.0,11,573.02,350.7642304709494,4,2,0
d116f955d52de891839cc4b55a6a7c04d25af55147331215f2641da49b3dc6b7,0.0,0.8072802197802198,0,49.5,2,400.0,0.1193376068376068,0,157.62,4.29,0.265,49.66,50.76610420319562,129.83583809021246,0.0,16,271.55,108.91310577901378,2,2,0
3244f61ca1c6dc40c0835c9673018971ad23fa6a4120d9338e452b2c9494b1f0,0.0295086816741232,0.7893359452526456,0,168.095,4,404.56,0.0178449630342374,3,374.67,16.75,0.3375,41.477500000000006,36.50305146919417,97.57776353157,0.0,13,792.38,323.0147456916021,5,3,0
c073d560d4331fac18215e4b4dd45871dbcc263c891332c1f781054de56fc229,0.0335276100216221,0.7326380826943666,0,87.31666666666666,3,400.0,0.1628162816281628,1,667.9,14.97,0.13,38.8,22.546677355995683,70.88222274293372,0.0,3,293.95,38.22112545856117,2,2,0
6a8681bd373df2b3b1b9c22d2ed30df0e0c3f359246e1936694634156c1a816c,0.0,0.703255235330707,0,110.25,2,386.89,0.1082961849471283,0,86.0,3.57,0.155,56.315,43.27591265370509,118.2550137983146,0.0,19,220.5,173.10862686372462,3,2,0
fee0a7867c612a7d1bacd06ae8b10637fa839d39d8ac3627ac07dcd081038591,0.0420873666846236,0.587711428020183,0,72.05,4,423.0,0.2447064781084179,1,157.49,5.96,0.215,37.835,38.38861934844456,112.6787944196325,0.0,17,288.2,110.7065813128374,1,1,0
3391ea6881b542f5018c00034c2700f784933811e9f6f00bf046be9fb0a65c0c,0.0352824525401546,0.7021212899502722,1,78.64555555555555,9,982.0,0.2285091170649858,3,392.77,18.06,0.2966666666666666,52.117777777777775,63.87343923360205,146.4769847073155,160.0,11,747.79,180.07853339132782,16,3,0
a6541a157508ddadf078f67f363250b41b4975b07f02ee7fc82d152ca544c71b,0.0259392754474952,0.8578482504768837,1,165.45999999999998,10,793.76,0.0383636121072618,7,917.91,49.41,0.25,26.112,19.205696224561787,59.894739363320056,148.0,2,2163.59,132.8870725331808,7,3,0
3e679bd30dd976ca4448eb48ae463a7e61b950ffc4ad057b08f589262be9a8a7,0.0438923758943072,0.8852339181286549,0,127.155,2,800.0,0.0237037037037037,0,459.88,8.08,0.14,128.655,33.40845933544867,157.3654149516507,0.0,3,254.3,7.105052374228132,2,2,0
8b3d7149684fc06a91bafd91e02751db226665b527ed8a9ecea3ecd404c445e9,0.0,0.906158357771261,0,39.6,1,375.0,0.0,0,247.69,3.01,0.07,26.27000000000001,25.87402385196703,85.80621778199428,0.0,15,49.6,0.0,1,1,0
d1498d47d9fd04382f50264060fb6c8d64a538dd76648d30323868bbcc1d4a69,0.0,0.8030752202297279,2,138.28,3,731.48,0.0647427249429752,1,676.19,17.38,0.32,20.88000000000001,34.846533386023,81.07476912933532,0.0,3,414.84,107.24586187777167,2,2,0
59df0af58823a8a5539671420499b56033456ec886f69f56ee01c3b9c6c78359,0.02952901225454,0.6858918569101337,0,212.5,2,325.0,0.1722307766694189,2,120.48,8.45,0.375,44.935,51.35148932073409,121.23928465567144,0.0,16,425.0,309.7479297435483,2,2,0
b73552b65367f135551d4c0dab68712a05eb1006a50c60fe1b2458a71411d1a7,0.0,0.7531305903398927,0,383.0,1,345.0,0.0626118067978533,0,90.8,5.24,0.57,32.58,57.77389803148643,120.77659115141137,0.0,18,383.0,0.0,2,2,0
a0230cd3fa523610e6bb185443b7364f94a62177a9220e32b8e76be9ebfbf6df,0.0316736348663372,0.5637195972507545,0,33.913333333333334,3,967.0,0.0415151284587486,0,562.65,8.91,0.1166666666666666,41.56666666666666,50.23842990965776,137.49582519159216,216.0,8,101.74,384.6222613489961,1,1,0
dc6a82e25fce31a26ec51f97208bbf3c82d84227929bc25eafac457f54bc0e4e,0.0435634937922021,0.7934857934857935,0,112.95,2,582.0,0.0569993069993069,0,331.2,6.46,0.245,33.175,41.00770911478922,100.79916037827162,132.0,11,225.9,51.30166463074638,2,2,0
c8bb9f7ed463726c0043d5e8118186637503daafbc69089bf3374a44a51fe706,0.0194522253345782,0.7649299126430233,4,83.66666666666667,3,172.2,0.1506233142974703,1,393.97,10.61,0.2433333333333333,30.88666666666668,37.614411729109385,90.81533802571477,0.0,7,251.0,54.03620559436614,6,3,0
3b78db9b2379cfd0f0e7ca4ff0b3ea9631655029703486d364fbe113424530d7,0.0423246674485143,0.7209815786612273,3,99.31444444444443,9,904.81,0.1669573000296006,2,640.3,26.09,0.2122222222222222,46.79777777777778,38.52147016854141,117.5229313853676,165.0,5,1125.82,192.7133690828753,5,3,0
939d7d86defd6424f324ec52bef62e020cdb7191f9669a2d4927f77f28e393f9,0.1009342689487915,0.6803343233358129,3,234.016,5,479.18,0.1870149262105664,3,218.6,19.89,0.3,59.32000000000001,54.01122603827836,133.9688957965513,0.0,14,1170.08,192.1380918346061,3,3,0
086d01b2c7d8b5e39d7f3d90c84391712c833c494f44ce118430be36e792a444,0.032318531445931,0.9040316305665634,1,67.0,2,455.0,0.0128205128205128,0,487.92,7.87,0.13,27.485,28.60955821287323,77.02550505014017,0.0,5,134.0,72.27691077627979,3,2,0
a074739f8b6eb34cf5221a0d8943742bd6933658b622789a9428ee7c26c338b3,0.0147408476713588,0.893227946806244,0,203.3,8,411.05,0.0209681919479774,8,483.4,34.34,0.2312499999999999,44.65875,28.942645235778528,90.38062776572178,0.0,10,1642.41,325.26183418088505,7,2,0
a2a9b1918a19910db22e8df049c0b3f74ecb02fb9d646d94ff64b8d62fc7ffa0,0.032412204010401,0.7679153626992968,6,79.75888888888888,9,1213.1,0.048725706302181,3,655.03,24.88,0.1622222222222222,42.058888888888895,40.61284487259021,110.85749960122904,55.0,1,717.83,304.423906720896,7,3,0
112e8922c9888a2141d383e8efb4499f9d2b7b5387d059d071c95aa51c62b941,0.0969838037047812,0.8012618296529969,0,24.0,1,325.0,0.1230283911671924,0,82.01,1.38,0.11,13.590000000000003,11.92347247468684,35.134477408008905,0.0,19,56.0,0.0,1,1,0
1db9656a80591c1f35e7c9c0224310e087a94913f1e0348514e8ba5f708ee33d,0.0850623877426463,0.8084726449249356,0,97.825,4,1005.08,0.0856336300724869,1,922.4,25.16,0.2274999999999999,74.5925,41.0071572792305,161.55332593629822,93.0,2,677.3,126.3964571522257,5,4,0
5860993d57c5ae41b8a286e4a8bae632d9e41c77958546ba73eba342e95723c6,0.0323671042287405,0.8261775552828458,3,156.56285714285715,7,409.9,0.0795095651759535,3,578.21,25.24,0.4757142857142857,59.07285714285714,33.01065528618033,117.43354690510952,0.0,4,1095.94,115.21088492688436,6,3,0
cb6b57e90f63896d1a0308dac325396f69a300d2113bc7de3d1553790636dd49,0.0,0.7611548556430446,0,140.0,1,400.0,0.1154855643044619,0,173.22,3.13,0.35,36.5,67.67088718815651,137.94561212828506,0.0,20,140.0,0.0,1,1,0
832bf74a6e2bc75370aae8111292887fb54e5398652ac73958e7b10e6ccf0adb,0.0177635669242382,0.9126147843414572,0,43.53,6,468.64,0.0256193693693693,0,1037.1,22.37,0.1616666666666666,45.35166666666667,8.55017493814601,71.32013383386763,0.0,2,261.18,19.301366894742657,2,2,0
f06521c691a815d7af757e7c10b0d58a82dd4bc83422f1f6a14e246319e7f3bc,0.0368648657705659,0.695857370578096,0,64.0,6,516.0,0.1797762792369331,1,205.41,7.39,0.2666666666666666,53.85666666666668,86.40993587090877,173.0795342464513,60.0,16,384.0,178.4669787756583,4,2,0
65610a60e0732e24839e910ea182818a1e9efd1c2487f870bc6bf4270cae2b54,0.0512798541913399,0.7643839481081223,2,158.56375,8,1274.77,0.1108196818371067,4,825.09,34.14,0.35875,33.81750000000001,48.42750302938694,107.83180297495582,486.0,6,1268.5,269.23327380627694,10,2,0
086e66bd08c34a5082e7a7f5f53604c7e4fe3b728877776bd09584e939e52e12,0.0169178974437057,0.8951094448483988,1,109.53333333333336,3,350.0,0.0142576204523107,1,295.46,8.48,0.22,24.67333333333333,21.43811649956976,58.0183690917822,0.0,12,328.6,119.7042804149864,2,2,0
c68b8d7a00629761d35f9443552ee3cd713a2f42cffca83d10935ec2d9d99473,0.0,0.8520710059171598,0,52.0,1,325.0,0.1301775147928994,0,64.99,1.17,1.0,144.73,61.22297356946835,288.00598009014993,0.0,21,52.0,0.0,1,1,0
d8a57c2d1c7ff831d6de9ab2984fda553a6eb27d94ebc093ebe0e5dc9760022c,0.0132303348611328,0.8948914894190879,7,121.6829411764706,17,561.4,0.0298292214735348,7,1056.14,55.42,0.2623529411764705,18.52764705882353,12.971293613873224,41.254372492358776,69.0,1,2068.61,180.5558849945681,6,2,0
1baa89ec6a14df195062ecef9f0e3a0eda3f766137073a2f92edf6e6312e726c,0.0620431174946124,0.8336781162565571,3,155.96428571428572,7,493.0,0.0565165538895175,4,542.17,25.8,0.2614285714285714,23.15714285714285,21.0484793645095,58.68400585213981,18.0,5,1091.74,269.2657052182004,7,2,0
7e77fbcbaa3c2463d813c2a69d15660bd69cc9fc031470e3dc50f73ac9d61168,0.0079382719969517,0.8818190721579723,0,177.43571428571428,7,780.2,0.0309492509957348,5,1024.94,39.82,0.4685714285714285,28.414285714285707,28.874345616607805,77.14601944792214,107.0,2,1286.85,135.12517641976066,4,4,0
caadfe6a9f6ee197c13f432175d193031fda74bb5032b9d031493a3e3f2211c8,0.0,0.9078897323268686,0,241.9,2,350.0,0.0152323012176287,2,204.12,9.88,0.4599999999999999,29.465,24.192181872642465,75.91876276013181,0.0,14,483.8,61.71209555160123,4,4,0
9d44c7078d4fedcf6b5e18520b8b8ffc8b76ed3f0d7ffe9e7d35897cecf681e2,0.0386803200645789,0.8947829997576952,4,116.25142857142858,7,916.8,0.0136554829248436,2,840.67,28.39,0.1914285714285714,28.588571428571424,24.69036813064651,86.0118750022432,172.0,4,854.4,205.5756048797896,5,2,0
950d221a0eb4a16f07dfc930fe8e2efc21cfc0d43c91568b09e9f01a97b6d788,0.0,0.888243831640058,0,147.0,1,350.0,0.0174165457184325,0,242.1,3.9,0.31,27.91,2.618538324420873,37.64866436955042,0.0,27,147.0,0.0,1,1,0
551ac2c928650a7baf14ca0467ff1481ca283e327e9c2a024883f65c78b82757,0.0079272635897272,0.774626932672185,8,207.2671428571429,14,760.13,0.1110285707426334,9,940.42,64.86,0.2521428571428571,35.947857142857146,29.205447900848647,92.86846622424252,230.0,1,2901.74,207.0780091021697,5,4,0
ef11e05ef05e4b01ea9ecc49d7e1891454ac649552c784513d241faed862ffca,0.0197252407820386,0.7231124547203549,1,121.618,5,377.08,0.162762302193514,3,410.31,16.02,0.27,52.53,33.67785173356026,111.32076472523195,12.0,11,669.08,187.6769850985312,8,2,0
4c16480baeba18b3ec18d49d9cc3214838d044175a84b7ba1467e2082c0c668b,0.0,0.7700892857142857,0,48.0,1,375.0,0.1674107142857142,0,426.39,5.69,0.08,46.44,31.356331688637063,108.41038869805324,0.0,19,63.0,0.0,2,2,0
f9645e85ad859d7943a3185c12ba3264abde5792fcc207ac1fe3b3184a403e00,0.2007427481682219,0.3410596026490066,0,17.1,1,400.0,0.6291390728476821,0,242.48,2.61,0.2,62.91,69.3403701685533,167.14975190333777,0.0,10,17.1,0.0,1,1,0
8f11581f4468d32b53a937982e2172e451a54e31a6027e47b2954dd8027cf73f,0.0227717812087261,0.8404480809479079,0,51.92,3,400.0,0.1116741648951071,0,242.28,4.09,0.8666666666666667,53.50333333333333,36.35534110247383,124.4453359372432,0.0,15,166.0,33.21193717246674,2,2,0
ebd9dad2aec1bc4f44d4bd5e0558ce7983172d2c2653fc90a474e3e0661820c2,0.0,0.9001501097951619,0,114.44,2,381.8,0.0126050420168067,1,165.99,5.45,0.14,15.085000000000004,13.87188756687963,39.75880904504097,0.0,3,228.88,148.45797656637876,3,2,0
3508f1b2abbc2dd10d82fd9e0564b0bc2e61a5d32eca90310b0b79b628111a3b,0.1590330788804068,0.8790697674418605,0,66.0,1,425.0,0.0,0,962.93,18.56,0.16,5.150000000000006,9.530284067203924,18.7234859136468,0.0,2,66.0,0.0,1,1,0
f1089710091c13270c72a5eb317f7a6da3a36183b3409bade03952ffbf676dee,0.0,0.9660493827160492,0,96.0,1,375.0,0.0,0,251.2,3.52,0.6,130.7,11.92134778287414,186.34958600891164,0.0,12,96.0,0.0,1,1,0
323ff6b54a877e5b348ac88067a278bee26a12a79581e3eefce76a1bace4ace1,0.0,0.6869698094884464,0,175.5,2,830.0,0.1448973179857758,1,488.75,11.06,0.36,59.67999999999999,30.00808979483675,126.98864076450823,184.0,6,351.0,62.87567621552409,2,2,0
0fafd1412ee96161fca2c0de8a1705e2afc4d964e8709098d55628fee700ab04,0.075873114392506,0.689675903708332,4,138.23166666666668,18,1599.73,0.166766838999225,6,770.63,48.98,0.2677777777777778,45.81333333333333,50.98003874139713,122.7428999879794,206.0,1,2488.18,229.36426554882,22,2,0
103351a9459ff1b3c549b50d3e08ce699a0a9d98fae57eb7017536f75c7c92ff,0.0118942836072983,0.7490756328564964,2,198.795,4,492.0,0.1445318437503975,2,945.68,29.42,0.2224999999999999,20.31999999999999,18.417812270699685,49.39725931301611,17.0,2,795.2,67.57029184446544,8,4,0
4f3684052931e2a9f0471f1dde0800c20cc25db0a492b8a6c392727c0d88281e,0.0513940551583859,0.8280042023929317,1,104.14666666666666,6,522.25,0.0736065640097913,2,431.26,14.88,0.2583333333333333,34.623333333333335,28.72208821897334,90.65739105596602,64.0,6,624.95,227.4507844863148,5,2,0
2f1f11fe11541cd8cfbea71989373ebf5f627ced327aeac0868e0e8680878a47,0.0541759451111647,0.7818258601551584,0,131.76875,8,934.4,0.1020334974760508,2,533.81,21.72,0.31875,42.41875,37.74306130377819,110.034873954052,130.0,5,1054.15,258.2193805914167,8,5,0
f17c47419613d00c47d59e9b6e63a4260182e3bf9f4e774111158356253f639e,0.1114969876617887,0.5703491878785152,0,137.5,3,400.0,0.2705762583873262,1,122.42,6.85,0.4733333333333333,49.28000000000001,101.31538031526507,173.11043993506732,0.0,24,412.5,52.08633007933935,5,2,0
0e3fbdb78ad0e8991d5b342ae53e8668f30d12694c619e4db268925ea3717dfb,0.0434933890048712,0.9417303126980546,0,162.5,2,325.0,0.0190615835777126,0,104.41,4.79,0.775,45.07000000000001,56.86137121827507,148.28782112123136,0.0,23,325.0,26.587504403032646,1,1,0
c2f8fc34a1f993f4c215dfde8700aea33951850b49feedd0797f0044922bade9,0.0077777285248775,0.8671365375387283,8,270.2285714285714,14,685.49,0.01976290679775,13,897.02,77.84,0.335,33.46785714285714,24.33285491764397,75.2209715819462,70.0,1,3808.2,132.04568623114832,13,4,0
bb6e6c5ff09abc3fc9b7c49fe977fc2ff7822d879469054d0509472a16b5eadd,0.0040194864704085,0.9163551665930296,0,228.2475,4,759.0,0.0263912630579297,3,460.16,19.18,0.2475,29.235,21.818024567912595,79.60172240518588,9.0,6,912.99,82.17655505835747,5,3,0
9e7c43c30faacddd093b6ab2fd47a597dcae216ba30b21725d7e9221bbd05858,0.0772295666450046,0.7564284290633205,0,93.86666666666667,3,522.0,0.1154210148899789,0,285.19,6.84,0.1399999999999999,74.81333333333333,53.93646860857455,152.3910367270324,59.0,14,379.6,188.568048729523,1,1,0
4ef09931e4428cf9861734979ae538cb3e09ed7ec819663391fdb0cb6f207553,0.0532515643747068,0.8262238183858773,1,89.672,5,742.1,0.0566841171923639,1,747.79,19.19,0.19,63.152,38.5516964501354,122.81746584986617,134.0,4,466.36,303.3797185235642,3,2,0
41992e630f9cf6beb8a63abe3b7e0d57a8fc56de536f7f7a55283afc18cbed40,0.033517680576504,0.8377631941167216,1,18.066666666666663,3,493.21,0.0440364952021393,0,564.92,9.42,0.0566666666666666,21.47333333333334,20.54742684855936,64.8461013685705,0.0,6,97.12,186.13095947578776,3,2,0
d0222ddb82f25b887953df427c98e44eb4f409036b60050f69896d02127a90db,0.010533672264098,0.8165117102554513,9,159.17624999999998,16,77.54,0.0745944819498175,11,916.52,63.6,0.255625,40.369375000000005,25.12305422015969,87.98632121178373,0.0,1,2586.02,169.9794645896419,23,2,0
3aa96f5b749bdd2c2aa246e65ea84fc7809a840c8e242130b740895f044572b0,0.0419219652894767,0.7347465571894218,0,249.196,5,1102.94,0.1277296153921025,6,933.01,48.26,0.35,36.108,42.46905623479601,95.1463117356068,237.0,2,2210.77,140.09113160613205,4,3,0
36f0ad1bf5030d48edde60934b1e07a9b23492026a777ba2c0b47c4e1993254f,0.0,0.7811421455257072,0,26.14,2,325.0,0.159651307596513,0,107.99,1.6,0.18,40.33,47.84827817521965,130.0446014137261,0.0,19,52.3,254.33936187338432,2,2,0
4d06008ff56d2e6e7b32fdce2620f168f75f5bdc689661cb27f37210c0691c65,0.0941885655081476,0.7439024390243902,0,80.0,1,494.0,0.1829268292682926,0,709.01,12.35,0.38,158.83,77.36401192838902,297.530752471834,44.0,2,80.0,0.0,1,1,0
861ca13ea27113f4f9bbb7da1308830fde548a5f203c1355790b0429b907c6a6,0.1197827142824968,0.7916022755396177,0,254.33,5,851.81,0.0910225245230784,5,988.32,39.16,0.254,36.51800000000001,48.187071523891895,113.6516169093735,216.0,2,1412.56,157.2602806110201,4,3,0
1ffc9c8c0380bc81ad2d63e0918ef61129ae1ec5327b6daa79bd2d2361a5d83a,0.095183704549781,0.9258160237388724,0,74.0,1,350.0,0.0,0,68.72,1.43,0.25,74.10999999999999,63.9951047402986,180.3053930171242,0.0,30,74.0,0.0,1,1,0
440d19d9ec6503194c72fa93acf22af274ce203c7f0f1465a4490521807c6eb4,0.031996923660443,0.7431604010185422,5,194.41571428571427,7,391.0,0.160733444445161,5,798.62,37.4,0.1985714285714285,53.3,39.06510445087764,114.63314380347106,0.0,1,1360.91,185.9227334402157,4,3,0
245fe63b0632a513e49ffe0983418c3d592be844d37ca8b08bbc090acd3c03cf,0.0365586628724775,0.7612039811951735,9,136.96599999999998,15,1332.51,0.1035624839070866,3,1045.09,50.5,0.3286666666666666,35.534666666666666,39.27858410202702,103.045918695436,413.0,1,2054.52,175.7995633241377,12,3,0
21dfc1d7f51eb26a5850c9dff087d79c9f4e4f0468bab5068b312563f1c88680,0.0371156617432275,0.7979390443956238,0,202.83,7,445.0,0.0999766433707964,5,603.59,33.75,0.3671428571428571,55.861428571428576,48.82082810589893,156.77488956596775,70.0,3,1733.06,215.5400849360544,12,6,0
37482407f7c64c59fb0d5546a2f56645f84f0a533ffa6e8bd8bc76209743c82c,0.0,0.9670103092783504,0,133.0,1,586.4,0.0,1,378.98,7.32,0.5,27.17,10.443403309581884,61.34980894519711,24.0,9,143.0,0.0,1,1,0
ad2a5a53ff81173696b970b690b13afc0ac990400c3a7af1c63f76a05f46977f,0.0,0.8176196570104425,2,101.389,10,982.8,0.0698195672922614,2,551.75,22.26,0.2,45.589,45.82142143645277,131.32761174991168,70.0,10,1013.89,139.77962438245746,5,2,0
7038aaf51b1dd85285dbd327593edaf4a63239bc139ed1ece9f56f9c32aee750,0.017921146953405,0.8700708117544238,1,115.128,5,561.08,0.024298784366795,3,487.85,16.98,0.246,56.342000000000006,48.2114773803054,141.5751873153271,0.0,16,595.64,270.4020343822434,4,2,0
a50e48bdb75991334b53eab1614d94dbc1136c4b4fc5e282bfc5ae8d53502a3a,0.0599473754397771,0.8529502343975945,3,190.16333333333333,6,464.91,0.0350473575724784,2,761.5,28.78,0.3116666666666667,22.22833333333333,22.30995897770105,62.282507695850846,0.0,1,1141.0,169.6060605865545,8,4,0
878c1c2a8ba9c8e2b0382da9f5fc1af2ac2a5dd1f75f7842b9425ac69bb1969d,0.0420067987008326,0.8149410423671382,4,96.33,10,1390.0,0.085206535063694,4,471.72,25.34,0.339,51.285,51.08916064402793,152.50739382800924,365.0,4,963.29,151.19433265270578,9,2,0
4f73c33c811d131566acfd709b76c6205eda2c17f23b38f6c7a034edc224e1e2,0.0504737932366367,0.749333125950611,2,146.3733333333333,9,880.0,0.1575951818166581,3,684.62,30.96,0.2888888888888889,20.697777777777777,16.997443264787577,50.42543677859846,80.0,2,1351.36,147.66682825166723,6,2,0
79c266a4dd9a7e3a75fb9f194151509501a774200e1cc1bd52922728493f7120,0.0487709715177525,0.8446631020788499,1,49.5,2,404.0,0.0790273556231003,0,311.19,4.91,0.125,23.535000000000004,31.01248238847643,74.94313420922106,0.0,13,99.0,146.7090693370772,2,2,0
c330cc7cb4cba6d6ec86101ad2414cc71d7d39e92463e8bf8aae7bfb531be713,0.0434215926154331,0.7750580353521019,1,168.01749999999998,4,547.5,0.0614405816670173,1,344.68,12.62,0.31,84.6175,40.578332442709055,162.81314951654434,137.0,7,672.08,136.91726803419516,6,3,0
8fe8e727bdd70486470f4ca6a2fc056af71d0529baeb8fbf744afff5f6b8feca,0.0748040851150402,0.8644563231524942,4,81.92923076923077,13,1285.65,0.0320674027637186,2,975.77,38.0,0.1938461538461538,32.87923076923077,27.08035848064217,86.34318862033979,118.0,3,1527.59,114.21825057867648,6,2,0
8152b887c8589c5da153bf5856e2c0379439d2c05ddbd29e022264baa7594c6a,0.0592595497845354,0.7969337005666455,4,185.696,5,344.55,0.0866661373879433,5,848.14,36.15,0.296,36.316,35.17559513818774,102.7967864006542,0.0,1,1162.26,147.31518186092472,3,2,0
3bf043d871ce2c8d73461bbf102566a33398192275af42a26926470c6cf71a59,0.0,0.8057079094381867,0,216.3,2,375.0,0.0987434893703634,2,328.58,10.99,0.23,89.735,25.537033456546816,153.93486004669387,0.0,13,432.6,141.69792645119327,3,2,0
2c2039d10b6321a66cade1161f207d0cdee229a1c50165b50c5708cdf21cd76e,0.0693817964161031,0.8339790392471017,0,171.67333333333332,3,1525.0,0.0358367053990174,2,358.85,15.52,0.3,27.19333333333334,39.69884987008981,92.24025926206146,0.0,6,841.85,223.64621487934505,4,3,0
feb7d4624e793f7a32a7110ccbdfdb7458e30809b9c74769033ceebcfb4059c0,0.0524463314427877,0.9039162005459328,4,106.5625,12,296.1,0.0173143790972209,5,994.63,41.49,0.4033333333333333,22.426666666666662,23.287902440763464,68.21120088520375,0.0,1,1329.79,210.4038592006048,10,4,0
c323d20c068b6c84abbf52377297942158974d1444dfd7d9ee26aaceb8c13ff5,0.0781484062283893,0.7618988656215592,2,162.37,5,499.0,0.1228243147755168,3,421.59,18.61,0.2,49.162,45.50852150246014,112.67829420516829,70.0,10,811.85,233.6496058403656,1,1,0
f0a442afb5c2e9a1beafb466519cab13321ba0fa64b4c95302726dc95ae08673,0.0265107256321564,0.7935140183574886,0,199.7,6,781.66,0.0853352900185858,3,610.73,26.16,0.2083333333333333,53.085,44.34230152313842,121.92172561938744,104.0,5,1256.22,119.25081192765516,6,2,0
8eab76afe3d85c070a5075af909bd974b3fb652bd56b91b75f0a0956909a3760,0.0294249444105584,0.7409381442965817,1,252.6277777777778,9,125.36,0.1208182248966802,13,917.1,60.88,0.4166666666666667,52.95666666666667,40.31208859181,122.47210427404808,106.0,1,2412.42,126.20273917926448,13,5,0
25baf6c45450a6291f4b475548bc1720f6f831ffa635b654da3bbc207118b4e5,0.0,0.8414414414414414,1,184.0,1,350.0,0.0396396396396396,0,184.41,4.18,0.75,12.679999999999993,18.239831908970604,38.08197971390437,0.0,20,184.0,0.0,1,1,0
0404e5b4e50a3cd187d57b61c2a0e246eb363728ad844f30544db2f658233928,0.0285135780501215,0.8578902049919844,2,111.63571428571429,7,747.0,0.0492259854505662,2,697.61,23.08,0.2457142857142857,24.53428571428572,28.046129285265103,69.68327834897092,297.0,4,781.45,208.1406835974694,6,3,0
55508dcc2ec1f5fe2296a1a9a050d12aae63a2b72b835863a989ccf4bc75b672,0.0,0.7341389728096677,0,74.0,1,325.0,0.120845921450151,0,48.88,1.23,0.26,24.349999999999994,39.83153214498911,74.69041362895558,0.0,18,74.0,0.0,1,1,0
0657b0eaaaf5ec5d9d8b9a9dc532f3b78d4692d4ebca1fbc9ddf673400147eac,0.0516739929214673,0.8281522772726777,1,219.41,8,2032.48,0.0205043352291913,5,743.59,39.33,0.43625,44.82125,47.0771394759092,110.90147167548172,470.0,3,1791.39,296.8531276488719,8,4,0
b3a40d5547a5a62db89c8f7002a00f7132ba9e2f13f7bcbff41bd55ce0f33ab6,0.0257320592739905,0.8542748251735744,4,129.297,10,39.39,0.0801008044170138,7,848.26,40.88,0.378,32.47699999999999,33.02356198206669,91.14297451521574,0.0,1,1334.97,213.3022283118229,12,4,0
08ecacbd072c719027ed58c6ed538ec767c24b92d488943a523410114f21dca3,0.0251117615273011,0.8602139953699848,3,27.35375,8,1421.2,0.0523167971388677,0,896.36,19.93,0.21375,28.80375,32.88116593601093,92.71634125292243,440.0,3,218.81,218.7622026183417,6,4,0
d36f4551bc81396b382a41612b71279e5039cdfe3084823f9f66513ff1c87854,0.0501353654868146,0.7659273079049198,0,20.25,2,375.0,0.1504629629629629,0,409.03,6.06,0.11,82.32499999999999,63.32191279366937,207.73188689923364,0.0,7,124.5,85.37742924642856,2,2,0
59d040accfba914639659198c6bb96dcb9707aaf27a44fdb9554f84efa8ddbe8,0.0,0.8656361474435196,0,209.94,1,400.0,0.0178359096313912,0,119.32,5.36,0.21,40.10999999999999,54.65459067105215,132.53251021581562,0.0,16,366.94,0.0,3,2,0
ba8734505b906c74b0f40302f804bdae85fb6cbe310be7eaf913423c45815a23,0.0,0.8417274007252475,4,246.777,10,87.84,0.0623652281080123,9,906.57,56.67,0.4599999999999999,44.203,34.92590178402897,105.22773247273317,0.0,1,2467.72,309.2101976209012,3,3,0
2779f86cc35fb101ff5f0dd9e2943be1a11ffb5f40ed49b6234a9d9e84feed4a,0.0,0.700374531835206,0,33.0,1,725.0,0.1685393258426966,1,562.21,10.58,1.0,61.18,40.02741936363193,135.02077561840952,0.0,4,120.0,0.0,1,1,0
a978ba9797db81693b1e7b9075fb47d3774c8ce0cff220c80fff924cbb8e7bff,0.0320676240463694,0.8483215857742632,0,280.985,4,367.79,0.0332529037274333,4,520.21,24.07,0.3475,63.807500000000005,24.8903239298495,93.4447265930533,0.0,8,1124.0,139.137716399879,8,2,0
e0b1c360e19f23c15d8b4f0dd3e1762ae9c0d3975fd8cabd789464562ba7a09c,0.0,0.8023255813953488,0,51.0,1,425.0,0.1046511627906976,0,66.12,1.97,0.3,23.04,31.229078790231945,82.738190250778,0.0,31,131.0,0.0,1,1,0
b9a75b08faa01a2c158271c559e90b6a7b8e1be95379dd1352bd55956f7b1498,0.020096463022508,0.8822289239436161,2,19.294,5,450.0,0.0328451659613116,0,341.88,5.92,0.108,41.29600000000001,28.150585072406937,109.44818573079688,0.0,11,106.5,161.70496251348015,3,2,0
246d6ea70113399f68c1b675ab3dfaa14e91c78d0491a60db8408714a2abb497,0.0450207095263821,0.758290750178054,0,127.0,2,417.0,0.1259343516412089,2,475.02,12.76,0.24,35.89000000000001,38.81704939980148,99.1599057501843,24.0,8,400.0,71.30706249525748,2,2,0
af632f6c2b361c8dd1793179398d0799faa4fdf0d32d61ebc3899b0505906c8b,0.0122597096900745,0.908065714588169,0,114.9525,8,581.83,0.0173684787581993,2,468.43,18.36,0.36,39.51125,35.41329431397521,104.25237841851909,46.0,13,919.62,135.38365847098248,7,2,0
4cbe7b50366faa10c6af07dc3b5311a2fbc831ac2872626435eadc8b9d71be24,0.0449330363913842,0.8265265327825316,0,232.2211111111111,9,508.21,0.0491456897803496,9,654.88,44.1,0.2155555555555555,50.78111111111111,29.15137207062216,98.25571078445095,0.0,4,2090.06,258.64171633392107,8,2,0
305e52369006cc700f38e711015fdedca2a22f40f6d65d94337f6a189576dae4,0.0983193436817268,0.675710376806817,2,208.28,11,678.07,0.1760263875191302,6,719.37,44.72,0.4063636363636363,41.97090909090909,45.60556087135057,99.7097269992095,84.0,4,2291.08,264.110138825853,14,2,0
cb34108dab8e37bdd49598b0307d8403375398edc4d39e2a3129f086c9367ce1,0.0466604475474521,0.809634387761697,2,334.621,10,344.88,0.0631753764102924,15,986.53,81.93,0.376,53.045,43.8419758765984,118.21629664637312,80.0,1,3943.85,353.26288141929194,11,5,0
4c7187562b53b3f7713165edba1c5a9a87442f9b6df9a017a0759ad8543f562d,0.0,0.8852290709064878,0,188.625,2,691.6,0.0,1,175.2,7.02,0.39,43.69500000000002,61.384327744155605,140.99345446075432,134.0,16,377.25,52.07897020512102,3,3,0
a3f9961870e45845557b8716f03281e835b41b20199c0a2c833d4843b9a40aaf,0.0268267174793828,0.9181543781186552,0,55.13333333333333,6,820.0,0.0163934426229508,1,265.34,7.57,0.1966666666666666,16.635000000000005,9.69906271585964,26.708812271236123,70.0,5,330.8,100.92377427025691,2,2,0
f89bd6d07c1ce9798e1df2d2bf94fcfae64026988fb5c22524538761d16dfd3a,0.0,0.8598482571329455,0,121.733,10,897.96,0.042177416308749,4,334.72,21.64,0.285,44.889,51.0879038919874,121.62842621228528,35.0,8,1238.3,229.3393813644713,11,2,0
83dea9042dd6641d1998308c57d8cb339bb9daff214aabd55765d26bdb1224fb,0.0232790930465349,0.9293493976872516,0,107.81333333333336,3,475.0,0.0,2,362.89,11.52,0.3033333333333333,22.433333333333334,13.4084346310761,43.52523458283491,0.0,7,436.0,210.43115733508387,3,2,0
918bdea2eb543fff42287acee3cb85b26882464e9649dd077248ee01b54056ab,0.0,0.8166666666666667,0,24.0,1,325.0,0.1533333333333333,0,64.42,1.08,1.0,41.2,66.2089430323417,143.67959849755545,0.0,20,44.0,0.0,1,1,0
f04b282cb43324eb2696afbb0a962ccc8017ed758c4d70d7a97771bbf4ee93ed,0.0970771995236828,0.7894966291300033,0,24.133333333333336,3,554.0,0.0826553902733953,0,258.08,3.38,0.0966666666666666,46.34,49.66244032532602,132.96334492095113,154.0,14,72.4,69.4830710425835,3,2,0
4495e2b4c229faac3125f000c08930637a3e4e1617b2eab7dd10da37b41e0448,0.0,0.7244782074892572,0,73.56,2,375.0,0.1909683855125843,0,193.69,3.41,0.2,35.76500000000001,32.38159666825639,89.12248096930048,0.0,16,147.12,188.07792461234948,1,1,0
6bfb8311b917819dedf5cb3a4dbf79e25f55aa15c3fb0cad762c5d37e2eb02f2,0.0962196764010856,0.7021158906274184,2,109.54333333333334,6,618.2,0.1796176285724418,2,838.28,25.36,0.2733333333333334,35.44833333333333,39.50506489909477,110.553784556535,108.0,5,657.26,231.2250700267424,5,4,0
31bc4978aad0681f5a1e5f1f5ec40aa1dd8a3f978c6d4c0895a474f333c31432,0.0669227206778981,0.7667919553758463,2,25.985,6,350.0,0.1486812973864351,0,451.37,8.54,0.1066666666666666,24.528333333333336,24.16546488755689,73.32334358786609,0.0,9,211.9,250.8749943375041,3,2,0
bfd43cf48fe28c1ffac040f5a3c20d164e61a4b7c0ce43a107df0fa5f9572d3f,0.0942507068803017,0.8157894736842105,0,30.0,1,375.0,0.0643274853801169,0,87.0,1.57,0.11,65.95,67.61801364343678,151.88034321744362,0.0,17,70.0,0.0,1,1,0
210c92c7d19043affcc161d4594d45adc08ac6f14b2daa22e3e978a895f98a53,0.0329673952461016,0.8625893780688646,2,116.76333333333332,3,1025.0,0.0594405594405594,0,454.3,9.96,0.3433333333333333,62.703333333333326,62.15500644862389,162.07922857275744,0.0,7,350.29,288.25100557261777,3,3,0
cfe641f7c934ec4e43232557a01ecac787c68ce1427b4a427218b41cfc6ab51a,0.0282445458809924,0.7866933222196459,1,141.40125,8,598.8,0.0858914518151563,5,292.41,23.6,0.25625,41.60875,45.29569014865413,119.28284809662097,0.0,11,1245.22,174.2895579164933,7,2,0
5af624dc03babbf6e04494dab79ef3b993ec9fc1bc0182fe9d56a867f16f6420,0.0488092797675841,0.6923734457531703,1,133.625,6,605.5,0.2416768582056236,4,404.96,20.67,0.8266666666666667,99.78499999999998,60.01109965920308,212.460001863528,0.0,12,940.97,153.90201831300936,1,1,0
824d8c6e17318a7346d236068326a06f84fa2a596567140caf053995cbcd0ac6,0.0519868539517654,0.7944823253506481,0,101.78,4,621.0,0.0940017074450123,0,814.29,18.64,0.2375,57.02,42.0662805703122,115.7426550711088,56.0,3,445.21,274.57516416439813,3,3,0
b413b05557881bc767ae2eaef7eccb409a2fd3222cdcb3aad503a68dde032aec,0.0552600702805148,0.862828205036352,1,140.3963157894737,19,241.52,0.0418559122863767,19,1090.33,86.58,0.251578947368421,33.12,22.76905115301941,71.33166879923104,0.0,1,3599.17,183.2076634081904,22,4,0
587acdf81bfc771b934dfc31968c648f3f86e65b8d5eb7ec75d1289bf5afac3c,0.0253350561171492,0.8302281075668669,0,167.33333333333334,3,470.0,0.1032515073212747,1,580.93,15.07,0.4499999999999999,56.85,25.99121130503457,117.11623652100116,70.0,11,522.0,125.22928078033055,2,2,0
bc006a287ba7620d93eb67147c138274d5b6dafb6dbd6cf4db71df7509e89e45,0.0113760465962868,0.8814617752133779,1,169.0825,4,415.39,0.0047993019197207,2,621.19,20.03,0.2675,54.682500000000005,22.32452472877461,109.0359775706664,0.0,8,717.0,164.65284575246469,3,2,0
db0ad956cd8a64355857d340ed5713536723db10dbfa00a7a7f33b74ea384050,0.0532664386912968,0.8931087470260546,3,113.17,8,437.3,0.028901302015794,3,964.61,35.47,0.23875,28.51,24.48165438037917,71.65399743892044,0.0,3,1152.84,163.37669464876632,3,2,0
e77f400c3fe04d2de17c482cfc6585adea16dd6bf6a2e8d54ea4262fadb9e089,0.0,0.9159420289855073,1,61.25,1,1047.6,0.0,0,611.43,10.23,0.19,61.91,46.51984098886258,160.48711671021604,0.0,4,61.25,0.0,1,1,0
1aa4ce898e5cd1e0f7bc5348e38a8b5aee1585786fc6e1f608d7c00591aff6a6,0.0046241491565551,0.9355982383062628,0,117.365,8,491.58,0.0239809130838879,0,628.13,19.63,0.535,38.8725,25.89521752774836,73.07714734659336,0.0,6,960.07,168.551405134104,3,3,0
f3dbf623ab6d8afd1e5b730185f2946ed38f3277b67a1093b71e9795b7ac5c47,0.0,0.8955568305131287,3,57.025,8,390.6,0.0219552032555436,2,724.69,21.01,0.11,25.245000000000008,16.28123436514742,65.60182590505103,0.0,2,456.2,137.1022653612686,6,2,0
e3a973c219106dd6bcc70d41db5517738774e5ec3f1a83b35e387c4cfb9d271c,0.0685681727908757,0.8161704790052111,2,65.10000000000001,3,404.6,0.0889769168329563,0,377.39,7.32,0.08,48.53666666666667,56.29655135477362,156.24155808734704,0.0,9,195.3,140.89970608015494,5,3,0
62fdd2bc1afd7b827d47fff8479e7f2d9d5c83389986fafaa2af982a18138927,0.0,0.8538732394366197,1,160.0,1,350.0,0.0492957746478873,0,154.21,3.84,0.24,63.21000000000004,58.561511792219214,151.43511666494,0.0,16,180.0,0.0,1,1,0
38c41fad8f1a41fb0353e19c86e06c58b05ca2862d6ca6912163aac07d217c04,0.0062353469347034,0.6070624375729395,1,165.25,4,474.0,0.3117768632999476,3,375.56,16.75,0.33,44.8925,30.152670203949423,94.78516382811172,49.0,9,741.0,176.32810325165033,7,4,0
ba9690255fb7b8074ac9e3d2db39d132fa3ff4d2437ae3e28dd37d9c37195e28,0.0723019427488906,0.8452651881380555,1,73.735,2,350.0,0.0526112243228368,0,205.18,4.03,0.13,37.155,21.181079042491508,76.0719997628106,0.0,14,147.49,130.52263774896775,3,2,0
407834274988cb1e90f9c0b7e86b4374f8cd767fbd73c2f391184e38bffcc592,0.0,0.9307785082311764,0,20.6475,4,625.0,0.0276898734177215,0,312.88,4.77,0.1225,24.2675,22.98789764042688,70.86197807176936,200.0,13,82.59,68.4275640233597,2,2,0
9aad1a0d3d33dcc5d4a265f9e21b4e89f7a0eb4f9597224f403e1ec65fd4f8dd,0.0,0.8208092485549133,0,200.0,1,350.0,0.0867052023121387,1,219.89,5.7,0.36,45.46000000000001,18.66125757846452,83.17078112257578,0.0,10,200.0,0.0,2,2,0
0fc25ae41eabc50221db2dc82043300702b04e0dd0a4c52c98f09ac53f751e78,0.0204280647216179,0.8150145800634763,2,176.6577777777778,9,574.82,0.0729657763814928,4,617.3,32.16,0.2866666666666667,73.1511111111111,34.87437702920769,141.1475341824283,20.0,2,1589.89,207.77619156438425,8,2,0
b17260fa3b6a3c58e7f885158f93bc496a963eecda187ea0989560530c4ee71e,0.0,0.902439024390244,0,90.0,1,375.0,0.0,0,166.6,2.57,0.2,27.129999999999995,39.41754984800762,98.73697656439369,0.0,18,90.0,0.0,1,1,0
6086d507707eea7e9bdf78db107ca29bbcbf2870aeb95a7cea381e179992d5eb,0.0422799547970691,0.891818641245775,3,163.9,5,494.0,0.0086986667437056,2,628.84,22.24,0.408,35.15,40.72633056229357,94.45923558680336,54.0,4,819.5,265.9561163363535,6,3,0
855646aa5c7755b87bcf3401c32d86cec91f777d2f7d34ea45d3346a8ca9dae9,0.0430033542616323,0.8747048157206714,0,161.5,2,725.0,0.0329341317365269,2,191.92,9.15,0.66,32.30500000000001,30.07442074609733,74.90964493708768,0.0,12,423.0,60.03323460869742,3,2,0
0750a6e15f87ac565043828ae5e1e9501c81560813b0745c493c4b89c9f5e3b7,0.1005227181342985,0.9276595744680852,0,17.0,1,395.0,0.0,0,555.71,7.99,0.07,163.41,25.84121003139903,279.82879857298366,0.0,8,27.0,0.0,1,1,0
f4e18687a84303d35b2c675a518d3b1deb59c9a2d11b7604c0b939a05fe7c5d7,0.0862065916830733,0.7263812691379771,0,192.5833333333333,6,881.0,0.1376969965498047,4,360.06,21.67,0.215,75.665,68.08561504662606,206.76285074394823,81.0,7,1155.5,202.6314855342138,8,4,0
3aa4edaf6b46d162ba21245de88c238aa19a452f2794ab9d048257e71ca8a7a7,0.0,0.7292817679558011,0,225.0,1,350.0,0.1353591160220994,0,94.77,3.7,0.52,124.0,33.93267873748276,203.8564789885164,0.0,19,225.0,0.0,3,2,0
750c7fb96afc9fb28e3e54bc5d7295cb39f2a3d48ce8250b4ef2639564cafd87,0.0427005439861953,0.7679960315982302,7,120.90846153846154,13,361.0,0.0976557591227414,7,849.75,45.7,0.2761538461538461,32.35,37.90953954152156,90.61339458179822,141.0,1,1712.87,236.5893866693215,4,2,0
ed68cbdef709380b02b2a4fdecc70c970004ab41e17b0cd80e4d6f1040173ee8,0.0,0.7638036809815951,0,38.25,1,411.9,0.1441717791411043,0,112.8,2.08,0.05,87.10999999999999,87.68680889393313,225.3430620041848,0.0,2,95.25,0.0,2,2,0
b9ef969ad473f0b7a44b47436b67d3fcf1ea7b736e2385fac6595210f4304c01,0.0,0.7849811793682477,3,52.528000000000006,5,735.0,0.1188061749685926,0,613.19,13.28,0.13,10.339999999999996,15.48727777513434,40.12713163936295,185.0,6,262.64,214.2382921785186,2,2,0
749a6c83806035ad8850ead9e930eec0d0537f6f976d646c29bfd254ca6774be,0.009626028781826,0.8541520608721667,0,154.01799999999997,5,375.0,0.0547243816622598,2,290.27,14.32,0.674,47.274,31.62683605481026,111.02858472330306,0.0,16,770.09,153.63839293994232,7,2,0
febda14e437ef5d0ba4e432aeae451bc3324113ae25dbbbb42006f54ad45f415,0.0160817022814358,0.9043527659295176,5,136.17857142857142,7,499.18,0.0285526334227314,2,982.89,32.93,0.3942857142857142,40.75714285714286,23.42239780527501,92.74972520906567,0.0,2,953.25,170.20793970777137,12,3,0
5cfa8276c314f31feaea67060716879ed45e5805f652540f4bdc46cfe50cbbae,0.0,0.8383343105650459,7,183.47857142857143,7,80.92,0.019774573399002,5,862.57,38.8,0.2642857142857143,38.25857142857143,27.327268726321048,79.26320181930843,49.0,1,1290.35,267.7194403923903,4,2,0
b25f25068f81014b37b48e1a222db6bd0fcf7172b150bfda55fa8cf98966e62f,0.0475194477968626,0.8668729196845156,0,240.0,3,560.0,0.0118905314858183,2,120.01,11.4,0.4366666666666667,49.053333333333335,48.5386248566241,110.8263376268639,90.0,6,720.0,47.79053554623078,4,2,0
cbe097402428eb71a3d863df235c8a413f1b4964b1fbe4a2503424e3c25324f8,0.079178964884522,0.7255206745983827,0,91.81,4,350.0,0.1907502675700643,1,263.11,7.9,0.2425,27.465000000000003,39.42690566597379,84.24652176034174,0.0,18,367.24,146.29558910897586,3,2,0
597dbbb31d960761a9704cbf64993985fd3366ef537e336939113015ead8f400,0.0,0.5766423357664233,0,33.0,1,375.0,0.354014598540146,0,575.79,9.05,0.21,117.66000000000004,49.74601188658198,295.36268352163097,0.0,5,33.0,0.0,1,1,0
724de96730f75df00b318de1eefebcd24c9e0ff7f07b001e40c76ea5e016f002,0.0257771820384596,0.8501240694789083,0,117.56,2,552.0,0.0464929693961951,0,522.13,9.23,0.37,38.77,12.771321442475246,74.71007503443954,52.0,8,235.12,2.610934656675709,1,1,0
de1c29188795a8104da60036986d60baa58079564177d678cd80b6f27034af69,0.0277503314958918,0.7982847785388215,1,144.57666666666668,6,562.5,0.0821140756748908,2,512.07,18.81,0.1883333333333333,36.11333333333334,35.49027607680184,103.31450480794857,0.0,8,867.46,146.53105238979754,5,2,0
3bfd0ba7117635d8648b3e221caa33eacf49d31ddc2e413ba68496e6f02168d6,0.0,0.8291925465838509,0,57.0,1,402.0,0.0652173913043478,0,95.1,1.52,0.21,102.11,36.53148451512745,178.1901823560472,27.0,20,57.0,0.0,1,1,0
c63e1df91d91347497e4d9478d00ea71eb1b019a2c98133ee10665671f9d0720,0.054929964295523,0.85667215815486,1,61.97,1,380.0,0.0313014827018121,0,442.08,6.41,0.11,27.5,18.125254507817605,78.17544702486008,0.0,7,61.97,0.0,1,1,0
562a53e3f126ea80f9784869c4cc74cd7e72d2ee89fbf4555e9a296d89c4e9e9,0.0926889201664056,0.7907232434228956,0,205.33,3,461.75,0.1028007040554442,0,188.08,8.54,0.2933333333333333,92.09,59.29351349708679,213.75154632513988,0.0,14,616.0,56.36754792643388,6,2,0
19422036aec297a960a6de778074953e08ca119fdb1aa35d13b8a5d316e6d9ea,0.0,0.8240343347639485,0,118.0,1,350.0,0.0,0,128.55,2.47,0.39,179.7,26.53439307210772,303.2536726829942,0.0,15,118.0,0.0,1,1,0
84b4250a88321ae6840e78176277751ca10668de6ee69f5279e164f7daaf818f,0.007289958082741,0.862950427084414,2,289.48999999999995,3,450.0,0.0056584362139917,2,352.11,16.19,0.5566666666666666,39.236666666666665,24.99737076717963,82.93657346961082,0.0,10,868.46,82.06334315942921,2,2,0
378c746ca91831a2add1729105f47b3f5e6fb211fc28905dac9ea8f80670671e,0.026184174217993,0.7969740111483766,3,161.1225,16,609.13,0.1060282482924351,10,831.55,63.08,0.35125,26.297500000000003,23.405062779603867,67.80348509050498,70.0,5,3246.12,258.9263159674494,13,3,0
b0e96897291295fed90ad1305d7e9612a9ee5204412d72bf7d71307a764976e0,0.0308327937594424,0.8397715710215711,2,44.73333333333333,3,632.0,0.0386396011396011,0,266.63,5.52,0.1266666666666666,20.89333333333333,24.441099424870192,59.22135138992291,64.0,12,174.2,151.23393233593762,3,2,0
1081033f962c23bad52b1ebb07a0f42c4fb01564e52264cbf8ba349b1dad40df,0.0244402701934112,0.7990419545488481,5,214.9821428571429,14,370.79,0.0608076542737489,10,1030.45,67.8,0.3228571428571429,28.822857142857146,31.888880741744742,78.7005407606898,92.0,1,3020.8,233.85554015013847,10,2,0
41775dcb8802e595b2584ec051f708bed645f0d82bbf535b2abf9e7e60f2e137,0.0912315208491055,0.7224820039232039,3,94.598,5,749.0,0.1768073058820874,0,740.7,18.58,0.156,23.24000000000001,22.49284210985406,65.98331198320989,70.0,4,472.96,139.62888285407752,3,2,0
26ede0c4ae725ed1ef5a874b356906fec5b9983003da6a6a7751a0ec99ce60e0,0.0199726463508533,0.8442239462866948,6,203.85625,8,266.79,0.0695474582648617,5,974.08,44.99,0.44375,20.24875,21.985406402342672,55.23227096133245,167.0,1,1630.87,203.9800339863433,5,3,0
33a7e923760ff50ff7f792de1d9c3d48000c3cde9d8d90bcdf35bbaac72a2ef5,0.1597338970300662,0.7853308071429328,1,82.015,4,545.0,0.0587481342220657,1,500.36,12.98,0.2225,27.395000000000003,27.5004676445566,72.22599663192258,70.0,12,463.87,307.2522338181663,1,1,0
dbb21f165b7f8c3e95a7e088869824d8ff5669c6b99564e1d5828203e3397df6,0.0,0.9069201657956388,1,115.95,2,375.0,0.0,0,256.1,5.45,0.2299999999999999,27.82,42.00404392379682,84.77913112510643,0.0,13,231.9,97.87546648958973,1,1,0
c4f1e413466d0579896cc2cbb2c13fc0de395e5e82a6d33b0fcdf40745faf105,0.055192904143448,0.668877306403367,2,206.39818181818185,11,1225.53,0.1797682198180499,8,814.46,49.89,0.279090909090909,50.54818181818182,51.80359154045996,130.40433521739917,226.0,3,2270.42,244.03970887351616,16,3,0
c6532996e989e248e1f7147597335cc31ad84bb57f07e11366fec922b5223988,0.0645357715410693,0.8588110021526518,4,107.91809523809523,21,758.04,0.0410759743822453,6,968.12,55.4,0.3271428571428571,26.54142857142857,30.3271447916294,80.81111618256519,120.0,3,2636.77,173.7917476748283,5,2,0
85f1e0cba01cfa9fdb2ffea149a753e411ff61895ef2e2363765417ac8524909,0.0637622972493882,0.8522375279973539,1,148.62714285714284,7,438.31,0.0138778834635777,4,663.16,28.83,0.2671428571428571,25.33285714285714,22.65111747121553,65.1010064231999,0.0,6,1191.75,109.78989117352728,8,2,0
9649b1b1413a5262ac0f7dedf04076ee5a92c8bedcab51a833431ad70707687f,0.0,0.8925089844794903,9,138.33461538461538,13,128.8,0.026427924768927,3,977.0,45.24,0.4038461538461538,15.933846153846153,12.5218059911022,39.9352648214461,0.0,1,1798.35,261.0748965493729,5,3,0
fec557a919e1e9e3d901a1464af3ae90c2dd88912b2230a331f15464c9d6cbaa,0.0475511174512599,0.7972852863397453,1,61.5,2,375.0,0.091860248208662,0,397.62,6.89,0.51,17.585,22.335150744936165,56.381610952533656,0.0,13,173.79,64.6494995462389,3,2,0
89b0acd5ad14fd3f5e9768e9475f001be389525b59880767f7fe7d7b5e5cf685,0.0,0.884701027852033,1,132.86666666666665,3,441.5,0.0,2,288.8,10.58,0.2066666666666666,27.06,38.79953962694946,88.45327891467262,0.0,22,398.59,138.72798547783637,4,2,0
1c26976f5d00a098358d69d60dbd7d56d8dad1c6e8e04b75c56f683bfdd363c4,0.0362380122027536,0.7460573463243344,1,228.4275,4,478.27,0.1280530658600458,3,472.27,21.24,0.225,34.5275,47.70593639894354,101.73373883578662,0.0,5,1052.03,198.2262810203944,4,2,0
d53c3ff7478ca1e9ef4af41ec9c80b2a19e97f2e32e141cf2b68a9add87848cd,0.0651920809867572,0.8847072437776846,5,107.474,15,920.89,0.0315879766715446,4,761.72,41.32,0.2273333333333333,39.36,33.71661288847143,110.66855278311122,4.0,5,1994.71,162.07961111023397,7,4,0
a64c73ed4f3aca41e351f17240965b14792576d1412ce59782245e013f9cb556,0.1151120431386182,0.7387940821754213,0,196.94,2,425.0,0.1511669475511975,2,440.76,13.45,0.295,50.725,39.03197569533715,131.77010132104886,0.0,6,518.57,490.6831555596568,1,1,0
518db1f939f572cb3d1231d8ac84d6e906dbd0421a8c029dd13dd55df704772c,0.026722963042142,0.7374449339207049,0,276.0,1,350.0,0.1383259911894273,0,109.78,3.86,0.16,176.14,72.97720634882434,219.7977762525758,0.0,21,276.0,0.0,1,1,0
9869348253dd4f78e0bdc2f7dcc81c6589941518980b88ecc0471840752754ac,0.0,0.8150421050406784,0,75.06,4,421.0,0.1418596422924838,0,432.57,8.15,0.2025,19.055,16.03947485874152,41.90043527635139,0.0,5,300.24,190.7492638638105,2,2,0
734e20b0940d3fed69b16c846fe19335f8a27f75d1d8b9781632b798afcef343,0.0287214466536222,0.8577558431456855,2,162.7575,8,817.0,0.0417754439582162,2,558.86,27.32,0.27375,34.864999999999995,30.235941603595315,87.32755796554866,0.0,7,1302.06,178.98024927855386,7,3,0
dbeae338f3c09a2a28acafc0a1a506384a8b4322a266864b894b766780cc3299,0.0453515759746786,0.7837523850774539,0,134.2975,4,542.16,0.1018407563147071,2,256.18,11.25,0.185,62.5425,54.03249602736726,134.31950079170335,73.0,10,561.77,205.8434518520852,6,2,0
075562afa26e91f5c2b128e6a38f499f0354e2f8fce3781e8c7481ac5de0983c,0.0982161971491934,0.8525355632299272,3,106.77333333333334,9,473.25,0.0609095748542601,2,1048.06,35.15,0.3077777777777777,35.0,28.727238167507007,96.94493504195172,88.0,1,1062.09,150.7199995969705,6,3,0
c21f949b0236de64dcd49e3057d356c178e9266be1bb91130b775c1c7f6f956b,0.0863110650785429,0.5929919137466307,0,92.0,1,350.0,0.3180592991913746,0,74.21,1.66,0.17,84.09000000000003,150.33627493233493,367.5190215082422,0.0,11,92.0,0.0,1,1,0
d6e13635e8d3abf57ec9f76bc2554b77567e662e72ee35893c3e41e9aa0b0542,0.0,0.8356678486997636,0,70.17,2,400.0,0.0692966903073285,1,395.09,7.52,0.305,34.53,45.81321153827668,115.77723310848232,0.0,11,140.34,0.0,1,1,0
6c92bc2bb0a00d681f852f48ac2d25cfada18d2ee3e31a1d59f31296f7d828b3,0.0192344817771562,0.9288731676530916,1,141.11111111111111,9,0.0,0.0242658899639804,6,962.39,40.09,0.5555555555555556,9.427777777777775,7.727137213734784,23.72722285604877,0.0,1,1270.0,191.17255619912385,8,4,0
274a67a8b7fa7b124f1561eb191c2621c81649c5d6bcdd843eb4b090c7ee3410,0.0251927243412102,0.6987358326068003,0,194.0,2,424.0,0.1347222934509461,1,118.71,6.57,0.29,42.30500000000001,61.76326035991419,113.99019493965454,24.0,15,388.0,224.40789974068423,5,2,0
321e888586b451ab45de92afee8a8063eb813615e939f8b595873f6e8ec20633,0.0186426393478597,0.9289818776285388,5,76.97222222222223,9,532.8,0.0079365079365079,1,568.93,18.98,0.2955555555555555,21.787777777777773,20.93583576512269,59.290910598313616,122.0,5,692.78,275.09470304847224,3,3,0
1f5b07614e4933342cab233ab4453b699c7d4249bca8850f2d9efeea15c78a63,0.0599247967451763,0.8810507447299171,2,85.95,8,471.27,0.030086080948946,3,604.1,25.52,0.32125,30.96625,24.820855320583952,72.23984899877325,40.0,8,908.6,347.5570656920124,12,4,0
07a4b6bb8ce9db63b37303161671a10467c94d10a06a59f7a91dec16ec6abbc5,0.0093857311091542,0.8935549504620691,3,152.995,6,423.6,0.0244875382879379,3,522.51,22.57,0.2416666666666666,55.07333333333333,25.133516028096874,103.43398042248624,0.0,7,917.96,139.03535326164638,2,2,0
51398065980b53acac6e55c41da3686e189fb79c1a381ff00e70f62d2f211f1a,0.0201025228666196,0.8168656359255839,4,162.888,5,451.15,0.0879124135323748,2,680.47,23.98,0.372,22.132,23.063213307741968,59.027360528808536,0.0,8,814.44,179.1180819855605,5,3,0
da5ad140b818dfa2027ac0c3e0e9eb51cc4b89e95e0a868eab55af5dd72ea1da,0.0,0.8711264822134387,0,149.32000000000002,3,1150.93,0.0194282249371181,1,704.38,17.42,0.1999999999999999,38.73999999999999,33.91261678987146,97.14052915746474,304.0,6,447.96,64.64032590063437,5,4,0
8a1eb139e2ec3d9a8e228207805abadb2357534b273906c8fc38affe285a90f7,0.2008233758409478,0.7231270358306189,0,26.6,1,375.0,0.247557003257329,0,315.88,4.05,0.2,23.57,27.52028029317336,67.48624990115961,0.0,11,56.6,0.0,1,1,0
fc04a05287bad950eb10cc2af5b345c4b755a1e7b980e83df7021abc35f2ec27,0.0065393669892754,0.8341028457666048,2,108.525,8,673.68,0.0846899210389596,3,687.12,25.19,0.29375,49.196250000000006,30.38994950036916,104.20516362574809,123.0,6,868.2,117.4259070072914,9,3,0
0f2ce409231ef27c7e155c394015bb665c804b0f86065967836d3690b74d8786,0.0421198931981846,0.8209567483455249,0,75.7475,4,400.0,0.0760109034881532,1,384.5,12.45,0.1925,56.99,23.91883934643443,115.3873179564298,0.0,9,648.99,159.68446423895426,2,2,0
3e2a712cc2b11c1223e7ffaf9c4bf05e6226e7cf41e0fb1f190db8bff791e02a,0.0,0.8811527364923938,0,170.95000000000002,3,789.3,0.037593984962406,1,966.39,24.12,0.3466666666666667,71.09,23.147248849828525,130.3600819266872,56.0,6,512.85,100.08795048593656,3,3,0
639bcd9029b6c663f1ea5f7685d286ed9bbf13957b7b2e4d4d6b8ed5ce9e73a2,0.0823345330452592,0.8143520536016032,2,88.32000000000001,5,745.54,0.0957989757556468,2,1106.48,30.79,0.2,27.414,29.05333061243606,67.71053604806488,1.0,4,529.6,49.445523519196186,4,2,0
f0e67d358311ecad5851595678e756a9456a1bc4fd82fb5a8a6f8c072ebed5ef,0.0,0.93717277486911,0,50.0,1,350.0,0.0,0,143.31,1.93,1.0,124.12,17.054899718600517,211.0137814872745,0.0,18,50.0,0.0,1,1,0
0bdbb85ab6fa775db7e1c537240da327d3ad4e04c75402425899423cf30c93bb,0.0,0.960698689956332,0,17.0,1,350.0,0.0,0,77.39,0.94,0.14,41.44,41.56145408748552,122.7405379326377,0.0,25,17.0,0.0,1,1,0
23d08ac9310e400e03d15d1f5e92cabb6ca7b0bc2665f9424d6214d30f3cc7a2,0.0237221367109732,0.7413395423675286,1,178.52875,8,1288.54,0.1052008416618799,6,842.83,40.18,0.235,49.75875,36.832958092150015,114.6215693536158,374.0,4,1578.21,293.71723289535294,7,2,0
db6c8727c400c76ba2ea15b523672ebd64805034cf86dc6df2b79becbd5f55a5,0.0478431829528985,0.7669932727231287,0,193.85,4,386.0,0.0644492202552945,2,222.49,13.28,0.2975,29.84,29.479872800610263,82.60250534110996,0.0,14,805.41,174.88884019905802,6,3,0
3c61301ce64eb602635cb6f7de8020140598d4b2640e2ded59ba6fe09f30baa8,0.0912656741340731,0.8235118589249961,0,53.0,2,820.0,0.1347797628215,0,143.35,2.49,0.305,104.695,91.2950042859289,236.3176415342673,70.0,11,106.0,61.08450798762482,2,2,0
56828efc0c7f1bf131228e301456c6f5079e72c8fd96066945e7b73b3f2135d1,0.0471038629379983,0.8725045040250552,2,137.0,3,378.0,0.0224260958205912,1,293.11,11.95,0.1633333333333333,16.036666666666672,28.92259203962162,59.83071453723469,0.0,10,629.0,142.95913748113244,3,3,0
87f47734cc0520640c57d5f31911c06dee8bfeba44e57c9631e2eefc015fa82d,0.0699548059763837,0.8593980875933427,7,128.659,10,1277.25,0.0536702249931802,3,954.09,39.9,0.235,34.27,43.11011193870821,108.5515409952449,265.0,1,1422.39,194.9689588482172,11,6,0
c0c303368e7339daaaa5c8925a28431d46bcca973ea701eccbcae481ba0416c0,0.0322715977668055,0.922784379649358,0,57.833333333333336,3,1166.0,0.0,0,1037.92,21.96,0.4166666666666667,56.18333333333334,23.89922979065679,116.36497451251596,107.0,1,218.5,33.6757174548488,3,2,0
165ab131a5ddf0135832f70cbb844a9f57c5b51819a5fad8eab39efecd1729b5,0.0239628728330778,0.9511038043620162,0,79.34285714285714,7,383.04,0.0043119610048743,3,798.0,25.48,0.31,12.678571428571429,5.859665352194988,26.54043117269767,0.0,8,720.4,106.18274360052872,3,2,0
605f710d1854972608e209e29cb6843811ba5a646165ade51d6ef23eb2ccbf7f,0.0852874559272076,0.765783190311059,1,45.645,4,752.84,0.1327988139294734,2,758.5,19.67,0.08,36.4,29.199760792645847,90.7514944392146,251.0,6,337.58,124.92961525679932,1,1,0
59daecd62ce38de9084f293e1ba1f820fcc3cb29a002f3e4ea4ae7cd35e81d1b,0.0716604127886022,0.771637135554304,0,102.0,2,725.0,0.0568383658969804,0,222.17,4.38,0.115,72.32000000000001,49.14238171179824,135.95636986927536,0.0,6,216.0,58.26644716405542,2,2,0
cbbf39924c188aa074f700bc7e90aea3d5a4c33d9b6635430064e5262d7df36d,0.0506627517262515,0.8583457880145884,0,65.412,5,450.0,0.042549453638312,0,542.38,11.16,0.13,30.276,24.61998899800612,74.44333283807548,0.0,9,327.06,161.39932601864692,2,2,0
61f8913d245fca41b699eba6520fece7e62e495fe73bda7b4690e77cfbcfc1fe,0.0,0.7281139664515461,0,31.630000000000003,2,169.29,0.1722429870281036,0,280.29,3.61,0.255,34.55500000000001,51.17054456192444,111.93572132860794,0.0,9,63.27,90.93432280205204,2,2,0
c2407761bf894bf25e860f01be61fe5670108c6ba16578e56bb3fda28d6f9cc0,0.0,0.8550005458201363,2,193.425,4,375.0,0.0196329454933927,1,317.39,13.74,0.4725,35.837500000000006,51.1858383926798,119.25863808888305,0.0,7,773.7,126.44462512226112,5,2,0
9d24196a63373b83b0f03977892fc2b2faae181c82fc7edcf34ca569b75b69b0,0.087606763297839,0.8567645104851103,3,92.24714285714286,7,1118.24,0.0372743898773268,2,599.72,22.37,0.1685714285714286,19.34857142857143,21.68428640400744,48.26391205047856,0.0,5,905.33,301.5762264105894,4,3,0
ab49a97c2418341ac5ec4609b8b0d89b257c9c45f3e763161b194f2441d505c2,0.0461254612546125,0.8249547488132235,0,46.5,2,425.0,0.0562310030395136,0,123.01,2.16,0.17,45.58,75.0224751525306,168.8901060120416,0.0,20,93.0,40.37832822890994,1,1,0
839c9c262e69b08e8b6c7e4f28cd23cb0dd9b55e5dc90d9aacf6386974fff928,0.0113221243495676,0.8695808661639862,1,99.045,10,1577.56,0.0279329558057548,4,1068.1,36.94,0.131,37.673,34.30931363078643,108.66818940080071,232.0,3,990.45,268.9261119061045,7,3,0
ee14ca8d2a78e5ccbcf4fd9ff90ece64d428ef20ce7959c9ddc6682b353cd018,0.0,0.8190218616182106,0,96.5,2,375.0,0.0567234208207839,1,336.72,7.21,0.15,35.67499999999999,16.193339720277862,68.22103947844595,0.0,11,193.0,258.6059641989875,1,1,0
d9bdc9c018e01f113a69de1455e65c4eb0e2d6b75b588abbc8542f05e3fce6de,0.0668844287271467,0.7929552804279774,7,149.438,15,341.46,0.1084083096723009,7,947.28,57.31,0.304,45.58133333333333,47.11123377723708,140.8448531519946,67.0,1,2480.17,197.5403202420824,16,6,0
0c3a6024c138663fb0759831c725e251375f29068159017532152d6099442c20,0.009405568096313,0.8167380815802202,0,114.03375,8,524.0,0.0687160280804733,4,656.11,25.35,0.315,26.713750000000005,16.81649184878899,58.02972669748095,4.0,4,912.29,141.77261914330538,2,2,0
28804f77a8f7fb0d6e0ed000fd7bcbf1aaa770b4d294a9615942cdaeafc1d478,0.0168708033876573,0.8251113512547065,1,124.9,3,350.0,0.1040683962264151,1,132.81,7.08,0.3366666666666666,54.17,20.56881986339942,107.8936601947118,0.0,19,374.7,116.1156294916225,5,3,0
8708c85a6915c0ba625d7b2dfd9c31516551f0b87c6998b1ec74f468144c16c5,0.0075034515877303,0.7644403721017065,2,161.975,8,794.48,0.1003571097008402,4,757.98,32.74,0.375,39.09,44.08138715115888,124.01151904480751,0.0,3,1295.8,182.47950762828447,10,3,0
999352e287ec8f6908ac9e50045856c52da4966016a5fbfaa6452edf92c2cd12,0.0,0.8062283737024222,0,96.0,1,409.56,0.0726643598615917,0,482.57,6.85,0.42,77.32,39.49546503093386,158.61722306008184,0.0,5,96.0,0.0,1,1,0
c9d1898afcd71ae68565f984d0b83321cc8275654c744bb1531d00ad155fbca7,0.0467595623304964,0.8290777517371819,0,67.9,2,417.0,0.0702479338842975,0,277.41,4.29,0.16,39.555000000000014,63.519643026254464,146.3628916381355,24.0,14,135.8,0.0,1,1,0
628c15c67079f05187f3027d9eee2f38ea0ac5d9d519b09bb13f9fb3644ec64b,0.0499177844992786,0.5908716491333492,0,51.20000000000001,3,552.0,0.3003384001473781,0,211.41,3.65,0.0933333333333333,93.13333333333334,63.81202476454337,184.9408170782144,112.0,11,153.6,140.06401003580342,3,2,0
1a29ab263d553a354a8f7b9b9f9190a975d73ed5e8fc6f322638f80115924064,0.0,0.8368580060422961,0,90.0,1,350.0,0.066465256797583,0,77.53,2.08,0.3,30.93,44.77071184020505,87.75492087335296,0.0,18,130.0,0.0,1,1,0
a752c2532776018a6587f3dcb58b8ed3c4aaa3500fa969649197265a740061cc,0.0,0.5601436265709157,0,242.0,1,150.0,0.2872531418312388,1,372.91,8.22,0.42,62.10000000000001,46.75883452987279,145.82264339410708,0.0,4,242.0,0.0,2,2,0
5a91b6bc918bb456483471abd5052f950c85fdc4d45ccfef712b40d5076a8243,0.0894649480767732,0.8731929279320236,0,73.5,2,389.0,0.0489614243323442,0,107.01,2.79,0.27,39.1,54.05496763925669,139.02320155273725,0.0,27,209.12,198.4700332615328,1,1,0
d9cb5efd0692d1ac85ea9c53985e4b262cd41a80e26cbbf1419a8889db03f5b1,0.0422531103861818,0.7666175839836555,1,130.42857142857142,7,1008.0,0.1246365672992706,4,391.47,20.54,0.3128571428571428,43.82571428571429,44.24193052151577,129.47090078861495,358.0,13,948.0,143.61070673837423,3,2,0
0fe03ae59669a6a512a2f9d530e5e32ee3e89345c2b026198cb90deb0eabbb56,0.0401123144805454,0.7701440105555821,1,153.0025,4,400.0,0.1387478457832041,1,553.72,16.29,0.3325,54.57,25.759305368561925,100.23688771425614,0.0,6,612.01,243.9372470440582,5,2,0
96a7e4789be48d67a9cb53d79a705e0f41b5bf4bbf52924ef482156350f1687e,0.0097972939874006,0.8640490624106882,1,189.71833333333333,6,752.66,0.0354685041725846,3,433.46,22.05,0.3033333333333333,45.60166666666667,58.73442100238205,129.7003412320785,6.0,5,1138.3,131.7294264812524,6,3,0
518a19f5677e49fbf09fdc89a5ec6af5e8dde60fb7959baed080c6de901bf8c7,0.0071263637993394,0.8330339233658097,1,245.725,8,415.09,0.0842552958829965,8,617.99,41.94,0.26375,34.8,22.50713635992304,63.62694038985891,30.0,7,1965.8,207.1369249899091,14,4,0
20e0ad76a511bf4c3789748d4d969933a12fb54d1ef5bd88e56f23a3248e623e,0.0667008590819216,0.8099411272113021,5,131.32,14,417.5,0.0669918045400038,9,453.08,39.83,0.2628571428571428,42.917142857142856,36.97653928161768,97.50580702061843,20.0,14,1838.5,245.2943417762564,10,3,0
2ec94b6a3a558da51b326fb83f2abe37d245a6d1b424c95da1dfe0b9dcb9c8fe,0.0,0.6246077768583113,2,94.08571428571427,7,589.4,0.2647275521593267,2,509.84,18.28,0.2057142857142857,75.87857142857142,44.63638407753052,160.8732567429381,31.0,6,770.59,217.1963169712985,8,3,0
4b80b6a5b8e4fba79c0a017334211afe23d9939bc253b24501dd1fdb8171dac6,0.0892133544054358,0.7793452872788705,1,326.86555555555555,9,238.75,0.081209177649229,13,716.18,61.15,0.3933333333333333,39.958888888888886,31.601322647710983,91.53384358314004,91.0,1,2941.79,232.43371696598547,7,2,0
b4d6cdba57e6b4236ce11221695360cbb248392159b29986cfd511ac568baca4,0.0,0.831275720164609,0,226.36,1,405.0,0.0356652949245541,0,234.1,4.6,0.14,44.15999999999997,50.62886242429244,123.40365290604346,30.0,12,226.38,0.0,2,2,0
c7dac657ebe14f839bb715c87d0dc0b88eb3de35aafcce2a8998db68bf893c86,0.0776729193366732,0.7008310249307479,1,189.0,1,325.0,0.1828254847645429,0,79.39,3.18,0.42,160.8,39.076398769528055,180.31804528142376,0.0,18,189.0,0.0,3,2,0
5514de3c9a293f5ec3dd198fab99db22c7730a784fd73d5bafe748b6be81c17b,0.0183203869265719,0.8223431097871188,1,92.0,4,1400.0,0.0484234234234234,0,670.77,14.78,0.3075,56.02000000000001,42.90061465411314,121.69395522584637,0.0,3,368.0,136.8507170412415,4,3,0
3a68c89ee56e3082250c9027cabb17a5d3e2d62b720373144c2a8e72bae1d4d4,0.0502613590671491,0.812815508717148,1,107.2,2,660.0,0.046591204787926,1,171.19,6.46,0.4449999999999999,35.469999999999985,53.04570555689192,152.30341510509675,210.0,15,274.4,24.30263684002801,1,1,0
d380968feaee7a1002efd6b408f5cb5a12f27fe1afe25c210f3782e15d26350d,0.0144440650828401,0.8163905365008421,4,128.29,14,143.65,0.0899776283617904,7,991.84,49.09,0.3757142857142857,20.35214285714285,24.35261120366156,61.84730457633695,0.0,1,1796.06,230.91219603850223,8,3,0
7cba593ea349bbe48817b60933d4b4120d940d57f2ff1824ac7f8b928ad4e198,0.0,0.8537789427697684,0,94.0,2,350.0,0.0317460317460317,0,210.02,3.98,0.24,75.945,43.77567682795839,191.38970682825104,0.0,22,188.0,47.36925273676156,2,2,0
b234096a7b21e64740da88430312cdd0c9b1df6156a1193835085e02f941455d,0.05153434597226,0.8945045160775797,0,87.89,3,389.8,0.0199501246882792,0,417.02,8.98,0.1266666666666666,34.46,32.26932840266981,109.33433180349216,0.0,2,405.22,257.9455172122814,1,1,0
f41a88ce7d0ae82bb6ae8f939bc9bf54392eab8072083c62c19ae7d4d8cfff23,0.0,0.9059048625135104,5,185.22,10,590.57,0.0225372706961341,5,881.48,45.59,0.454,20.779000000000003,14.197816869558771,47.8804451076112,161.0,3,1972.21,138.4158269915724,7,2,0
3af118993d679270b7de65ec9b2a895d9933795182c3a8e4434ccb993678d6f2,0.0467377079828003,0.8913326463090525,2,95.5,2,477.0,0.0,0,781.95,16.29,0.645,42.260000000000005,39.81477936327127,129.01814891461012,0.0,4,191.0,50.02362320303492,2,2,0
88d88820db85dd8e18ad1669640266cedea364149bf1f4ef96bd64bd2e44fac5,0.0486263508404851,0.7911851088656225,2,199.6646153846154,13,792.1,0.096399055370884,6,880.08,53.02,0.2492307692307692,37.899230769230776,28.52006102772878,82.99975257596286,255.0,1,2719.05,215.29934735840283,11,5,0
c4b6d4e44d725f6d183afd1a76174b4874fa1e343fc02482f440bf90609ead9f,0.0631462368443642,0.8047565094638447,0,124.455,4,579.45,0.0673678829182627,2,206.09,12.35,0.23,60.9325,36.93177074658568,119.47640403135289,70.0,17,528.56,236.4386323252092,4,2,0
4d5d7634073d7544d37fb7668e8f44c65071a03112e6b50a6b1c425280f0a278,0.0,0.7759605378065643,2,166.75,4,540.95,0.0746370351502801,1,728.68,21.22,0.32,68.0875,66.42624299193791,178.08769214524733,0.0,5,667.0,372.5343828663069,1,1,0
0b71494bb6ac527a59cacf3af2707467ae2f3c0d39cd3c0a1148af7fef5e20d3,0.0095598638675385,0.8197486163221426,0,135.62,4,375.0,0.0672760551652225,1,292.11,10.07,0.21,23.5675,21.587544015692128,66.33696939430007,0.0,4,542.48,181.72229693462032,1,1,0
5d1dbdd00999c06d4bed8f86f361e9d91609f813d285ca1265668ccf5325daa2,0.0,0.9312994283924516,0,74.3,2,350.0,0.0,1,229.41,5.28,0.49,38.825,41.1400308319414,147.55688781035138,0.0,12,148.6,153.39928586859276,2,2,0
7ec0f35190a67d4b1fb7f9ba0f18ad264e59884029c5a1f8c358894fc4eddddd,0.0,0.8503147771432897,2,191.2,2,375.0,0.0192532088681446,0,379.57,9.22,0.315,46.49,38.735164168073865,106.70072177270076,0.0,12,382.4,123.54540538738576,1,1,0
0c320cde0f2e478d4e84e5cabf3fa8ae0794a0899f282b5fa22ab5dd59fe2893,0.0658153373101615,0.8699846296234008,3,111.92142857142858,7,455.92,0.0486720145782265,3,941.61,31.97,0.2428571428571428,31.504285714285714,24.70540531648833,77.75968437551697,0.0,3,860.45,130.68318619119052,6,4,0
b4d7aca5b6116f05d40224f54af7c83c4bfd557225c832f526f3651e92bebaee,0.0,0.6631578947368421,0,104.0,1,350.0,0.1228070175438596,0,46.77,1.51,0.39,48.58,67.03302019162345,120.86510070456885,0.0,20,104.0,0.0,1,1,0
7d5e9efc181e91d4de10c1163848db421ac6d446726c8299785a666dcab94ecd,0.0777748677649618,0.7992966841308692,1,57.67666666666667,6,775.0,0.1117943112898806,1,726.05,18.31,0.2533333333333333,32.93166666666667,23.514408776231605,75.18093800843786,0.0,3,433.07,185.4755483951845,8,4,0
e5fb66e5fcdb0b33631813445d654d4b4c152b7eab471ba7214de3fa1690f8fa,0.0717300801844461,0.8601689206019155,3,57.0,4,1077.34,0.078111626649849,0,793.3,18.97,0.44,43.7825,29.659274866903125,90.94264974049966,330.0,2,381.0,181.3148722336792,2,2,0
9b322f01a98bd27b34e90bc408693eb7c29b31d4e16f57dfa206a6a17063cbad,0.0666549329507488,0.8489751097653883,1,153.43166666666667,12,1353.3,0.0317972823771119,5,850.25,43.86,0.2683333333333333,31.242500000000003,31.685066887520232,80.2899361623783,338.0,4,1977.41,219.07273280253045,10,3,0
a1256c1d42763f9bee79b6a352cd76dcf64d42e096f8ffa07f22a31ccfea98c5,0.1104936879122197,0.8989352887563178,0,341.25000000000006,2,429.99,0.0043624161073825,3,460.07,16.87,0.185,44.05,33.74391361080489,117.79575429762608,0.0,7,682.5,0.0,5,3,0
2ea6ccb697e21e595ad137999000ea147baaddfedd8e4e8b96a5b5018afd2c41,0.0529459767432544,0.7790605916203495,1,100.86666666666667,6,666.52,0.1188063547768192,2,896.1,25.78,0.235,91.41333333333333,68.40669766106906,212.49096536411048,19.0,3,605.2,111.35763101125217,4,3,0
5b474b66f3aeeae22418bba3267ea447fa38b6038903dc5a9e73dd37a794d314,0.0,0.8753356114229924,0,103.8,2,350.0,0.0525587828492392,1,110.92,6.03,0.19,21.305,28.867533571534903,65.23590200482502,0.0,17,342.38,277.1359345166319,3,2,0
74ff53bfa232ce7761f52f2871ae10d6687307ee0990ac23bb871e1a4b7566bd,0.0,0.8421765135892529,4,95.06,5,606.2,0.0571298391151332,1,555.86,15.98,0.45,28.78800000000001,41.97132806158038,98.06603042320342,85.0,5,475.3,115.50364392053882,6,3,0
9e70fa1a4017a3b94c435868d8203b185c0d29700f7d95718dc49e848148a748,0.0531189094154057,0.9062799390914834,2,103.455,8,905.1,0.0312095537586769,1,423.94,17.41,0.40375,32.38625,31.17057767450724,80.01626502546193,165.0,8,987.74,54.875038443197816,3,2,0
e4415d067067c15215afccd6cde176ee6b3b5f5b7c69ef802341ab740cb26359,0.0606135953424028,0.8595476748980934,1,120.45,4,1838.55,0.0498149893068933,1,662.96,17.62,0.2249999999999999,33.5225,60.649348934504815,124.53763626523524,276.0,3,521.8,106.18298086170628,2,2,0
04ee641bc4f7eb7edced94eae070bf1293fbeffe818289d4cfb4f68429ba5389,0.0,0.8249292127443631,0,149.66666666666666,3,218.97,0.1050939840842197,3,457.87,14.5,0.3666666666666667,23.51666666666665,32.73395998563856,77.98334043442848,0.0,9,449.0,58.69445332095346,5,2,0
2feb1a1ea217b2f4bce89483f97f7ebc798faa8439f32397334bd36b2d9eb8b6,0.0740960284528747,0.8865740740740741,0,88.0,1,375.0,0.0,0,309.5,4.62,0.19,25.599999999999994,37.70942068755536,97.44286262993228,0.0,11,123.0,0.0,2,2,0
2443d6c04907589ac2218bc46ae5967537fde18e4185bbb09ddb94a09babde52,0.0325243493994446,0.6955778923762469,5,226.95111111111112,18,331.79,0.1953889735603542,18,872.77,86.0,0.5483333333333333,42.74555555555556,43.58893607524132,120.32594674462104,104.0,1,4134.8,340.35294311145503,9,4,0
35c33374a84d6aa2c7bc32c43bdc0a44f82ccf233a7d1cf9c4c33c2d1a91eddc,0.1038807974025013,0.7744387955488207,2,161.65,8,1385.6,0.1076701686172181,3,1038.97,38.23,0.29875,34.69875,39.197088166266525,87.27284730315955,100.0,3,1293.2,168.9643198093756,6,3,0
e55b81bd1a8b24757b156b47f37b3b24e54b280765324fc30f179737423c78f9,0.0129265770423991,0.8501275404905136,1,112.482,5,575.0,0.046777103170592,1,636.78,17.37,0.364,19.216,27.542235593171814,75.28236614351292,69.0,5,562.41,139.1681409611394,4,3,0
8ed553b5200eda325338822f17aab789ade8aba26b3eb6102ad193702f61105c,0.0,0.7517050714627184,2,335.3583333333333,6,14.09,0.0885475966689021,5,981.17,46.98,0.3816666666666666,30.615,29.964774374542728,70.19488900678061,0.0,1,2012.16,96.68502656162134,1,1,0
76a1c06e0e0ce901e294f9c9934a789c5e61dfe7c650a4b2b608b5f16790eb43,0.0,0.8632650159039725,0,349.255,2,375.0,0.0,3,564.55,19.43,0.365,32.535000000000004,41.61968086660197,102.22537765710332,0.0,4,698.51,40.36041049979586,2,2,0
628be7e6b9298b85bc46ea3afc7da159d2370ced9b1e2d60a357455806c4958a,0.0173547838461672,0.9208666540135628,0,143.16666666666666,3,417.0,0.0071684587813619,1,594.91,14.5,0.5166666666666667,26.94999999999997,23.836706446046293,74.34680482254566,42.0,10,429.5,184.4615079670215,4,3,0
3164f0d7e014ebeda6dabee986f642927ebfb2d16ebbad5f32df99f5469f9a2f,0.0,0.889344262295082,0,52.0,1,350.0,0.0942622950819672,0,112.69,1.65,0.5,46.99,35.19799308556383,110.433732881197,0.0,2,52.0,0.0,1,1,0
a5eb875a46811b5bb6ef70a1a3868ff01f70488a113a4d303070736bf4c231b9,0.0084902616698646,0.7910844346712553,1,137.43714285714285,7,2.4,0.0802164270800863,6,875.01,34.98,0.4585714285714286,29.34428571428571,24.2659349022323,74.12220706907215,0.0,1,978.06,222.02860296422705,4,2,0
a408622162cec8333cdf4139634ddef994dc439783f1f4c5d5abf7f85dfb806d,0.0090102266071991,0.8428863184012548,4,170.41714285714286,7,1338.4,0.0082042004041967,4,890.5,38.29,0.3999999999999999,40.41142857142857,28.695955663759424,91.80420420092946,90.0,1,1320.16,45.49663860557413,9,4,0
b24f8c0aa148890f1decb79d19b8b84cf710295c323ebfaa8b39caf220f1c8cd,0.0158207745621359,0.8106444041368218,0,142.20833333333334,6,976.2,0.0668517709922685,2,826.55,26.02,0.275,34.54666666666667,33.08897995617033,92.12541905541684,12.0,3,853.25,195.78685539646656,3,2,0
1aa50d214621ac44e864a2e8f743170251b9e17dc58e31f6b5bead377ee42ede,0.1626083064655782,0.6021674959056939,1,226.46000000000004,4,475.0,0.2729593326099209,2,569.9,20.63,0.3275,48.31999999999999,57.20553055946649,151.2861295304452,0.0,3,905.85,282.39111668865485,2,2,0
1cdee793cb06901c82b6db4543725f3348b3caa641a2a218a7934e12bbbb5443,0.0498455511880577,0.7659615277709486,2,109.782,5,1784.11,0.1294926656017126,2,689.61,20.56,0.236,52.616,69.87037475029501,157.30689179925352,562.0,3,548.91,167.9576158591862,8,2,0
b323602253909824708e2c8c9282dc96d4f1a9469c6e7443af043968ac915bf5,0.0343438253329744,0.7860532741557354,4,212.6408333333333,12,478.74,0.0893814259715066,14,623.66,60.47,0.235,80.77333333333333,38.83099217992458,163.19014722181538,0.0,6,2804.84,268.2799706747964,22,3,0
d3555db777a477d63161df66881b1fc232191172de113a08e5813d2aec7c2632,0.026022306812061,0.8871873700520212,1,146.348,5,483.0,0.0320596314017366,2,456.06,16.3,0.3239999999999999,25.111999999999988,30.83935752602299,71.70365282359538,33.0,8,731.72,320.3038112693142,7,3,0
3380c576f857a91c7fabe60f76465253d54f3cf20ca2fd9c58326fdbe6ffb8fd,0.0300677346091042,0.840913512630068,4,107.2,5,607.0,0.0461071428571428,1,755.56,21.58,0.254,53.352,43.27525276763562,107.63632778493364,120.0,3,536.0,167.861302950391,5,3,0
ebeeaef375936e592650b0978602c90ce7e9636a82f0755345e018db695a9fb8,0.021773210242118,0.8634525734944345,0,51.445,2,402.86,0.0470459518599562,1,302.27,5.82,0.135,17.119999999999997,16.92096479851361,56.91372520930239,0.0,8,102.89,195.9247611945004,3,2,0
5bc19d603946050af9d359687ec2bcfd4608d6382cf564bb7da6f374a4c8f7d6,0.0355018353167636,0.8651668014207753,7,152.35,8,311.56,0.0469465312869912,4,816.63,36.14,0.41875,45.2075,34.527052587893536,101.913914003533,120.0,1,1239.8,208.6021145861249,10,3,0
87789620f959e9c246291836404269b9905a41dc36c15f7940cd6bba2500ea4c,0.0159543068651382,0.8970461892778824,0,77.56666666666666,3,382.98,0.0,1,219.18,6.02,0.2033333333333333,55.96,55.42558672758992,152.09635145125995,0.0,30,232.72,222.7840609737169,3,2,0
9600ef1b26e8353763f53337f4b8b610440ba8eeea1d82775163a4fb0c30fafc,0.0299485268305914,0.8155218324801162,5,209.42058823529413,17,280.54,0.1039830187558453,18,923.14,84.04,0.4429411764705882,51.07058823529411,34.23543462462568,108.8271234859531,92.0,1,3713.31,329.8911208793604,37,6,0
ea2bee473da8d13e707acd873dc39e5404810ee64a411ca11367092ae410771a,0.0,0.8257261410788381,0,35.0,1,350.0,0.0,0,70.02,1.05,0.08,33.33,24.100282963180124,64.48630853480451,0.0,18,35.0,0.0,1,1,0
3eca28476ea52957a76f53e82e3f7e32ac352c0c800d583fecbcf9758f1d4ed3,0.048431372702385,0.8199151900826687,1,83.84,5,581.68,0.1049145573700369,1,669.82,16.77,0.3319999999999999,23.82,24.476840878944685,69.97307664490594,68.0,5,419.2,175.779538036079,7,2,0
e45ec6252794110b5b3ae6124241ee900fe9d4b9c8b68d81b1efa7a02f5d2931,0.0147058950831268,0.7944518841726411,5,159.672,10,632.09,0.1093355405985162,3,871.66,38.59,0.375,29.05400000000001,43.097301439232425,106.2023569092282,70.0,1,1596.72,199.6880511695975,7,3,0
3ddc2f67749cccae724c7297d0d1426d3e360767654aabd8252d83a5ed613ebb,0.0,0.8413284132841329,0,306.0,1,375.0,0.018450184501845,1,63.4,5.19,0.71,15.69,35.084125274891754,67.14237516939275,0.0,16,306.0,0.0,1,1,0
560a3edebf944f14db2b7da8907ac4c325f97283e813b92d2562e1918384b578,0.0188373582488791,0.8828747019927128,1,371.1,2,382.2,0.029812911399997,2,308.0,14.29,0.345,15.799999999999995,19.472589890738828,41.35893195250989,0.0,11,742.2,219.8611250948377,2,2,0
906fb364538612003dc59f52ee15c96a862b49ec6b7a813c3262e69fe743617d,0.0275698580886814,0.7393283230611335,5,156.05124999999998,8,1024.4,0.1569780280987679,2,697.58,29.25,0.26875,49.6125,48.24225662113717,140.02838580658994,223.0,4,1248.41,256.8828589584628,5,2,0
5a3153feb43b75f365c66e2db06655619ef0db155b60cbbe9473fd6275d5ae31,0.1538224888478694,0.5260663507109005,0,130.0,1,350.0,0.3317535545023696,0,129.58,2.6,0.4,24.989999999999995,53.42817834574222,118.9490290161704,0.0,25,130.0,0.0,1,1,0
6525f17c7f2ef74100cc2c2697c3fab10129a2a0faa66b9b2a8d9d1120b51233,0.0779003256614549,0.747328420979765,1,104.75,4,813.4,0.1809278615260016,0,282.38,7.97,0.3675,27.640000000000008,28.161057597450643,81.6503532655676,0.0,9,446.0,230.081646080996,2,2,0
897fe4efb441785804ae0b0fc7c3e2d7816cd9919696e72052bd5546f50742e6,0.0502108857200242,0.8919574775978183,0,21.6,2,375.0,0.0256637168141592,1,450.87,7.34,0.035,7.875000000000012,11.443554205862624,27.169007885108112,0.0,4,43.19,145.1533594729137,1,1,0
a5cbf0591044f97223dd8e2a9792e059670d844d857f5bffb6a53d6dd4d7e69a,0.0845799995862633,0.7781651587652098,0,142.6,3,445.0,0.1186774896503817,1,122.5,7.2,0.25,42.66333333333333,64.15440065823938,139.502489811073,70.0,26,447.8,99.08069914639016,3,2,0
c499642c017d652cac2114e928a31a01cf5cb6c3e7e408266c6702af305e62fb,0.0571296472540893,0.928000702065242,1,99.33333333333331,3,424.0,0.0268027335968863,1,325.43,10.68,0.4733333333333333,27.32,46.46934971914956,103.9579559653348,24.0,14,536.58,35.75297107583307,3,3,0
5cb795f0adfe6efae72ddf74a3174acffd5305bdeb8cf887c67b47a09dcacc1c,0.092375551505969,0.8248493087649517,1,190.04666666666665,3,400.0,0.1043581619492106,1,460.9,13.26,0.5766666666666667,32.053333333333335,15.992695103154944,71.47502390346155,0.0,7,570.14,502.45166580850673,2,2,0
2e8ba8b7426ccaf6bea8e14e0525f6d6899d96e43eb844c7024cf64d0e90807d,0.0123929558438983,0.79646923125184,1,250.6266666666667,3,548.75,0.0365271909499795,3,392.49,17.1,0.35,60.55666666666667,41.81659936162258,143.1359887865956,124.0,9,751.9,101.62008618019492,4,3,0
35326425272cce483440a6ffaecee24cbcf4e2947d60e482418d5d7a843ef2d2,0.0,0.5523809523809524,0,14.4,1,325.0,0.2317460317460317,0,121.32,1.36,0.07,22.04,30.186819785702284,60.78269570190806,0.0,19,14.4,0.0,1,1,0
f9f47417abf851741eb22e178d166ec098e7c94d9ee05b9712cff1ebc77806a9,0.0,0.8755785617376302,0,34.6925,4,463.84,0.0593847284751279,2,752.87,17.04,0.32,36.2475,49.40266948877415,107.79710766174372,0.0,2,138.77,201.696348391377,2,2,0
bd97a77b429c721469b8b5dca5b1bfc8f1d38b9465098dfb54fc637f5c3ca195,0.00681642118072,0.8261090047965665,0,332.03428571428566,7,404.8,0.0558984376707722,8,590.81,44.84,0.3971428571428572,29.94,29.53009819214322,78.77856013984167,0.0,9,2324.22,256.8927852865967,17,4,0
ea18e753aa7a55a6955dd24d0b5be11b7de718382c6bcfd16f272836af0376b7,0.0253285222734265,0.7774500317851376,1,194.23,6,597.75,0.0365652252755134,5,400.85,24.66,0.3283333333333333,81.90166666666667,39.2952365176886,145.15024862073446,23.0,11,1196.52,144.6568665616877,5,3,0
b2e0c98a6592b13de6a1f3fdc19fcb907936847700bcc332cd6b951cb8326174,0.1123951816543138,0.8213549246770552,1,126.725,8,1030.77,0.0667407997642882,4,839.53,34.82,0.16625,37.61,33.92756178276424,92.78552047492347,415.0,3,1350.59,142.43766430699904,7,2,0
5521e7dd2a98fe3709cf3e93a73b17195c58350ddd77f56f472ee216dddddf81,0.0398256514900155,0.9025336617108928,0,66.69166666666666,6,350.0,0.0376811594202898,2,456.88,13.64,0.19,16.426666666666666,15.386552079726082,42.427286554714925,0.0,7,514.14,144.0054657351738,5,2,0
42122fcfbd330d31ed3d66a23978e9fa4e3d44306f2895356ca5b184908fa928,0.0911963801385066,0.8590264481588162,2,149.99666666666667,3,457.42,0.030794060067803,1,302.82,10.3,0.31,74.55999999999999,52.47000439343146,164.8095143619886,32.0,12,450.0,128.4073466441396,2,2,0
911793051d94243236b2b24a2be2ef8ff376aa069bac587c75aee4a4bdf20f5e,0.0561261716338326,0.9192469246924692,1,116.16666666666669,3,393.0,0.0109427609427609,0,249.49,6.52,0.2533333333333333,48.083333333333336,28.381237991131016,114.55397703886248,12.0,13,348.5,151.13224928260996,2,2,0
204dd91687efca349426561997a9e65e1ccde83ef581139030d8cfab6ca7a3bd,0.0,0.8544049588991803,2,161.345,6,517.79,0.0184465037485259,1,522.14,19.06,0.4633333333333334,42.85333333333333,17.536145225803995,92.79367534381625,30.0,5,968.08,162.75526056603977,6,4,0
26d8ee6856ce578acaf598fa0ce19e038aeab89a578004139fe68a6273442016,0.0078342277410004,0.8459298216743921,1,65.208,5,646.9,0.0525848598626916,1,651.69,15.9,0.21,49.0,20.185685490790345,98.96371037409774,70.0,4,378.04,144.8713490940331,5,3,0
62e136ab970253484acf049e7550f2e46adef3ab17fb5cd8ee8b044c3a7b7422,0.0454586780616419,0.8684785133565622,0,24.3,2,414.52,0.0,0,190.53,2.39,0.085,37.24000000000001,24.097075502526017,88.39522053838664,0.0,15,48.6,642.1677582504124,1,1,0
bd288d6c6716af1798e936674d73e638478a9c51c2e577710898f4f9cc1513ae,0.0,0.9495379204408424,0,71.1625,4,375.0,0.0,0,229.81,5.14,0.3225,33.185,9.954885476786306,57.11837873683105,0.0,15,284.65,210.99022702594792,3,3,0
42db908210b9098864c32da0e46c5883b47b488f7d42cfb082eba64504689158,0.1281538461538457,0.9054164921100404,0,97.2,2,437.75,0.0,0,241.32,4.36,0.19,93.375,54.03693487898077,179.49465585650617,0.0,13,194.4,29.083112586399235,1,1,0
98209d11f5e75f0a2d31fdcc286359b89681c45b57bee7f3d87928d4903a4881,0.0483980253605653,0.777077993721889,0,116.825,4,699.2,0.1413858462612356,1,157.27,7.75,0.4375,44.34,98.73807430325571,170.2203757877013,24.0,2,467.3,139.4673281681018,6,3,0
1ee1c89637189fe6fb7d935d45fae3de4c179cad6307e633ec89992872946b19,0.0175983966754097,0.8095814785115392,0,226.86,4,425.0,0.0768835237365944,2,237.69,14.75,0.2525,32.49749999999999,31.53798034903189,85.44126329954796,0.0,15,937.46,165.6468822142768,6,2,0
94a52a5cecb92e42f022983396c7c4627fb444a6b8618f6c1cd3d0915792cbe7,0.050140393100682,0.884536421121787,0,81.15,2,1050.0,0.0454545454545454,0,391.31,6.18,0.205,38.855,39.32021943799001,97.66921797158912,0.0,9,162.3,215.24999293270923,3,2,0
b5b02e262dca91c0843fe4f6655bce5497bdd2699f376663af5da8bbd4965137,0.0441914888112652,0.7805842425930654,1,362.5133333333333,3,400.0,0.0546587673963401,4,183.29,19.21,0.2933333333333333,52.68000000000001,37.2441510057381,109.03752269248908,0.0,17,1087.54,161.27144692938614,1,1,0
41056cdd4c4ea136e345379981109efe419af7f3c7ed1721165d8bdc301b97af,0.0554853796079136,0.7174961027711576,3,96.5,4,474.0,0.1613200613632973,1,539.06,14.17,0.2225,60.8325,44.71152165889061,139.26579793657936,24.0,7,386.0,165.419201041837,7,3,0
3e34ace9d67dd2baeb3cb4c4ab9b324896f7495b00192919f92778067626651c,0.1035193485989333,0.847741514416214,1,189.34,5,669.2,0.0261019888495473,3,557.66,23.6,0.2339999999999999,54.136,31.21337174549502,107.18671770529777,44.0,7,1083.3,216.5305410647924,4,3,0
bc3c5442f86165ca7684847ee62e805e4c9a69b010c7353c4670363b49c76b13,0.0340033202297364,0.7591928969575796,1,296.10200000000003,5,525.28,0.0925705140457767,6,871.81,39.93,0.3259999999999999,58.554,19.090126134185045,100.8364128025205,42.0,3,1480.48,240.36184054674985,6,2,0
2f35682744f6f132123a6e2ded941d4da3e8d3093c5b4d0ada0adee8f84e5f92,0.1577891891146954,0.8561071251588994,0,41.12,3,622.0,0.0542440126363424,1,450.6,10.58,0.0766666666666666,43.82666666666668,41.15018771458443,135.83779009357286,97.0,10,367.35,44.968046283773184,2,2,0
e4062a7129eaa6d7ea1964e19e5f0b6042091ad9d5633d49544c49acd5e001b2,0.0755306024824391,0.6858369098712447,0,330.0,1,400.0,0.1931330472103004,1,126.73,5.07,0.22,165.16,66.28698401180766,227.9345712461121,0.0,19,330.0,0.0,3,2,0
05990a9e0e3af19ee3e5400b23bfb8f36533ec2ddaa4691456ca1c4da3e1c000,0.1527028402728289,0.8057142857142857,0,240.0,1,375.0,0.0304761904761904,0,438.76,7.79,0.23,144.01,35.03930995601721,196.6857282968267,0.0,12,255.0,0.0,2,2,0
8170a3c90c95a3056a787115eb797aa4a05ab9b6c7cedfa5a2a69db6a02d0411,0.1210859649364028,0.7936998175145222,5,193.6445,20,506.01,0.1013533047362344,15,1067.54,85.25,0.2675,30.7635,36.9944074788034,90.14327556266058,0.0,1,3872.84,293.99432324492284,14,2,0
74a63dc447df25bef03878e85c06538380ed51316cfcef3501e5a5cec18ee27a,0.0,0.6910112359550562,0,93.15,1,725.0,0.1938202247191011,0,223.98,3.17,0.16,23.81,27.85296725509074,69.82351947497348,0.0,12,93.15,0.0,1,1,0
8f4ca26d0cc330ae714281330227a76d6f3eb6f874f2f832dd522af98996a62c,0.0197776986669831,0.7142813678042746,0,124.0,3,579.36,0.1270295978668806,2,372.77,11.02,0.3033333333333333,98.83666666666666,54.39776150334321,225.55393737453923,134.0,9,372.0,106.99335641256224,4,3,0
8183c338d7f8ec28c38f4131d2b0f3b141b5b6e361aa78cc8adef50bacec6bea,0.0210708922557301,0.8086733428992172,3,55.78333333333333,6,379.8,0.1307307182781247,0,873.78,20.52,0.2066666666666666,51.96333333333333,46.77165844089188,132.48056684876846,0.0,2,334.7,80.88735867019585,4,4,0
5f512d963289f6914d673d1bf99237e5b12735531972e333169ad6242ad23f82,0.048528279437933,0.7509260989738686,0,388.0923529411765,17,379.09,0.0718285939868668,29,811.78,127.02,0.4123529411764706,63.67411764705883,55.67387772464369,147.83399205624517,40.0,1,6839.56,449.6636250542649,20,3,0
349366234316621f9838fce8d80a4b6b514b8c091a0c774b46f6ad8727e65b1d,0.0611889367452932,0.7372332115282383,2,103.6025,4,755.0,0.0916035790884092,2,1145.08,30.87,0.23,72.03999999999999,75.60333510632236,184.2988846126624,104.0,3,441.7,146.11421253875477,5,3,0
308be199d1fe30af8025c4a2f4372851a63705469da6bf34dddd52f7fc71b90f,0.0359515444718638,0.8120323969851511,1,142.788,5,665.48,0.0681635087432775,4,1146.89,41.11,0.228,39.086,46.68394594111942,108.34654351799584,138.0,3,1210.88,275.0139837675613,6,3,0
574f79f456f270330d15f0869b494db1d82e89e16c163ae5d85f7a5309ea47d0,0.0,0.7633062393654135,0,42.5,2,350.0,0.1583681188870254,0,88.51,1.74,0.165,63.210000000000015,60.26166800690406,153.28534191441855,0.0,19,85.0,85.68347973939227,2,2,0
19ada0085e1392209fcf458a6e3a039b61300ee13d32801a230490198c83f76b,0.0322870329121042,0.8342918177030084,2,205.16,5,868.0,0.0242857142857142,3,417.99,21.2,0.314,76.0,60.77456981662242,164.71856454842614,205.0,13,1075.8,86.0252734419469,5,3,0
7888b2d5758cf5e093244052f0a5273bd09cf7a8579befa5733b953505cb8169,0.0289772282417996,0.7851184398792453,1,118.38333333333334,15,770.4,0.115332931898781,6,996.63,46.2,0.228,26.601333333333333,29.44177885066124,78.33762790992448,25.0,1,1795.75,285.1991395725781,9,4,0
d099b8b3d04b56d1dc5a4c63936bee2abe81d41681d22f1c0bcc11e333a13218,0.0,0.8709380569576419,1,96.9825,4,858.0,0.0418225860340795,0,649.2,14.54,0.27,24.9175,35.11077272573846,73.91460685988676,70.0,6,397.93,203.6190184900508,4,2,0
08c022c11e213a63b7ceaf3109e321bfb2f0c57fc0ba4f8ab7aa35eb20c90447,0.0157455518815933,0.8509333888093886,0,101.66666666666669,6,375.0,0.041092768468334,3,621.81,19.97,0.3516666666666666,38.64666666666667,31.58473432689688,102.7002900910923,0.0,6,610.0,220.59066635418915,6,3,0
218ca2e87880ae86332967b6d2513d44b04550764aee4ae9d5dc06a19ad44a16,0.0468756193415839,0.8925745944561884,1,104.11166666666666,6,727.0,0.039960432372559,3,922.81,30.84,0.3999999999999999,43.03666666666666,33.84263889299416,103.55861647600688,202.0,3,893.97,128.96693004352588,5,3,0
04a921ed8151eeab4bac7f9a2350ccc5287ecf3ca31eb9a0fed46444177f9541,0.0,0.8405446113258832,4,286.9745454545454,11,227.0,0.0163050397503959,11,849.87,65.14,0.3645454545454545,36.58636363636364,26.34985018549403,76.79637240840123,105.0,1,3156.72,198.37574412096933,1,1,0
97bdb52901f204dffdba6476c6db36f991aa8b8c50459deb684f78f6f62f0e58,0.0156618113926873,0.8071909724616128,2,194.8628571428572,7,72.36,0.0813034341463747,7,966.92,43.15,0.3942857142857142,32.137142857142855,35.43487425123366,88.63624091862994,0.0,1,1365.04,166.59472507868233,5,2,0
3a7d0ec71969325e72229ed0d67aa5af28a8ed9e7f268e170115cd5a876b3d4e,0.0290863984012,0.8234428071346506,0,136.61,8,863.92,0.0617808410844258,4,355.5,21.28,0.285,56.92,60.04725963388567,152.49445121415175,0.0,8,1122.85,92.09761359965184,5,2,0
9714f875ab9d0a0154d633dea8899bc7946beb2b632611fb772aabc47ed32459,0.0322421930269963,0.75136975515491,3,76.71636363636364,11,764.8,0.1090012791922387,4,692.56,30.44,0.2009090909090909,31.77909090909092,45.125505833324944,109.91062179296256,160.0,4,1129.63,267.7406937654099,11,5,0
79eabce9283d9c7d1cbdbcf884b8f7c9ab57a1b2640640ba5d0ecdbf74abc7c3,0.0452170545405885,0.8437521388199604,1,167.675,8,477.74,0.0351333720954285,4,504.8,29.96,0.2775,39.415,34.31130855084465,97.15539752191891,0.0,9,1651.4,215.1280234997753,8,3,0
f1411de0f2a522cb780abc6c07c2b9feaf8d7e7c225371624d00252536b4764c,0.0206816677696889,0.8941895919505793,1,95.5,4,470.0,0.0114930542961807,0,189.21,6.21,0.18,57.44500000000001,52.43496974426074,136.06397027305115,70.0,18,382.0,169.4827405938874,1,1,0
cfcf891a448239fcf20c31b22e7560425fd06d8dd8b56f5a064f0d8cfaec0b90,0.0279673341537084,0.8344159371619859,2,72.925,4,721.0,0.05003738317757,2,828.65,23.14,0.21,23.065,15.82948185420074,58.884890343666086,69.0,4,459.7,114.52360921187386,2,2,0
8686ea05f8291eeff667039c3c3ee18802f5e29b0b72da1a9eb75c8651111e45,0.0084012433840208,0.8353838629191748,6,204.03,10,1283.6,0.0487176209654012,5,853.66,46.07,0.247,47.405,38.70440208662215,114.02120766445118,90.0,2,2040.3,204.05293873159417,14,5,0
e69ed9f3a45caaf2ed5e8bd9e5a78b0413947b3005c3aa198c21f5249ce95c11,0.0480243209706433,0.8933784296008445,5,134.91333333333333,9,1095.34,0.0284016611246826,3,825.9,33.12,0.2311111111111111,33.54222222222222,24.218222275508204,76.03730972730169,90.0,2,1214.22,235.77269637440187,10,3,0
85bc10660449809731e5d4ca2b33b1f095fdb36c0839a96074364439c575deac,0.1935921014422608,0.864406779661017,0,74.46,1,675.0,0.0169491525423728,0,144.37,2.56,0.56,171.61,56.21898276397085,308.5689182830081,0.0,12,116.5,0.0,1,1,0
2c809829959c8bc9c7298e6358b9110e34d569d1636a95f83f35e31e3f638456,0.0945511933595134,0.7468945743788031,2,194.7925,8,754.25,0.110722520329546,8,492.03,34.91,0.40375,71.63,72.93798916421646,184.91310670011845,102.0,5,1627.65,210.7075232087397,1,1,0
d62a003d19d71c6c673588f6574f2d4022eabbe4e76cea8c37b340a09b0b6b1d,0.0204813108038914,0.84375,0,605.3,1,179.16,0.051875,2,104.42,10.1,0.67,19.21,33.767907610749134,61.25504059824924,0.0,20,605.3,0.0,1,1,0
1a5d688a668fdf4c17c93c20159b6294ab2e8bd1c9f3c10c8c109e918a0801d3,0.0631092552634229,0.6753216731923581,0,54.66666666666666,6,403.6,0.2150317886650731,1,194.28,7.23,0.235,52.09166666666667,74.82759572714627,170.5455702938225,0.0,16,378.43,172.058700064957,5,2,0
5a19b672758c4d03475fc4f55a59a0333d1d22e6180a69cb08830587bf25e462,0.0275477288078642,0.829298425855195,0,151.61375,8,1364.0,0.0659947567810232,3,656.64,27.61,0.315,45.70625,51.07240749389504,134.82156699053965,70.0,2,1286.53,138.49050074090025,6,4,0
3842ebcdb264a5d3a42d772aaf123909d38a9d76dc49d5c21de7a150e0a6b626,0.022851980703868,0.6911063544973828,1,123.492,5,795.0,0.2436925732516813,3,582.61,19.07,0.428,49.24999999999999,42.94918692423232,133.2497395552622,270.0,4,617.46,179.4031144742163,5,3,0
8f021418fa507fe980090fb198e6979d34c58ae19256f9782c5976a077b9168f,0.1779453394523266,0.7239836105434349,3,97.34499999999998,6,192.0,0.1738427440557135,3,886.72,27.85,0.3866666666666666,63.62166666666667,37.7154910320839,147.70350031757184,192.0,1,585.07,257.1691221646419,5,4,0
9095e7fa84c1fb8f3c927e69b846514533335f3b6f786f7c81da088d63ab3e45,0.0330356672550736,0.8801491578047027,5,95.42,14,1423.17,0.057055724027879,1,977.44,36.27,0.2592857142857143,62.02642857142858,39.746559067373575,147.3922553899052,534.0,3,1350.57,214.40289972675785,3,2,0
9dbd0e67849c13a827fcc4625952c620ce8d87f9be21be24bd5e6209d2b46157,0.0,0.7978436657681941,0,76.0,1,350.0,0.1482479784366576,0,97.89,1.74,0.5,37.69,59.67676049440927,103.02391339849574,0.0,30,76.0,0.0,1,1,0
a00adcd9d77f0e6238e44ad35605c704a0e63ccdab3fb37883091278a8a42cc2,0.0281889259662831,0.8778229430169086,1,356.0,2,820.0,0.0,3,386.48,17.02,0.3,24.525,22.88927787864126,64.22401064909715,70.0,9,753.0,127.13282905446934,5,3,0
8380ca9d41b29c51aab7a5844d4ab30c9ad87d27511366011a0eaf95e151843e,0.0602305764965922,0.7327526564550799,1,201.75,4,498.0,0.1306108555579234,3,256.08,16.9,0.3975,52.07,48.4295312671994,139.2558560555924,23.0,11,927.0,93.93971603378696,2,2,0
6325e0b39c75f1eac948ebbc8efc083fb6d50bddc8c941f96ab4fbc67b9bab88,0.0690423140161471,0.6922229689652085,4,203.4533333333333,9,800.0,0.1643336236202021,6,575.32,37.52,0.4522222222222222,53.355555555555554,55.03868284126123,140.94659767255882,175.0,4,1831.08,307.89368624204303,11,2,0
46c4e14723be7be0909475933c4c5c42a5995ad39c80d24df23cf5c114d4912c,0.0,0.8681672025723473,0,63.0,1,325.0,0.090032154340836,0,73.6,1.37,0.5,18.74000000000001,66.54302599624395,108.20575278071036,0.0,19,63.0,0.0,1,1,0
597cb70f387b4bf534e2f20102159f8bc68dac043e73c6996b0154d24d423460,0.0,0.8226256983240223,0,333.0,1,350.0,0.0377094972067039,1,172.31,6.55,0.55,55.9,35.858515042283855,112.00785014756484,0.0,17,333.0,0.0,2,2,0
52fbd28d070762c6cebb3b5c2acad1aa02e3357a51b1024752de8c32396b4b59,0.0256804220992477,0.8574704714159772,0,138.855,8,391.06,0.0342975234353811,5,627.31,28.12,0.2025,18.44375,17.79735014277135,51.05396546180755,0.0,6,1110.86,250.16746429682303,9,4,0
ac40cf2dde584627304049763532ec731f6a56413a51c4050f27ed38b5b935d9,0.066730530982427,0.8315860588121762,0,152.346,5,430.12,0.0464097122211273,3,1063.05,34.09,0.25,29.954,34.37050144615534,70.66405701175721,0.0,2,919.0,97.43347998249088,4,2,0
ce37a83dd4c0c8bb29b876299012dafb7addb9d789267aaaabcd085d2d7a4cfb,0.0301477238468495,0.8741346073254547,0,336.5,2,845.2,0.0,2,463.73,15.73,0.5,49.855,47.99652615909669,122.02644983226148,0.0,13,713.0,80.93913545146475,4,2,0
e97a18c19259e9a6f727f38c3d46c10afd66c9a33913cb6b31fa934c14c2c117,0.1035301914461688,0.7633948132309228,3,107.21857142857142,7,1240.0,0.144485284917623,3,1036.77,33.25,0.1699999999999999,33.96,35.408369358539005,97.88247463605695,130.0,3,750.53,72.31512155793135,4,3,0
386d1365aa31547b5f3a56859ca6cb4359c0624e43a71f3bd4e49c9d3910f106,0.0038935351741967,0.7952839854016025,5,166.75083333333333,12,281.58,0.0840177598601012,6,1080.54,52.35,0.2966666666666667,31.027500000000003,31.46650718410268,78.43244468172554,45.0,1,2001.02,187.604975801944,13,2,0
47abadb863d29772216670578d59972c0fd5b81c9c1daea7014ca285fd86d891,0.0,0.9252873563218392,1,42.0,1,395.0,0.0,0,368.85,5.16,0.15,38.88999999999999,10.800135523998405,69.09148749783759,0.0,7,42.0,0.0,1,1,0
d27c6767c883d30890234bb89abc86e36a8e8832550de01e4c4bd96015cf1f9a,0.0273395927288641,0.7460679419225449,5,242.42,9,1102.58,0.0983111774204337,4,911.86,47.38,0.3133333333333333,62.91111111111112,27.03561927523722,102.5825405448814,106.0,3,2225.77,206.15700398972027,9,4,0
003c47100f35890e3508090b7f9cf5bcd65cc4cf3fb33700059cdda05eb73d1e,0.085099140498681,0.5905292479108635,0,88.0,1,325.0,0.1643454038997214,0,56.63,2.35,0.15,58.13,85.83984696180806,189.20205730176244,0.0,13,178.0,0.0,1,1,0
2c9f88d7316bec098f161fd7046ac894d1caffe988eb8d79cf13d4bda3a2bced,0.0193367392895131,0.8769415477644834,5,226.417,10,95.43,0.0270283258129067,7,830.85,50.35,0.313,30.940000000000005,24.10345667006204,68.48149703807948,0.0,1,2275.15,99.44979665100574,12,3,0
27bf1965f45acabdcf6d4d7eb3a011aec5955f56a17a6fdc1bcded57bc3777d6,0.0857338820301784,0.8537219642026432,0,62.295,2,442.4,0.0336391437308868,0,231.92,4.42,0.115,39.905000000000015,66.22553321522727,136.64980776130184,0.0,4,209.61,129.78459829763426,2,2,0
735421501987fabdff9b02d06eb65c8e5a5e36f3a5fe5b08246c7463f021e353,0.0672297992254358,0.7279694144886029,3,154.48375,8,1126.02,0.1260615769823479,2,506.68,25.25,0.27625,40.92625,38.638330106365,104.50345166501542,90.0,6,1425.37,140.12482306468766,3,2,0
446cced8ffcec9d1c1ba8eed2b3dff419175867e5e14b8dac5331c401ccd2cfa,0.0542002879455399,0.8446677937123797,0,76.53333333333333,3,375.0,0.0587934740477112,1,511.52,10.41,0.3033333333333333,30.113333333333333,24.63102935695042,74.44160805052594,0.0,7,229.6,219.6056581442064,2,2,0
d7257288a23ae47e774af67df270d2fc6750816c04e3663c98d35b9e728c680e,0.036485199500099,0.779400373563669,1,88.8,5,533.2,0.1260027716125835,0,544.62,12.38,0.478,34.480000000000004,40.43068513470792,112.06840330544163,117.0,7,444.0,125.41996458922044,3,2,0
25edd7da6eef7ebba13ad9517f31f86c51e9a998977bbff9918d8cbc723c9605,0.0596697615134149,0.8396335300775407,0,82.0,5,1127.0,0.058311204224401,1,448.99,10.99,0.21,36.158,39.183067256313606,101.91900314136991,322.0,15,410.0,98.35655090173884,4,3,0
869a4c61b13a4e9dd73e81f65018a63da9515680dcb1d3a422f7bbe2c08d4df7,0.0083892617449664,0.7725208164552658,0,107.1,4,876.0,0.109653503676376,1,417.14,11.21,0.155,23.1775,19.00609821582256,57.079758217025706,126.0,10,428.4,219.51156400615253,4,2,0
a35c6528425d59a81a86ecebf2f61401b2398f660e6d2eba0c6052bd46cad587,0.050171715773906,0.9106857564212856,0,220.0,2,350.0,0.0078883495145631,2,87.29,8.25,0.35,58.825,42.36167543089403,121.83715548827608,0.0,20,488.0,122.94609134974614,4,2,0
ae8f59ec296d93fa115fe702017c26902b246a0c07081429e1c3126e4f2ba2e8,0.0233509954471032,0.8393511039338314,1,130.06,3,392.88,0.0217372023682016,1,336.74,9.92,0.1399999999999999,32.669999999999995,33.982233558717915,88.81444030207881,0.0,10,414.17,87.8394659855749,3,2,0
83f102333c0f600aadfdc2f259d76475e5a3f1ce377dd26156e02d06561ef878,0.0155516158128829,0.7855430714807156,1,103.50166666666668,6,1125.0,0.1503882850146509,2,578.39,18.6,0.2133333333333333,51.07333333333335,54.985403593172414,154.1070711297514,50.0,3,681.01,255.29161635023016,5,3,0
87a9945476b87709a4b9b70a6364e0592dd7269f95eecb3ad1949a7290a7e44a,0.0860141063134353,0.7061855670103093,1,86.03999999999999,1,350.0,0.1881443298969072,0,153.1,2.89,0.23,13.730000000000018,28.587887547576106,57.87230713070034,0.0,15,86.04,0.0,2,2,0
17550878c9c50dc6f36e9cce6f7a2ee4c5c61384f8ab3b955c8552bc506e40a6,0.0,0.8874361847548746,3,102.33142857142856,7,851.78,0.0495611251585827,0,711.12,20.27,0.5428571428571428,31.34428571428572,22.711741860128907,73.08030561612303,85.0,1,716.32,132.20000963063225,5,5,0
66698c3cf92d3e0ea278be8425d42d6a79ba758498bf21cf6d1cfd159958db24,0.1267668124485006,0.8224543080939948,0,204.67,1,424.0,0.0574412532637075,0,562.6,9.94,0.29,60.81,24.4606613152857,101.98637767480564,12.0,6,229.47,0.0,1,1,0
fe5b25b2ee472cb8e6c6d8d39d4a72dbfe8b84fa7103eefdb0a866a07a58d9f9,0.0614447154964848,0.6237615168021385,4,264.24285714285713,7,549.35,0.2361669928160669,5,1107.88,49.52,0.2671428571428572,38.135714285714286,42.5566352389764,103.77043348271076,308.0,1,1849.7,245.30197169511288,12,2,0
af05d80f4f362e13209cafc10b4fd0ed462365c50cb6d86efc9d16f28d5b78d8,0.0391687702053713,0.8726209131269815,4,111.67846153846152,13,1103.68,0.0943593892088582,4,745.45,34.98,0.4861538461538461,47.59538461538462,42.49711716108231,124.10978893866572,85.0,4,1451.82,116.09906958827662,11,3,0
0359a94715a66ddf8aa0bc8ef923f283f075e0c0dcabbdaa1e8bd0163a2aa264,0.0202648306866405,0.7819197793182489,10,271.335,10,241.8,0.0933812810019857,12,972.47,70.26,0.368,31.391,32.15153302808323,80.81640900007173,9.0,1,2912.36,256.00268262979847,17,3,0
83b5886b14917eb5f5bf622b85d8f2d7ac867d8f3ba874b5f3168bec507b56b8,0.0135908993106078,0.883382106300445,4,101.40545454545456,11,23.14,0.0232108915980967,6,944.91,41.18,0.2836363636363636,23.55090909090909,27.84720002100744,70.50640937226568,0.0,1,1272.75,132.8543262893932,7,2,0
98f2d2cad893c57f0bcec5a8d2a0863410f462e32be83df0b65be7e04ec61bce,0.0626341579977552,0.8626487592917725,0,176.4857142857143,7,579.04,0.0256389892842932,6,752.15,33.99,0.3742857142857143,36.53714285714286,46.61548277436789,106.68487407846236,38.0,4,1235.4,110.60113084717528,7,4,0
02bddcc138e3d2b0be6838daa2f869fe77508fb3e1cba6e875b1be887f9e44e0,0.0313113445871128,0.8429756606673316,2,91.5,6,498.78,0.1185198937830089,6,628.62,25.59,0.4916666666666667,34.49666666666667,26.66426087757121,81.79295028030361,0.0,13,605.0,139.78699737897674,5,2,0
a338773b78724b39ed4c1c09a9684a822d6584d6e6d0b0436327fc0dcdda291b,0.0073264367142396,0.9136705986470284,1,147.925,4,458.0,0.0458733592273412,3,573.08,19.07,0.625,57.72,23.588511498285143,106.46453086800057,4.0,4,601.7,166.18191103386098,2,2,0
65466b9704390182cf8c6744f0b4e6249e5f4a84f55675df18258cfc09514109,0.0899523252676082,0.9157509157509156,0,72.0,1,520.0,0.0,0,184.8,2.57,0.29,53.86,76.10234945242352,157.80191766834292,70.0,19,72.0,0.0,1,1,0
f0f3c8bb0152139edc406f3e833fd4765ec211e4356203c14990993264f7479f,0.0472599076621997,0.7895701004235421,1,74.08,4,917.0,0.0791670209298864,1,626.75,14.46,0.3675,76.53,34.90848319170689,138.45888009567489,13.0,5,296.32,138.2480665004475,4,3,0
ab09b96977e3dd0c316dae80441035d15863c2b51ae3384f266572a5df4ec325,0.1275892040926955,0.741613798191373,1,247.84,5,933.1,0.1393145451366433,5,390.97,25.88,0.398,45.588,55.33742399488638,136.95502391593763,201.0,15,1332.2,283.63036650846374,9,4,0
cc14d829263b463635161d4160fcd498b226601f801d0d1f4145e62ef2c207f7,0.0474396940236073,0.7778213731794462,2,96.194,5,682.0,0.0673227604635753,2,568.22,20.95,0.252,77.47200000000001,62.08604975792425,194.7969399991109,132.0,4,791.22,77.58902113917303,5,2,0
21ab44f898cee572760c81dfaddb4f5469d24e47147e49f31bfad3346c205f22,0.0806284482722245,0.8067829012728717,2,177.7925,8,546.32,0.1062950636355415,4,601.51,30.09,0.2425,26.878750000000004,33.65368253588332,71.64791743186935,0.0,5,1422.34,279.5754714892028,5,2,0
fead6d54a3675efa68383fc2611355dd8d885705172d94d8d685e87a55c0100e,0.1202487163636709,0.73719231500856,1,161.05,2,468.0,0.136516390843954,1,599.61,14.08,0.12,18.055,37.26564870781026,62.28125558616999,43.0,5,376.0,0.0,1,1,0
cf60bf308fc3b34f3d8a815a8dae003e2cf3b5b795c93556359b75c55569bd22,0.0100341159943807,0.9486612282538552,2,74.523,10,497.0,0.0078651685393258,0,1079.55,29.27,0.358,32.818,23.499887802517684,89.23569785516493,12.0,2,745.22,148.31570633356267,3,3,0
6077ab76b37213075c72c490f0d5c6e32b793c16da86172aea159741668b346f,0.0308223400320552,0.8672378166595105,0,211.5,2,513.0,0.0,1,182.5,7.55,0.425,64.235,54.63141900563196,156.04726620998218,138.0,13,423.0,37.88151265906363,2,2,0
469f4811e002a852bf7215b1a2ccee785d0460b0633153762d81f407e7a8cb91,0.0,0.8085917638551514,0,173.51,4,475.0,0.062878117696219,4,838.5,27.73,0.44,21.7375,24.304809434128195,68.6969177176678,0.0,4,694.03,190.8908533210868,1,1,0
ae607d6452d801672876da41d5a248f2938f4af513907f8872d5b3364818e1c8,0.0216928867693294,0.8352494150207804,0,88.77142857142859,7,576.5,0.0719883628082594,2,565.82,17.19,0.1628571428571428,20.54571428571429,19.37210628613201,64.78249820191857,119.0,7,621.42,187.93307083703377,7,3,0
267c820cf645c003790c68abb0e3d972dd914e706223c91b5f7a661f76c447e7,0.0,0.8314303902384703,0,178.595,4,400.0,0.0634050098335812,2,216.61,12.81,0.5575,54.7,25.13881127994221,88.12254789377482,0.0,20,714.38,228.2606404163321,4,3,0
0477668731b9f345666e8a4a80567b8bbb66ec0457b9ea404cd901e5358c1cde,0.0933085265082257,0.6974570086852117,6,102.7555,20,890.9,0.201937857543753,6,886.83,48.55,0.261,47.8885,41.39247627565967,127.56157815984474,53.0,3,2055.13,338.70204476854826,19,6,0
e03f3088c179a9b55ff68e48ddfe537a66cd1809568cece568a52f63a47dea07,0.0655752951906761,0.6477643926331796,3,191.97090909090912,11,591.19,0.2126699692592592,11,536.94,47.89,0.24,59.48636363636364,45.17608850288425,143.7121888223451,0.0,7,2313.71,401.6147494036359,6,2,0
1a806ae04a948743e3a6886aba993b98fd5ace8c44cb70af3d75bb6b88f887d2,0.0,0.6660343908783446,0,98.2,2,823.0,0.2058018118790462,1,228.5,6.34,0.1149999999999999,99.92,36.18458270990055,201.80929070783992,140.0,16,255.6,26.09425559832565,3,3,0
e873493ff9bc6c79d8912b16d34600428605705c0c741cd3c8881fbf3894dbee,0.0459339485324723,0.8161886869929019,6,85.92363636363636,11,2449.9,0.060443240256944,0,1054.73,33.24,0.1590909090909091,29.444545454545448,24.458730544335843,62.3029466885628,492.0,3,1004.69,147.43437582772708,7,2,0
2676f0005a16af03afd0514d04b037f5966250e31e174648a4f180360db4bb91,0.0,0.8765231711553678,5,96.2125,8,1550.83,0.0265060939919406,0,769.97,24.77,0.25625,23.652500000000003,34.81942756229107,82.43378271787793,90.0,3,769.69,104.02516617134188,5,3,0
aa693828396a4c0eca3262120d81523e833a1c3087487d9a89fcd1acf8435dc8,0.0,0.7892144199598267,4,212.08,5,595.06,0.0803559513025949,2,749.98,28.18,0.3259999999999999,34.19799999999999,33.42945756513586,86.39902676853835,0.0,2,1060.4,262.442948694016,8,5,0
7ed4fe38082f216add31e097520acde5c60dcc0376b0705c911b5dc672ff8f7f,0.0150952510340247,0.9107922374016464,3,69.19666666666667,6,489.89,0.008425839541728,1,655.59,17.57,0.1383333333333333,17.97166666666666,20.46161576541785,52.57561138845005,33.0,7,435.18,119.25291032754228,4,2,0
c7080e8f7f41dce0fb542d3c9ee04eda62165073ad1b35ee10b1f45c57a85a81,0.0290756331403116,0.8021238455070734,3,176.03714285714287,7,702.2,0.0797836328818094,3,789.76,32.92,0.2414285714285714,50.08714285714286,47.28275530745048,121.03278157724624,131.0,3,1334.34,248.70475423381723,12,3,0
b586c34bd49784f25a2694f751549f90e8d38e57380827f1c0d1c4a5c1c7e2f9,0.02710027100271,0.8238062101070212,0,163.70000000000002,2,750.0,0.0572371262657772,1,106.11,5.84,0.255,41.64,44.81724753985771,90.81719274675042,0.0,14,327.4,43.29097365653556,1,1,0
fc49cb1c54c47fd251751585a93108f560cdb28e0fb349f89d2d73173ab64436,0.074805167946961,0.8381950683837477,0,184.945,4,435.69,0.0327474543276429,2,610.51,19.65,0.1825,40.74249999999999,44.82228639052632,124.25916943382308,30.0,5,755.8,232.04794634544257,2,2,0
6e3887e084043a879f2d110ba9b710b7991706664a74919526ae3fd82d22b785,0.0186866988077886,0.5474665924276169,1,238.0,2,350.0,0.266297180869769,0,106.8,6.83,0.18,54.995000000000005,62.816856464149,154.6591860799473,0.0,18,476.0,128.729488206499,1,1,0
e95ab96efc03010df63fbb839c70800cb05c67c69297b5fc984af0aec684f421,0.0621074201306189,0.7903614685896224,0,102.1,4,502.3,0.0677219357441847,2,205.59,9.53,0.2324999999999999,33.5975,32.279317851251406,89.93630061334136,94.0,13,447.4,209.52398009412263,2,2,0
6ee55d3ee502eaaf6df91cefd2647cb9b82c01f96d56ad232c30aa1797c36788,0.0433576135969476,0.788845806827962,2,281.7033333333334,3,553.28,0.0881512447744431,2,223.89,14.69,0.38,38.63666666666666,28.3922964822641,85.292063068745,70.0,13,845.11,113.92231542951544,2,2,0
98f732796413c6e13e6ff86bd1e353a30c8c724f7c54eec5c0154e336a84f7ce,0.0,0.799163179916318,0,75.0,1,350.0,0.0836820083682008,0,54.2,1.29,0.28,21.31,31.84694931413128,82.96256786869438,0.0,4,75.0,0.0,1,1,0
6d0e4c2bd26f0289182dd7fcadbf8df9ceb452fdff8b14d3d51c77cab05a718f,0.0,0.925678273873104,1,20.78,2,405.0,0.0064516129032258,0,651.8,11.04,0.215,26.210000000000008,14.365362069167478,61.75693478696786,5.0,4,41.56,0.0,1,1,0
352a1024b4d50d6519ced292cb17881396f9010a4fbaede865b57def33e87412,0.0268542886298941,0.7323354000237573,1,231.71666666666667,3,627.68,0.0731085532527857,5,371.08,20.16,0.5566666666666666,52.053333333333335,56.69311614376005,146.79879709421124,147.0,11,939.15,95.24140297961686,2,2,0
6203df1a1f7a7f932912d48b653b37f0b245c97a5001f73e5dbc6468aa6bc357,0.0302348455005453,0.8168347823935288,1,86.29,6,213.5,0.0421728336504817,1,1089.36,28.24,0.175,37.053333333333335,24.780876058143832,85.78491043089343,0.0,1,517.74,121.88339164031068,3,3,0
ded00f385c79c3dda96660f1736fad3ee493d59c804227d587b8f86a4e5ae836,0.0124962428102961,0.7388843504205237,3,260.28,18,208.06,0.1204946928957241,16,1002.95,91.49,0.2755555555555555,37.903333333333336,31.725307552889173,84.92872177071143,3.0,1,4709.04,247.4184082750126,19,2,0
34126e7720a5342c4e3d9448a6d13316cab215b358e32c4479d73cb3a6ef5e11,0.0458547322083639,0.7367446393762184,0,198.565,2,576.4,0.1451267056530213,1,397.89,10.13,0.305,52.845,15.07128070930406,88.20726275195015,16.0,6,397.13,114.1437021503816,3,2,0
54b2f3c3dc68ab78611c2a0c64e5b8ec489226f6d1a42f841851d8a6750ec91d,0.0,0.8319954141801565,1,137.04,2,445.8,0.0757825370675453,0,423.66,8.26,0.24,35.35,34.72083312537187,98.21956922612344,1.0,12,274.08,26.639292553565387,2,2,0
50a0559c5b06b3c0507faf2d262e5f0d35d6f53dea5c6c52c602d23ee6afe08b,0.0,0.8977434634657802,0,217.75,4,382.5,0.0126420079260237,4,359.25,18.81,0.405,66.3075,17.7485267015612,115.73141529594338,0.0,11,871.0,321.6932005404403,6,2,0
8759e9b250a6df0bafb849c1e476512e298dc659cebf0a243cf4c3bb04944229,0.0366636138801975,0.8538825266601963,5,184.8007142857143,14,750.52,0.051720359099818,7,1059.39,61.92,0.3357142857142857,18.307142857142857,20.66214502273041,53.49573631063557,12.0,1,2861.12,159.94544380403858,16,5,0
ef616162ed5cf058ff043f7406587905c39cfdef60f2587fe6e449ae028dc8f4,0.0791889862597998,0.8128951986918864,0,138.494,5,684.2,0.0376956083238163,3,210.11,13.6,0.622,42.40200000000001,29.336816578093725,76.47823261619853,30.0,17,699.55,291.1517130094964,5,2,0
0aa1c4d11224d7dd0f6bc9b9bef0d3efb1a72f61e3e4ef79a20fa79542cf476f,0.1185129986658668,0.7840609812855742,2,115.025,6,547.0,0.0400237270380186,3,599.55,21.59,0.1866666666666666,61.52,56.31257932495163,139.61367833929037,21.0,4,727.54,361.9759853593546,4,2,0
de5137f62b153fd89233d061b74cde7f8ab63d7357e29b54974900662a6e287b,0.0976023435998147,0.7661812304139674,2,215.5742857142857,7,972.04,0.0825021116187765,5,828.39,38.13,0.2671428571428572,51.75428571428572,59.32810554375352,149.96545380868545,75.0,4,1509.04,209.89285347660177,8,4,0
73cebd50e1060f26476bd1b19a5424aac10beaa88d46e9e7cd8dffbc8cada626,0.0858516483516485,0.7982712472067381,0,53.925,2,1463.5,0.0971502590673575,0,662.17,11.46,0.115,23.129999999999995,30.940809901230708,83.39582473483146,203.0,2,107.85,7.512623602695942,2,2,0
767eafd15dedfca3c2546814e2f88ccf4ca5eea0e26411ca5481855ed856a23b,0.0,0.8586956521739131,0,80.0,1,395.0,0.0,0,224.29,3.04,0.12,6.019999999999982,5.9425628837392,20.9193087270137,0.0,17,80.0,0.0,2,2,0
029b4ca51f9837cec47d9416be821f4509784858bad5f30b8774863d923c81c2,0.0398110119602144,0.9417216897982836,3,159.09333333333333,6,705.93,0.0280330723468127,2,872.01,29.67,0.5466666666666667,36.16166666666667,30.49180752897007,97.9520152154262,43.0,3,954.56,176.81773139679458,4,3,0
674253c1bc195cb11c4e140bbdcb07dff171fcdd76d7bb05ef7a9ff76c0daf97,0.1089379891842438,0.7794604366569322,0,55.595,2,418.2,0.1596857182589347,0,188.49,4.44,0.2,41.905,61.28269907903811,137.7291174326771,0.0,14,255.21,40.70541502706028,3,3,0
848597bbac9b4977921176159defc9fa065f4dd350ffa5d26452e87af9af1fee,0.0356150633753436,0.8647626230031975,1,175.54928571428573,14,187.44,0.0349653464664486,18,1071.17,79.89,0.1885714285714285,30.305714285714288,16.736872514142455,61.22294134931068,0.0,1,3177.73,122.50745364763874,16,6,0
8ab7c5320669dd5895636f44efa8b43ce2581fbe5dc8c590dd1e3adfa5b19855,0.0193909973349006,0.8063285012689619,0,359.1821428571429,14,152.59,0.0194663193657258,17,1042.62,95.3,0.3585714285714285,30.545,30.023740622460338,75.20358647878606,0.0,1,5040.59,208.5418135941437,17,2,0
dd94e16b2da5cb4efff542cfda1e164232d9dbdbbcbd312168cca50f5e3ba168,0.032753594707019,0.8731813810523529,1,220.70666666666668,3,483.44,0.0411946446961894,2,230.13,12.42,0.32,65.49333333333334,44.03940687937108,116.28957831038817,0.0,16,662.12,37.96493778960368,2,2,0
ad0c653664c6d94f1db0be17782274fcd9acfc9cf6119cf0f1617eb42c71fcfb,0.0,0.8548368928539245,0,254.0,2,615.13,0.0,2,960.11,25.91,0.29,26.98,17.445322585055337,70.28605882625357,110.0,2,508.0,66.17547670852669,3,3,0
ac35268248f042f28d095a34f996457e5c98f3df191be76cc8cd43832875a81b,0.0250644794287909,0.9330777550609812,2,196.57333333333327,12,604.1,0.0068760366989813,8,618.92,45.89,0.4908333333333333,23.161666666666665,20.49973161181543,58.9489855745205,60.0,9,2358.87,141.90960681547514,6,3,0
ec8a6eb290ade0db009bbcc1597b835bc4eeb45666978863c71e32fef0851823,0.088072958238923,0.8567837136700888,4,153.05555555555554,9,1110.88,0.048652909286039,3,716.19,32.01,0.3488888888888889,41.49888888888889,49.23831281838165,127.78355041586398,85.0,3,1377.49,281.74628165439947,9,4,0
e85a0ea3f15261799a3bd1a16cd28ba15e1cde18875008e7fa066e260ddfe475,0.0184754945658952,0.8544329005378631,1,75.45714285714287,7,399.0,0.0754617785615972,0,1029.54,25.47,0.2357142857142857,17.344285714285714,20.86424703113248,51.38064918184635,24.0,1,540.2,126.47764653370676,5,3,0
bfffc762f4191be41f753cc4e0a048380fc545d98ee312a7f08e027c8b44027e,0.0200095647276329,0.8892243831482327,1,224.1933333333333,6,525.52,0.0013321492007104,4,304.33,23.27,0.2983333333333333,53.796666666666674,32.15288168536035,105.86241907275227,0.0,11,1345.1,172.22000209153617,7,3,0
68fe26e3127e346623f6184cb7583f4076380cc0bf2dfb3e10a9b99e0a9ad8ce,0.0,0.9050925098390848,2,123.6925,4,741.0,0.0095320623916811,0,424.47,10.98,0.43,50.965,35.91716369368429,129.62121664608213,90.0,10,494.74,95.2428322837664,4,4,0
561c1038c8575ef88e2159cd7cd553822c4f3150710ff53e909a40de6166e75d,0.0222419928825622,0.8659578518653415,1,119.63125,8,620.0,0.0453774373129689,4,577.52,24.34,0.34,41.2175,35.11573406523052,104.78447299115626,139.0,5,957.05,177.05932127554183,4,3,0
653d5ae8321e51d39d43b546291d14f1a26b17e3f16e8756a17dad843fca20e4,0.1047041902747466,0.8323743372759072,5,176.058,10,414.68,0.0509494299789612,6,535.52,38.34,0.407,33.026,27.97674182922767,88.9688182791272,0.0,12,1912.75,306.6668512315632,12,3,0
22e16fd5073d9adf7b3cb76de3d6f00b5c57e8d45952023c6bdd9099d8fe52b5,0.0131859079506472,0.8097448103048452,2,284.59090909090907,11,95.9,0.0510705326672339,14,978.17,72.58,0.2954545454545454,45.66727272727273,35.47385475407157,93.43451290655844,0.0,1,3179.5,215.28985925165864,6,3,0
8733732d09026e07d07b838c55b8d1734ccc1580e5e912f1c1c6c173632957bc,0.0226797319493006,0.8659708872613732,0,52.38375,8,400.0,0.0851382029716889,0,599.21,13.0,0.255,42.1725,22.01127886283174,94.05081878873524,0.0,6,419.09,162.5081123563678,6,3,0
588287c04252cbb8746090ce1b554808c844ed24fdf52caef1ebfeeec2d785b8,0.0,0.9077212806026366,0,20.790000000000003,1,295.4,0.0,0,740.27,12.54,0.0,11.799999999999985,10.58958794252784,29.665644393977427,0.0,4,20.79,0.0,1,1,0
67a980a35ee575463e5af3aeba9c97f7e534c3b4925728646e9ad5e197082f60,0.1085282440385003,0.8424839848137642,0,124.2,5,1043.1,0.0541756246705421,2,721.74,21.08,0.162,58.06,60.26541820091579,145.58495817419663,195.0,6,621.0,189.68548127626823,6,3,0
08dc76a74715d7dbfe88199defc683c7c695d2a07c2105cc027065f68bdacaba,0.0,0.9064935064935064,0,36.82000000000001,1,423.0,0.0,0,303.1,3.67,0.05,5.340000000000003,7.429013690016215,16.425402695665532,23.0,20,36.89,0.0,1,1,0
406b4e3bec6d9b743b913b5fe06ea28273da8e4029b5d996dbe104995a0b2985,0.0362068251715499,0.7588846758585575,3,126.62,5,885.8,0.1164066582385166,0,596.92,16.58,0.158,37.964,45.43908411640483,111.3154673724437,276.0,3,633.1,382.7148182312788,3,3,0
5bd74a5bb91140b3361efc7ccfd895555a4a69eb68d1327e2dbfc5e8d9be766b,0.047700898669906,0.7793430681512077,2,189.9833333333333,3,816.16,0.1152939900032922,0,549.98,14.28,0.4133333333333333,80.62333333333333,27.920550353605847,122.49610455064742,0.0,7,569.95,59.466862376958815,4,2,0
b969afe268360ada5cd835fa64d66ace0883874795f4d75b806837a3ecc2cf8a,0.0125253218720345,0.797886104664439,6,190.4564285714286,14,91.2,0.0756552074752336,9,837.06,57.92,0.355,34.71071428571428,29.90585512102219,84.76681228710213,0.0,1,2666.38,277.787112679489,5,3,0
66e91eb99897fcb330e6eec8ee874dd1d69cab705a97892ec92acf64dca9cfb4,0.0,0.8278194263363755,1,99.0,2,673.8,0.1041666666666666,0,117.65,3.66,0.54,28.67,39.30213558495648,84.13454563746507,0.0,16,198.0,38.17396829877354,2,2,0
ac1a85fee7cfe4831de250eb572ba235d2eca52f26d6d78205ee9d5d74a6c765,0.0,0.9441918554228924,0,97.79,4,480.84,0.0079726651480637,1,572.96,13.56,0.275,8.459999999999999,4.462143133368597,18.85125038020091,0.0,2,391.16,90.04815968457837,5,2,0
b51df8479dd7de9bfeeb40fada11c3f87831c1bdd3565a910568a17cab720ecb,0.0608813487923436,0.8569626875812345,3,130.08800000000002,5,439.8,0.0361649403999869,2,576.91,20.13,0.434,20.802,31.23407140348177,70.60980449994194,0.0,7,737.44,191.14217654757067,3,3,0
57aafafa2aa39f7b6e351f28d9c9fe946c16f2c7394b2eb372b74e53457200c0,0.0279150189385036,0.7915553490044919,3,102.39545454545454,11,1047.0,0.1387765967221343,4,664.98,29.72,0.4145454545454545,38.35818181818181,45.647501443962746,106.55501003513994,25.0,3,1126.35,232.08788320455943,12,3,0
ecc060a73dc44a92cddb31a56829837d1221f39b61c5538a0e36d66660afcd79,0.0204398659144796,0.8500083403141493,2,227.44666666666663,6,410.06,0.0509424080623479,3,350.38,23.12,0.3366666666666666,37.85666666666666,44.82736124539474,119.89782160352222,0.0,10,1364.68,308.27845459336584,3,2,0
752607aad42dec834db3d6fb83c0e066e17d824d896dba9e731c2435f3c4e745,0.0,0.9476843796011244,0,79.95,2,350.0,0.0,0,207.5,3.67,0.16,10.255000000000004,5.877032273876829,23.44959147750015,0.0,16,159.9,152.70924374137255,2,2,0
feb14036b261b3e251ec1d053f87f759981d5ab864a6cacbd0f64f6a0903bb52,0.0,0.87401723313035,0,136.07333333333332,6,882.2,0.01001001001001,3,737.15,24.42,0.2733333333333334,48.61666666666667,24.061207713587123,94.89055123670562,394.0,5,816.5,151.8793993081528,7,2,0
0c1ed3d55d706e0bdd7de82c0f3e2f1be0e5674cbf4b50b5239522ca044e8b0e,0.0,0.8019435315966086,1,245.1575,4,400.0,0.073777779277484,4,448.45,21.68,0.4375,31.8425,38.66609075006545,99.62729212956424,0.0,10,980.64,96.63207053736834,5,4,0
55d0d205ae54744db7482727d74951c37d4b86d12f4058f28dc81a4d18798e8e,0.0928399622735345,0.7566398967445862,1,181.0,2,391.04,0.132125955215013,0,125.53,5.38,0.265,29.53,53.45951395721085,109.05144131820478,0.0,13,362.0,78.55502635630114,3,2,0
2be482bc37e6f31436a84c57b24576d25b1274c0c50e9315e461e03c316cb0fa,0.0381075080500672,0.850419957958462,1,213.238,5,982.4,0.0257228293799408,3,872.4,31.3,0.35,42.764,47.01998728584165,123.31841254817762,33.0,2,1066.19,155.88367373920872,6,2,0
020f5b5bbc7d2613eaeb7870601bae6f7b76035613321f03e650ac11dfa58f59,0.0501581351126367,0.8031152870648518,1,31.0125,4,350.0,0.0869463158938932,0,217.8,3.92,0.35,56.235,44.20186831238493,139.38456401929287,0.0,23,124.05,219.41798478963304,2,2,0
c1809e2d5e83e15bd76de60e6ffa89555ad190e3bb79c710c9039fb0ea019e46,0.0497292499813147,0.8309886673952318,3,147.64,4,308.5,0.0614791326646569,0,549.41,14.97,0.25,27.085,38.55264733777295,92.5289438320516,0.0,8,590.54,353.0714213927416,2,2,0
943f50fccf378c9bc72cbeaeca566ba1f12d0a9cea52265bce456bf419d33078,0.0014260595265767,0.7882546287379945,18,124.66526315789471,19,102.84,0.1124786364159164,5,963.91,58.21,0.2442105263157894,33.54947368421053,31.235198327225564,89.32609414087115,12.0,1,2378.64,273.4773505802679,28,3,0
65dffcf518dc31f8c65b479b06d5d55296b839866b3bf013206c27dfe130bb52,0.0169673670836415,0.8956102135765959,4,196.7015384615385,13,562.38,0.0335157818729009,11,782.36,57.46,0.3676923076923077,23.52076923076924,17.126196958358552,57.03994504538987,31.0,4,2557.08,180.5388808778442,13,3,0
7ee1a1c79bb7e91511f92b7a42e882940c5296e85a16fa5859944d9e68a423f9,0.0723196099322613,0.7740976851826031,2,106.9025,4,991.44,0.1375186302181081,1,1031.02,26.8,0.1675,29.187500000000004,37.91178000361821,85.21483935228966,206.0,2,469.37,260.66894012631724,6,3,0
0e373acc32cdc96e25d8ef3e93ae06319f5a5215b9c527c2fefa8885d212e9ef,0.011981949933691,0.7788207377413245,2,243.65571428571428,7,247.03,0.0906372193439645,8,804.88,45.7,0.4642857142857143,41.06,29.017784845698447,87.8206200228527,135.0,1,1924.6,191.15500266087383,9,5,0
2bf0245a8969c37c46c75f7234af08e2174639cdf147b3f8b105d422f22fc5cd,0.0,0.8910033125480454,1,214.792,5,844.1,0.0142222564774493,4,993.16,35.9,0.162,34.934000000000005,17.43253114553874,63.66585508255936,339.0,1,1073.96,115.98776885155796,1,1,0
abfef04eb380eeed07ad176061165203d6366f4620f6aaf75b3a6e6a8ccc3874,0.0213702611445912,0.8531284450158623,0,109.74333333333334,3,396.9,0.0561660561660561,1,144.97,6.45,0.32,96.67666666666666,63.76427470639675,209.73634891659617,0.0,14,350.23,174.31635485192996,4,2,0
08ba073ca542e61a7a3a35f69ef92325207bcbc91903a71c927e0fa171ab2220,0.0556585702971976,0.8078234623813669,0,168.8225,4,775.0,0.0344346568731814,3,401.75,16.84,0.205,71.46749999999999,32.01437928249694,111.51603871532885,260.0,8,712.92,203.86202394126025,1,1,0
20560ccd381058a6147ccbc96e70e13b9bde4911983a5ac26cac2d7abbbe0f91,0.0809017852327274,0.7821953327571305,1,239.2,1,535.6,0.0916162489196197,1,114.29,6.03,0.24,63.32,58.39741706457399,141.8663671969562,0.0,19,239.2,0.0,3,2,0
83e90b6baefd2682968840d2a91c0b25af6ef0a2b3aa13901d67054785b0e406,0.0,0.8245614035087719,0,85.3,1,350.0,0.0952380952380952,0,88.72,1.83,0.23,44.65,31.931746350819346,97.39616248064438,0.0,20,94.3,0.0,1,1,0
494b54f5521a98c268954289171912d34aa8ba91dd87e4b0caa875fa8298c48c,0.037613781689611,0.8277834979173492,1,433.0,2,410.0,0.055820044767713,2,196.39,14.92,0.345,42.415,34.11470108522856,106.3605554114091,60.0,15,896.0,150.21521523225246,3,3,0
13d9cdc05ed91d827ff784e9ca28a8a99077edf5e7666386da1c405a97a8dfc7,0.0778121337757318,0.8803356127562619,0,123.43333333333334,3,657.5,0.0263219194036803,1,346.06,9.12,0.26,71.50333333333334,28.412576745781312,136.30740567230245,71.0,11,370.3,212.9026085675177,4,3,0
dbf6f4d7a419986b6c74968daedc00a7ba4defa5587db03fa5d10e8c8d2a5c99,0.1325906847114772,0.8482712927865693,0,145.51333333333332,3,428.05,0.0278341618812188,2,516.46,15.03,0.22,22.44000000000001,31.35169914738325,72.99085370328557,0.0,5,529.34,202.2249090259209,3,3,0
852abe28f59a86c64ad4cf5f52aafd666782f6a3ca68161770c18b9bff9fb139,0.083715746596427,0.6463072091094874,0,21.142857142857142,7,1004.0,0.1534366289820017,1,519.23,11.44,0.19,57.37285714285714,59.17874746798644,140.73829086407386,140.0,6,313.21,134.12769247965457,4,2,0
70945202231b3e4fbb42830a8d0e8acbeae477a61eaf3a835d1f3280fe70e775,0.066152667261186,0.7642131874466586,0,358.47333333333336,3,450.0,0.107296959451073,3,541.83,22.63,0.2699999999999999,52.403333333333336,36.76598022096749,99.18356394974984,0.0,11,1075.37,173.9651682694537,7,2,0
dbd51f267be66395be62d2bf9e7df73fb301868477c79034c9eac9cd126b7b0f,0.0380966879680877,0.8554081704061415,1,132.244,15,1218.27,0.0498721285124293,5,1111.1,51.34,0.3866666666666666,31.136000000000003,27.424238281006662,78.63785726656175,373.0,2,2173.26,113.02570146257456,8,4,0
33e086fa5d1af6cc820c5238a40d5f81e8b81f1e49e61006a62b76d04275a06d,0.0495474201316774,0.8679993252361674,0,94.95,3,475.0,0.0512177880598933,0,657.62,13.12,0.2333333333333333,63.13,39.42427809780055,117.79909568055496,0.0,6,284.85,47.88370799629395,2,2,0
af3545f18d9f885017a69d9524decc0baa5ffcabb034700586c86f9b37424e0f,0.0,0.6731301939058172,0,39.1,1,561.0,0.1357340720221606,0,148.21,1.87,0.1,67.42,46.45239801564648,153.7226679323732,111.0,16,39.1,0.0,1,1,0
13ceeee1dfd172375dae1cb59c9d98fe520d368d759aa5278adc8c60d5b08bf7,0.0164674109936436,0.733533161586852,2,163.41,6,494.16,0.1523164214908933,3,516.53,22.05,0.3433333333333333,62.44666666666668,26.99583467162274,117.87553577841896,38.0,6,980.47,256.47563594780183,4,2,0
1ed7447de43cf5ba2363775e1f19fb1e22598efbce3c8d819009c2ca8ae98b43,0.0191383270003017,0.7696085772154854,0,184.03571428571428,7,742.26,0.1080572111244299,4,272.91,21.75,0.2642857142857143,74.83714285714287,92.33880817407716,210.877712437119,75.0,17,1288.25,115.46717760807712,10,2,0
7775a9a37e24b3507200ee88af3d80cc53b8fe8a926db945d413f5d9ddcd552a,0.037482810457366,0.8543308985550193,4,130.44444444444446,9,715.2,0.041970784070575,6,1001.57,44.4,0.4488888888888889,12.294444444444444,21.95251882044941,57.59306270508624,90.0,1,1453.25,197.5017383328984,10,2,0
348efb45f7b2648c0cb9094dd51a6e3f3e38d864584761164e798897bb5bf8cd,0.0542192272114698,0.8025719518679909,0,250.0183333333333,6,515.6,0.0781416741804972,4,294.9,24.69,0.2483333333333333,31.87833333333333,31.445050664512536,84.0276722622405,102.0,13,1500.14,302.9661811373138,6,3,0
e7027e08af8c0c190b7b028db08fabc05b3e8ba813c9d9588518378008fadbcd,0.0290935004058849,0.8989817552583583,1,96.32,5,928.5,0.0323241630749583,1,207.47,11.51,0.296,38.86199999999999,31.82616487746547,91.91822557399736,100.0,15,743.4,71.9332312197234,3,2,0
5c08b89887077a5c0f3407ce505f9d599155e52d910d1af61ad8e601f1acc4e1,0.0656487804842749,0.7802225850863174,3,157.69875,16,1468.21,0.1030241095749235,9,1145.91,63.79,0.238125,36.23,45.67560592736507,108.1392046111387,577.0,1,2531.18,155.39973364147835,10,4,0
70f259097f1b172e5ccf5b2b9055a66c5580540de7c4e22d123b85c2cf8acd93,0.0266198025291881,0.7745541592599562,4,180.8857142857143,7,638.31,0.0960239199225015,4,802.54,36.55,0.3999999999999999,40.97000000000001,50.63986949883416,120.98041972558372,120.0,1,1266.2,218.94515096584664,9,3,0
be17915f17aed50ebd0c2b29a1e14eecf959ad4e35377e861c0d3adea710983f,0.0,0.8289306019176115,0,286.19666666666666,6,596.44,0.0271498451266492,8,493.76,35.34,0.32,52.86166666666667,30.67422319211001,118.12468282116322,45.0,11,1717.2,257.8045912131787,3,2,0
32e4bd81f397fe3fcdbeb941e69cc51984fdf2e2402bbb9a5c9829ddc0a6b4b2,0.0779324108034981,0.9171795632957318,1,45.63333333333333,3,505.0,0.0,0,195.01,5.1,0.1233333333333333,58.29333333333333,41.31385417192477,138.43790130171678,5.0,18,264.9,14.011814644205446,3,3,0
aa2f08fb4037e2955005fa4186b2399552ca5d6303b578014364a895448f096f,0.0767577525330057,0.9136125654450262,0,73.0,1,375.0,0.0,0,92.2,1.65,0.17,157.16,31.297468334043387,244.744205014512,0.0,19,73.0,0.0,2,2,0
849119c598bb8fbc090d7d66d54af3226b15f12e7fc9df094f4bd34b93ae3c95,0.0501403931006818,0.8325295248558089,0,61.355,2,350.0,0.12,0,162.3,2.85,0.215,56.72,71.2647857216308,171.0576858803843,0.0,17,122.71,34.97571410803165,2,2,0
f062bd675613b281c27253fab5b31d93d1d71fb2ee0d5ded2db629f429afe220,0.0252703932073183,0.6560675004314143,0,155.0,2,350.0,0.1610128697673996,1,93.62,6.82,0.31,49.455,56.11967440661286,142.88021036033788,0.0,17,438.0,51.31877760797452,3,2,0
a5f70b2cade3ed211786b869263f5dd61374ffae211bd44008b9e851d5cca62d,0.0561104253170239,0.7340443594192995,1,117.32,3,350.0,0.074440524281996,1,143.0,6.95,0.3733333333333333,41.4,61.46538134664976,124.99300495497084,0.0,17,352.0,104.85686380147922,5,2,0
d2979dcd218131970cdad65c91b0b2120a915c68e1931273ec8a9153717afa0e,0.0447069837305562,0.8504074980514047,1,55.875,4,375.0,0.0719837983838625,0,276.62,6.22,0.2875,42.5925,37.26053223706467,92.9694879393588,0.0,12,279.5,70.61980865527924,3,3,0
b2a2a1614e4072de4f51817aed54580467504312f0efb0ee983ff0026673ad26,0.0993936984395191,0.4714714714714714,0,38.0,1,375.0,0.4354354354354354,0,303.88,3.69,0.08,17.9,48.808891592748,77.68393743820577,0.0,11,38.0,0.0,1,1,0
54f5071a251e2168cb11177dc458dda7cf45e1614e28587d270ceed34559c464,0.0,0.8135609650433043,0,301.71875,8,608.91,0.0436251715553027,12,658.52,51.43,0.32125,67.655,39.613003059080086,135.14550290156427,0.0,7,2413.73,308.9805136371294,14,3,0
55ecb6d14850d7a0487922c425242b43908c7c1e6d5ffb898218e3aa8566ae62,0.054238752305094,0.7929813239069138,0,133.74333333333334,3,450.0,0.1061785541087936,0,137.62,5.39,0.2766666666666666,77.38666666666667,42.92376291347176,163.44911459552168,0.0,20,401.25,226.59394585277727,1,1,0
39a7dcb23a0cb5975c6bc203b1fabbacf524d2ae9d05cf97e1e78312e7fa387a,0.0274393590165733,0.7945347027699969,0,135.5,3,325.0,0.0856395891690009,0,168.71,6.45,0.1966666666666666,60.46333333333334,41.8996158396667,122.71031299596504,0.0,17,426.5,166.12767851818649,5,2,0
da93a33dcdeb78d42d201e0a9094546568b7d90a46957a0d6b2500296ea08c36,0.1200957565974194,0.7115963217221799,1,118.4,2,454.0,0.2148195821679803,0,443.96,9.18,0.89,69.71,31.945560662125008,99.34407920585576,19.0,14,236.8,184.0247351488265,1,1,0
c5e1d934f7f6635ee12348dac000003b7ffd4bdb3ffd6365f5148f89080af19d,0.1792397676748947,0.7487428552729176,1,42.95,2,604.0,0.172166106723679,0,516.91,8.11,0.085,65.21000000000001,59.77531688620513,161.26540130063023,0.0,8,85.9,127.68080599316056,1,1,0
54e11c2816433f7cce222e05404e5c40d4b312c45865c6d8b107b63ce5bc33a2,0.0539334321445508,0.7919542506162871,5,190.975,10,336.49,0.0712971528830331,7,758.75,50.13,0.35,25.881,25.921874540372453,76.34383157760739,0.0,1,2433.2,203.5780802438538,11,6,0
6534e85799b9275c64b06ea8cde9e2665ba7b5f4779398cb30eb102d13f6d8f6,0.0646663217796169,0.7752293577981652,0,197.4,1,567.0,0.0894495412844036,0,452.21,7.41,0.35,45.58,17.1009228352646,67.34523204575082,67.0,6,197.4,0.0,2,2,0
9b7cc5c29b75f60950a07253f9fa352fb19229f092e04791d433920d243b53b0,0.0414696856597826,0.7875,0,198.0,1,350.0,0.11,2,127.68,7.98,0.3,50.10999999999999,63.28606156900918,121.47896465813584,0.0,19,370.0,0.0,1,1,0
4ec61b15230a6a9c0a62af54f65d2fe53057761f46fecf30e4648aa60c849bed,0.0218007412252016,0.8508584456780333,1,105.5,2,375.0,0.041881443298969,0,547.14,10.12,0.1,50.93500000000001,30.47201850741581,85.17746152663497,0.0,3,211.0,10.729498293002,1,1,0
8eed1fe6e400d86990bd9322b41ed355330d1a13bf835472e1a047d12fd17dd2,0.0,0.8196380573966177,1,135.0,2,424.0,0.0676444236687311,2,124.8,7.45,0.495,50.165,45.847526039757305,130.170351078167,0.0,16,270.0,138.04485850595836,1,1,0
ec7f4cb48dc6f3ad6c2edb81a319907a056ce232a95f406b76dfdad7df0c8967,0.0334504097675197,0.732135153457414,0,54.26666666666667,3,350.0,0.1323464056315652,1,96.63,4.09,0.2266666666666666,37.36,55.84067943894064,132.54059302321733,0.0,28,162.8,149.55937896081022,1,1,0
5a2357838af124074d1654b2379e4e29aa03233c9d9b599233b5b9b243811fe0,0.0,0.7535265991973159,0,32.5,2,682.15,0.2024766188530209,1,274.84,5.25,0.355,29.47,21.04993295221824,80.41225382656235,0.0,12,85.0,57.3154485585795,2,2,0
22f0ed91aa32182a48a5a4cc09c9cddd9746411d9f4bb6331721690e80430d02,0.019049796167181,0.924742293105125,0,152.39499999999998,2,459.88,0.018331226295828,1,714.08,16.23,0.325,20.045,18.44079445685662,60.61871663075846,0.0,6,304.79,31.92115446394459,2,2,0
6f4aebd056a67ca59ba1e85596d58759e6c3a2a4d2a7402dd491ff62481d826f,0.0253181949930989,0.6783705882984437,2,172.355,4,715.4,0.2029158236628497,1,223.7,11.63,0.325,25.222500000000004,46.92618158926211,96.4251072505166,0.0,12,689.42,137.53264047182614,7,3,0
1acb6b70615eb9ac8d303db6f30369b1bdb1f5225f22ce97b95aaf0cdeeffd59,0.0550035815963472,0.8284291542605953,5,194.4077777777778,9,1634.68,0.0279335988732919,5,888.27,43.43,0.3111111111111111,32.64888888888889,48.75548864332536,100.52762921894308,95.0,2,1789.67,164.68752623845023,3,3,0
38b09ae4eb29593cefadb8e706287e47a6a4dd926b7f69a1aedc8a128cbde657,0.0608790941190795,0.6285178236397748,0,215.0,1,350.0,0.2120075046904315,0,199.88,4.15,0.25,34.58000000000004,42.22804919342806,96.27676705852436,0.0,20,215.0,0.0,2,2,0
d32b80a16a2840024d0b0a6bd7d4e19732ef4543df870b956b6efc848176a7dd,0.0237349283205164,0.884805434439258,0,219.5,4,880.0,0.0583963854264459,2,512.41,18.42,0.3675,43.38,44.90331742507495,104.59128151395376,190.0,7,878.0,191.3806185308036,4,2,0
a73763d1f837a220ca2f438de89500fbd55218f657eecd317960f2274d7f6fa7,0.1936858415649812,0.7864077669902912,0,79.2,1,375.0,0.145631067961165,0,190.98,2.7,0.36,48.720000000000006,88.16711973244121,182.4475351598332,0.0,8,79.2,0.0,1,1,0
8afc4b0b3f3761b89a1e830e65dabc6945560d5a8d5c2de684590ffe9238e4ed,0.0383464989646445,0.8341233766233767,0,259.0,2,358.5,0.0548268398268398,2,137.79,9.56,0.29,35.255,42.089366857284645,99.39783189841924,0.0,15,518.0,327.70307590587765,2,2,0
a80ad9545f0930f93f8156c011b65d049b332d07a2bae49a3dc90b3fa0358daf,0.0379109851549796,0.8667370691072576,1,112.66857142857144,7,807.0,0.0651366709840694,1,1036.4,29.63,0.4385714285714285,55.55142857142857,45.26438301148544,139.80717152801137,89.0,3,788.67,131.65370768372478,9,4,0
3d9bc9225826eb942e7432d4b4c6c29410cabe3534472789a95b8402e6d176ef,0.0698096523479312,0.814070167280559,0,137.32,2,613.07,0.0363777089783281,1,165.59,6.9,0.27,69.91499999999999,44.740247236607445,147.7872858593323,91.0,18,274.64,29.814994273237232,1,1,0
0d4ecaf61df4a58599c8edabddf1cc3fef28c94182a4233177e5324621f9de2e,0.0137457044673539,0.8734064171927881,0,196.12833333333333,6,588.0,0.022131191595741,4,270.51,21.8,0.26,25.02,24.0914078910147,58.76744984798236,41.0,18,1196.8,98.20431195637052,6,2,0
5abb82ef9f2eb31904a725563b3d58cdd2d77c4e494e51d5c42178fb391f20ae,0.0212512750765045,0.7019341222317623,2,121.2,4,375.0,0.1556645778095299,2,461.49,15.41,0.315,24.705000000000005,34.21656831121355,73.37910961661296,0.0,13,484.8,262.99162999087923,5,2,0
9bc5d3c9bdc07e2627b6def47fd8780d26f1bec1d0794640cc3da5dab865804f,0.0724151274998508,0.8103901731304969,2,114.34833333333334,6,1119.8,0.0594048234375264,1,551.96,17.49,0.2116666666666666,29.57166666666667,37.91354263997051,98.4199190349774,62.0,6,686.09,212.40886656455228,7,4,0
c66e7cd940f0e47fa5ace3647fd73a00c62922394221c362f60865905a1cbf3c,0.0,0.7984109321275493,0,193.75,3,350.0,0.0737159106966228,1,173.08,9.04,0.2766666666666666,34.470000000000006,67.57107126362308,136.6480089084702,0.0,17,581.25,30.222254953803287,3,2,0
6d8eb811a264f81cd452aa14d1ba1dfbb0691fab67d7cf3e204532f70d5db0e7,0.1143349433958021,0.7172162794152966,0,250.1628571428572,7,558.4,0.1702471798188831,5,721.38,37.83,0.3057142857142856,38.74428571428572,42.37405717052676,109.07589637457022,0.0,4,1796.92,196.9421182974441,7,3,0
38a0bf8df5373880fa32e85a090fc3b88eb2a0772fa106a6e7e3b298c422f291,0.0095536962465198,0.8090424622506227,3,256.1816666666667,18,611.66,0.1044329559646788,19,1002.94,103.63,0.5688888888888889,36.06666666666667,33.33583376693805,95.92853657997638,222.0,1,5472.97,201.4722054607624,20,4,0
86ae27ff0b5ccdbd5ad45b6dd561c7b35889392249d4334d7b5fe2528404bee0,0.008166065099871,0.7636320800063447,1,496.8542857142857,7,113.06,0.0663629739036385,11,860.64,67.21,0.3142857142857143,53.60428571428572,47.75882966890458,124.60687785429916,0.0,1,3486.94,236.6489189988071,14,2,0
20b23c65d831a4d6988d04353495c8d5a144efe3aff0832a2ac63c25c79b9144,0.125258345337258,0.8910133843212237,0,74.8,1,350.0,0.022944550669216,0,130.52,2.05,0.11,15.160000000000023,17.591099676006312,49.04888626766011,0.0,18,74.8,0.0,1,1,0
def8ea4be892dc7935574a1185bcad24f5746c71094f4b95d4c53e4767c48cf0,0.0576734529096257,0.8257425742574257,0,85.0,1,400.0,0.0693069306930693,0,209.49,2.94,0.12,29.26,24.372242628683853,82.27703967683932,0.0,16,85.0,0.0,1,1,0
23cfa9d553b68f29441ad043053342a95501cd90c509b0a7db935250447ca65e,0.0218148395899846,0.8552083023221594,1,97.30666666666666,6,870.0,0.0635025619835469,2,484.73,15.29,0.2783333333333333,44.97666666666666,47.05884925552432,129.6308899278682,70.0,7,583.84,107.12729938239208,3,2,0
1a2faac700eafa3ab2a50fde6f72c8c6c607a448eda5d0e2d160073ed8572f2d,0.0809995059056527,0.7239292815828172,5,209.50800000000004,10,438.65,0.1726299199844801,10,533.83,45.63,0.313,65.185,43.434966336907166,139.9607054375718,0.0,4,2095.1,253.94838723875048,6,2,0
f5c1439975425ae643753041256db1b102a4347c2185b2e6e22be6c1f6606ce3,0.0061535242771916,0.8950936064837336,0,114.48571428571428,7,1200.0,0.0636729723956036,1,366.61,14.22,0.3842857142857143,24.18,17.815359240177838,55.56390295430908,70.0,6,801.4,115.83634313299224,7,3,0
472ab5df1bd3f6df5fa0b8f8e9754404b9c8692a504196361a7fa1fab292346e,0.0298395599177943,0.799597703029479,4,149.8476923076923,13,1269.6,0.0780646475690671,4,882.82,44.28,0.28,36.392307692307696,33.49516726550892,96.77343450714484,49.0,2,2038.02,276.4521609594835,19,3,0
cc9d753b8caae41ac4f66a563ffd1c614727b8231c654223d185a8ae61fb3fda,0.1020949769305662,0.6690463993735486,1,164.1233333333333,3,502.0,0.211859928448249,1,1058.35,28.46,0.1833333333333333,41.57333333333333,53.53502022097228,105.84111121004864,42.0,2,517.2,82.14095573066827,5,3,0
e01d23a520c204f0d4b374fa7f447ef67998aefa490c329d3be19ebd20f5668d,0.1650629416945726,0.5903314537406609,0,273.1225,12,985.29,0.2724484398959617,12,835.23,66.84,0.355,74.76833333333333,52.21673281203507,163.83078238197618,190.0,1,3412.96,353.6009216971924,18,3,0
5333498687dc42b7e0d162d834758f8179aa9087afbca72804f59b987511499e,0.1320306311064168,0.7034196514881059,0,230.0,2,443.0,0.1644204851752021,1,299.58,10.35,0.355,55.05,91.40353760356363,188.3319981222077,56.0,12,460.0,0.0,2,2,0
6340897648c6a4c4ffbf2e51abc2c88852a7a3101941bc0085586e8dd97bc564,0.0930752047654504,0.8913649025069638,0,62.00000000000001,1,350.0,0.0,0,101.5,1.64,0.13,18.98999999999998,40.67537286013528,75.23719698251236,0.0,13,62.0,0.0,2,2,0
179d56637daeb86c6e7782a6bad3834fefe7e5244dd8241fdc63aa8a6d89fbf2,0.0236261399612531,0.9165232529419732,1,121.22,2,350.0,0.0210280373831775,1,283.19,7.44,0.355,25.97,21.61852245734165,64.25723624376818,0.0,12,242.45,97.8998646040056,1,1,0
92639de60d83682b97d3d5f5ed2a5b49d028ca58b19349ed4ea7abd9901f717f,0.0312650055853223,0.9208521166275164,3,116.15333333333332,9,507.99,0.0227446046965022,6,875.92,44.72,0.2688888888888889,20.70444444444444,20.58049703598861,65.22352952992424,136.0,1,1849.38,146.42277446122756,5,3,0
51a158a3ec617400075f4d68ced32104b31c7fa6c213d486c100470233f1e018,0.0382029339853301,0.7517339273897383,0,77.125,2,454.0,0.1361126686569576,0,627.79,11.07,0.11,110.025,43.55297358031215,173.63732966186194,6.0,6,154.25,116.12159108955905,3,2,0
bde12d54394cf427068f41751c327295fb6e64398f2a84ed7aa25de6fbc3d9e2,0.0154772407175248,0.8776899895639122,1,60.083333333333336,3,650.0,0.037164667393675,0,120.51,3.51,0.25,22.370000000000005,31.21641862580593,68.92510244614913,0.0,18,180.25,173.6254500799751,3,2,0
87aa3a3cd27e2caf1725f668f8b666dbabc5308d8473a6ae1a04d6170fa10e68,0.0855115284362441,0.8059019066726769,1,91.71428571428572,7,689.02,0.1007938143519323,1,483.15,17.36,0.2385714285714286,38.5,39.57679190458579,105.84403782078606,174.0,7,895.0,148.6177182922957,2,2,0
9d64402037c9044de6bede1da0e30bc792d7d97a0da9d66b1cbce762b8b22683,0.0,0.8425256514317928,1,259.297,10,44.35,0.0331917603047931,12,969.84,62.54,0.509,32.723,25.24953326572985,64.44584753878875,0.0,1,2597.02,219.78918150838496,9,4,0
587126782d30a3ce374c1342e6465efc28c0013e2cbdca30e3c28a95ccbedec6,0.0,0.804466331183877,0,138.12,5,545.0,0.1006918068939284,1,277.71,11.34,0.242,88.28,48.416056496835,213.007915806726,70.0,16,690.6,221.85257377735792,3,2,0
eb40d2ec32c654fe064ff092a349938eaea30e5ee71d1745af1995e78b335082,0.0514668354131882,0.8212384097207924,4,114.07625,8,920.34,0.0788803113395415,2,480.87,20.48,0.205,29.01125,41.51271071665184,87.62441260306304,72.0,7,912.6,216.05933110935968,14,3,0
52960e5d6a2395265cb932c4910ed177c053667d11f3dba563dbc1dd05cbd5ac,0.0,0.8566234521731904,2,197.4,2,350.0,0.0,1,193.5,8.88,0.395,65.125,41.5592574407096,135.77251125211257,0.0,2,394.8,34.22712362588311,3,2,0
cb062c98d9c238141338d4613d352510f6a4dc72d2113c7ef0998042253c339e,0.0,0.9438776995874788,0,156.25,2,510.0,0.0039432176656151,0,415.46,8.53,0.51,39.255,21.63270617150252,90.9856256802044,0.0,9,312.5,53.72553076238543,2,2,0
06ec7c39167fbb663187c9f5b0aa6304661f0d30d902c70333e54f259190313d,0.0111647016791711,0.8353599224481282,2,90.94333333333331,9,412.0,0.0704206051845475,3,749.91,26.76,0.1733333333333333,24.26666666666667,19.748038747929616,62.0355463564032,12.0,7,818.49,105.19773328154643,6,2,0
48f0f99a4d2f041bf4e77e111176c8c5879a58904cfb69c39277469ba2267658,0.0655836763164769,0.8507808890337668,1,125.90363636363637,11,1653.8,0.0335227074518684,3,678.5,29.88,0.2618181818181818,48.27454545454545,52.618809884629854,146.0526335063628,536.0,3,1408.94,205.7393811765469,9,3,0
380023b77413be3eaa94e2dcd1c0c1cb0338528aada5076331932a403898a1a5,0.0532091990344574,0.7490398471880131,6,218.73125,8,729.63,0.1306741220179966,7,931.59,49.55,0.2425,72.0425,38.30963513161767,146.84578488043687,97.0,1,1892.85,254.1261987299884,6,4,0
40bbf9d32d02478f9eba28b5f26c7092de9a17e85deb8b58beb7cbcd62c9564b,0.0447010179701142,0.8203201256790741,1,76.33333333333333,3,388.0,0.0510823184498316,0,219.42,4.98,0.3366666666666666,43.27666666666666,43.60888435311889,100.30951467235964,38.0,14,229.0,119.48314527380852,4,3,0
eea0e5c997e62e3cd1b27b101842db8b35cf7ab937cbfca452caa3abc1379000,0.0529903068753118,0.6521832549704395,0,103.184,5,555.0,0.1522890802642458,2,203.41,10.19,0.198,70.894,91.49893333238064,213.23414502305323,55.0,9,515.92,124.7738337042564,2,2,0
659af16c9232c039969a638519a8dabd26acf7f43a4af023126935882569f49d,0.0,0.8688524590163934,0,234.68,1,400.0,0.0,1,324.51,7.45,0.09,19.56,21.371511094710467,59.7383191692855,0.0,10,234.68,0.0,3,2,0
fdaf357d0046766b168dacfd0be4d35cb72c40e1bdfb0b52c449fdb4782ec751,0.0,0.8859489461954672,2,30.27,3,375.0,0.0517802230202404,0,256.99,4.87,0.11,36.56666666666667,43.96701349356504,106.58073322316136,0.0,13,122.81,136.9302831939903,2,2,0
a332424f5b3e27df21d5b2665ed629f386f88e8bfb23dbbeacea4e7cbb8fd6bb,0.0229515115408777,0.8386608243970685,0,155.603,10,856.6,0.066551466304752,7,1154.85,50.32,0.255,32.541,22.484600612997298,70.83112405411552,193.0,2,1761.59,181.735264633047,11,3,0
1c386f4b76b397f1e2e17c71df1337c1ec16919f5239ec1ea4978c25198db295,0.0,0.8560666839914924,2,119.33333333333331,3,316.0,0.0255794601289409,1,349.2,10.04,0.1466666666666667,26.863333333333333,23.4773094260332,63.39352138941346,141.0,2,358.0,144.4753681551524,5,2,0
1ae41c60117c8bc622eb08b5600957de417a60016779b7670a79a2c576bbe9c6,0.0378064468719449,0.8444153680705874,0,170.22,3,567.0,0.0330423339264531,1,884.21,22.54,0.57,27.50333333333334,35.262886466997955,82.84319833476401,42.0,2,510.66,12.888226370422936,4,2,0
5b34b0b4c218c1f6cdda51992d58aa710e9087575dd1acca49160906311ef0b5,0.025747045155927,0.8311485015665949,3,237.17714285714283,7,699.0,0.0634544563471188,5,820.12,43.51,0.2757142857142857,26.46,28.33648007191369,67.41761090057143,55.0,4,2017.54,105.1312815875776,9,4,0
f306f20c53a144a15471e8c99ec772bab198a920ef19c7007b0f60f80ef89e8d,0.0500450405364829,0.8048721907702865,0,28.96,2,608.0,0.0907960199004975,0,240.18,2.98,0.06,47.105,72.73038588617548,145.746114187837,73.0,15,57.92,43.57790701564847,2,2,0
fd0d6c35ab9a74e18854bd56c2e6266c660767bbab40dd127f557e6f4f55ab92,0.0,0.7182574051619608,2,92.5,2,350.0,0.2174490444021017,0,218.39,5.03,0.625,65.335,79.5092075029444,156.94544906702097,0.0,13,185.0,253.5545548469617,2,2,0
5c7f98b92b433a6144a3ce86bd822e1dd5d35d69b8c5a12cab8c9276a0736c23,0.0306489172685942,0.7164659531747489,3,111.33785714285716,14,1305.03,0.1559101802959512,6,733.79,38.42,0.2699999999999999,29.375,22.22424896030412,67.46560341310195,167.0,1,1574.57,177.32720809815453,4,3,0
bda4d15422e66eec29841d0b7d3bdd9f5a6d498619989446f0183cd53fbc2e8f,0.0133605889347602,0.6742092577423398,1,81.98333333333333,3,417.54,0.2289709761794401,1,339.67,7.52,0.1666666666666666,39.60333333333335,69.45040618114867,147.5889240927153,0.0,20,269.35,29.25896255324156,6,2,0
2ace31ba715d8421c04db280812866da397314b38915bfa3f0e4ba301a8c963b,0.0035375940115608,0.7844705474920854,1,273.98,11,505.69,0.0768305320358696,15,909.06,70.48,0.3745454545454545,37.29636363636364,42.808422433037954,112.82415847185824,66.0,1,3092.33,300.6468940485764,15,3,0
ae3b9bf5e013ec1f77f4f74b3258adfce26b276b15e43c21190d524c9cbc40e4,0.0,0.7787362991618311,0,194.07,2,376.77,0.0581710724263915,1,186.2,7.24,0.235,33.575,28.15506213827288,87.55396152420683,0.0,20,388.25,394.1438107867005,1,1,0
9736363fc6beed496dc0246318e3dbd2fe35586da4a1e6d96683adf83980b629,0.0849273629542534,0.750482827146422,2,108.93333333333334,6,938.6,0.0959445113868981,2,844.94,26.47,0.205,43.443333333333335,32.32518280437581,103.00373392195166,342.0,4,751.75,150.66893900661094,9,4,0
ed6432d31788df0cab853a5ff4f1a646ac2003b98eb8e8268a424daeaae5bb0e,0.0113039248996304,0.7783008303186721,1,193.9528571428572,7,375.0,0.0616524328510583,4,351.57,24.3,0.2171428571428571,35.230000000000004,43.63781799903643,102.02637825771691,0.0,11,1381.0,351.5527976785505,7,2,0
00d474fb0d0b41ad95caa89407e8be560b4f196c3f3f3e7361577581d3d94b5c,0.0311256323238096,0.8842604569452345,0,142.8125,4,811.37,0.0306291390728476,3,756.86,24.96,0.5575,59.595,33.941239001586354,104.58661963970648,382.0,4,571.25,301.6069223359315,5,4,0
746004bbaa2e04b742e32ecd5e49c5baa3522edf6f1204e82cff4b7a9ab9e9bd,0.0,0.5013473884441626,0,114.4,2,700.0,0.3622097170484267,1,272.3,7.65,0.2749999999999999,46.260000000000005,64.90459767456821,117.84399186099728,0.0,16,228.79,71.86896376376566,2,2,0
5df2dc6f095fc7dcbe62f055dc2a0b897a10361a97d95a6e31b905b2ebb1f6e3,0.049816113771122,0.7859599188960671,3,159.62,5,375.0,0.1086800123651452,1,459.24,16.51,0.274,15.925999999999997,24.65123508481276,60.16384419935058,0.0,19,798.1,183.6802688008548,5,3,0
2218909078b5f67f19305725815114dba6871a22cce1d8ff83387a5347e0c98c,0.0578510761676825,0.8433316017712917,0,93.44285714285716,7,504.6,0.1047287395735268,1,599.42,17.67,0.3642857142857142,32.35,33.20420795892545,100.35372559656491,70.0,12,785.1,153.90114636118662,3,3,0
f6acada609182378c5359159afd725882c9946239239057a7d3e9f15e837e5d6,0.032248830014955,0.9059997424661838,1,130.304,5,603.0,0.0232188978075632,1,620.51,18.26,0.36,33.556,36.22324036797782,109.48568950650449,38.0,6,691.52,273.35162023419946,7,2,0
16bf93f7bd0d521350433aed77afbb0c6c0c16bdf9689c9fc004f857bc1588b3,0.0563296325708113,0.8045965990281251,0,77.265,8,1181.52,0.0881839140045533,1,679.88,19.01,0.2324999999999999,47.24875,68.85793551559875,163.22762230538697,0.0,5,618.14,157.43706383502746,2,2,0
37d77af683ededfbc9b43a324d1ce562a40c353250091fb62cac03f2b4639671,0.0969533653962739,0.7073662703150124,1,163.63636363636363,11,894.52,0.164616741951503,6,926.44,44.99,0.26,51.99909090909091,46.3424323620525,131.41449808215313,256.0,4,1800.0,116.2155075154874,9,3,0
6411fe1e8a86ab181f827d990310860eeb07495c921b8d58df8b831cfc15c0b4,0.0,0.7241379310344828,0,11.0,1,325.0,0.2337164750957854,0,117.99,1.29,0.11,16.9,37.67325680226237,67.2616358606776,0.0,19,11.0,0.0,1,1,0
d3cf82a47aec57c68cf0e22ce1bcabb0219c9ad96786c0f076e6645fba3cbcd2,0.0,0.8589574832170594,0,87.765,2,375.0,0.0395139528761352,0,127.52,3.28,0.145,31.47500000000001,26.45031465346852,84.66657752504256,0.0,17,200.54,120.33416360164053,2,2,0
71c39b3b4decf9eb7bdd8f611de778449aefd82db63e43ea2233a40d26d6c6f4,0.0501171195154678,0.8429548376133233,0,69.78666666666668,3,471.0,0.0510332716393699,0,155.12,4.64,0.11,66.67,40.36298362505405,127.5751328379693,63.0,17,209.36,129.61686752372253,4,2,0
a45eead004c7309d5afd48f87178b74a85117ca0a6a081f2a89b9163165af12d,0.0910203379985671,0.7326912267411819,0,215.0,3,350.0,0.1426903867100017,3,123.19,14.54,0.3,54.203333333333326,89.95796968248648,193.43130914600204,0.0,6,881.0,215.5354651185507,2,2,0
4ac80cf68367535d5da2f386dffa017d6614f2c9c7b8621566e50c6a15afbf5a,0.0756990348270972,0.7870665658986239,1,98.62133333333333,15,278.8,0.1108580707758909,7,995.33,45.0,0.2686666666666666,28.85466666666667,29.507250450751435,83.18407058058484,20.0,1,1578.92,159.60284701103544,10,6,0
22ca4e096be306d49b9eb0964d7f22eed07efec535a33ed6c6f25a46a0b4640a,0.0314528294413818,0.8154687223137842,2,87.09857142857142,7,719.65,0.0758435158008803,0,725.32,20.06,0.1914285714285714,38.07,38.93477894730711,105.28871794987133,95.0,6,609.65,295.54401977059587,2,2,0
64b0aaa0650eacf607ef6414d1dbad2a5d2836ccc77f58e9824c054ff2be8e1f,0.1921598770176787,0.7447447447447447,0,82.0,1,443.0,0.1531531531531531,0,82.7,4.5,0.17,31.78,81.44781649153107,138.86711707891922,0.0,15,367.02,0.0,1,1,0
865f889fb0e17003a6c16cc71e8ab1e019d8345a94b01f9b1ecf3e23bd3e7f46,0.0,0.855896441628612,6,88.5175,8,988.3,0.0163731567583997,2,979.28,32.48,0.2275,30.59125,28.56967808815803,84.54791019843434,90.0,1,816.99,134.91567192901076,8,4,0
1daab95e5e15f473774bbaa169910cae789e75b6454b42198b1c0c597f5c6f82,0.0,0.7780810952452745,0,59.07666666666668,3,402.5,0.1059385611624417,0,278.18,4.72,0.19,112.45,48.93751637455188,235.1008855680396,65.0,22,177.22,137.2685240064037,1,1,0
767948dea8cbf5712b18a3947f4bc0f8ed19795c8f5ed7a4efcd8a75a7992fec,0.046722841465697,0.8009650906572671,6,126.5253846153846,13,693.0,0.094029657316787,5,941.19,45.95,0.3246153846153846,36.674615384615386,42.88568111355548,100.55472158439484,108.0,2,1809.61,183.13521581015792,13,4,0
b189b9d2d21708b11e8f05b2a811ed549315119ab7d88aeb814c75daef5307ea,0.0247980005174806,0.8426097338973384,3,127.52625,8,375.0,0.047122638699411,1,460.57,19.25,0.185,22.323750000000004,9.971870106542433,42.54867789741127,0.0,4,1020.26,251.21213826484671,6,2,0
8dc57cc7d6f6b0cf5a5d28b316dd44a2eadaef611c8bc1de006ac077bbb67dff,0.0,0.8881789137380192,0,17.0,1,375.0,0.0670926517571885,0,111.12,1.28,0.08,19.69000000000001,46.40150019739428,99.29196988696988,0.0,2,17.0,0.0,1,1,0
53976390938549e2b1a8493ba61321a2e39144d9e71b5da1586401f2f629e59e,0.0695289414218668,0.6701680672268907,0,232.35,1,375.0,0.1533613445378151,1,107.4,4.9,0.15,83.41999999999996,86.42972569663779,209.41506556525675,0.0,27,232.35,0.0,2,2,0
6c54d5b3c84b5f79fcb888f9ea9798451b35bd3ee9a3daaca79e45d2bde96f33,0.0198740277340209,0.7939096201905899,1,169.6242857142857,7,50.52,0.1056489526683027,6,1034.33,41.06,0.2985714285714285,33.36,29.32645766554732,79.24139275645356,0.0,1,1187.37,127.70209732585656,8,3,0
140f32da0861b0d770ec385f35ffcd6339138680787d8cc81b85685ae2a6d799,0.0462235370250531,0.8200549268744624,2,201.405,2,400.0,0.0378250943021639,1,472.82,12.59,0.32,48.365,57.161835890801285,130.88501142791682,0.0,6,436.81,260.1334482052028,1,1,0
77b861c93f7e709e32c5d5da93c36c1755ba8d089a52d211ac0794bd6c6dd2cb,0.0314420915279284,0.9201609828603122,0,131.06666666666666,3,520.15,0.010016694490818,1,127.08,6.7,0.3233333333333333,18.56333333333332,22.87845416419525,50.83765113396384,70.0,17,393.2,166.3568946900109,4,2,0
05fda3e0d140d539f36ed5a113d135df06339519bc7a75af687925400dfd0035,0.0,0.8736440178738201,1,129.7,2,681.38,0.0158227848101265,1,858.48,19.88,0.18,19.375000000000007,20.66616586595873,54.61374895786789,0.0,2,259.35,63.785466805332376,1,1,0
90567d0be6c87ff41455d416600564f7c65d19191c45bee7ec54081b57706603,0.0204569239743306,0.7947889973119416,2,110.59857142857145,7,859.0,0.0775945989855647,1,392.04,14.81,0.2385714285714285,43.56857142857143,40.10974256446256,111.68279656154012,256.0,10,774.2,175.4815919519916,5,3,0
c913eaaece3d163b8d28d9f0e7c3e1041ddf4001717291b8d552af71fc297ae9,0.0458762888728506,0.8654373802150012,1,122.57199999999996,5,445.0,0.0602502299399911,1,513.14,14.83,0.3179999999999999,35.516000000000005,37.73285394193427,101.90546564044293,0.0,9,616.83,117.02370125601786,3,3,0
ae3072f2815ae1c87d8a15bd8eb7bfc46055b56e61d3ef0c4585b16dd0b55da3,0.0178124446213038,0.6694238101605444,0,604.0185714285717,7,127.26,0.1925699662399414,18,794.41,82.47,0.4714285714285714,57.13142857142857,42.17806193747294,138.9333132779128,24.0,1,4228.12,411.2632200351644,13,2,0
6ed78f6f930d3322e2e6db65214383416409b044ee6ef0b4ddbb0e0e7165d782,0.0668739759922426,0.8394816585314171,2,17.433333333333334,3,375.0,0.1071895892742798,0,455.67,7.56,0.15,42.42000000000001,50.50871315925836,141.66444410208635,0.0,9,108.3,209.54481535377863,2,2,0
07806effc3c95e681956471b02d711e4519c1b7636995d1dd27ef16421670cf5,0.0135525511230846,0.6353456996530724,2,164.08714285714288,7,914.01,0.2315559986367328,3,837.53,32.75,0.3371428571428571,42.54428571428571,31.92279478533283,88.23451352421758,0.0,3,1148.61,227.47183657575445,11,2,0
6dd6780a5fe4c857b371e609b70ab3b86daed8961ee04c5288ebd0f10e6a8e01,0.1078721857827066,0.8163314162588498,6,166.408,10,1747.26,0.0700409147402585,4,970.79,48.44,0.241,55.116,42.22645568286583,131.457931575411,554.0,1,2133.86,159.36622584491462,10,3,0
e084c8ac12e80cd29523d867ccefdf8ab564e96f0f7dddecc6f11fc70f930e27,0.0398485754134289,0.7514413046645104,0,65.43333333333334,3,450.0,0.1119529541908653,0,155.0,3.51,0.11,50.0,68.48625772937682,140.9352699819479,125.0,20,196.3,217.13884095507188,4,2,0
95f3a3fc51813ef93c584bb279decec26b67ea1c6113e694f7fe1884eeb2afb1,0.070566650201115,0.8122171945701357,0,42.0,1,350.0,0.0610859728506787,0,76.39,2.66,0.67,25.450000000000003,41.08358693526569,93.45738443940988,0.0,30,140.0,0.0,1,1,0
3ecaca7a7dda4c71697fc96673e505a86a4bdba49e763773d8b3919d5e61d4ec,0.1358438121565625,0.7178252675025858,1,141.66666666666666,6,748.0,0.1549299378913931,2,485.66,17.97,0.3483333333333333,54.545,53.59420237975469,136.45252569730127,148.0,8,850.0,226.6293004359576,2,2,0
b367e23908e96068610f4779b80b1002e38871f398e60082c3f63914872bb53e,0.0095437424876766,0.7521605013879747,5,173.2392857142857,14,747.22,0.1192876866203685,6,938.12,53.04,0.3021428571428571,35.42785714285714,43.44925451706421,106.6028226754012,273.0,1,2425.35,219.1751788359317,5,3,0
9cc09bab1517dab2f2bfa05ccf9369f94bd80244185ffbe917f7b786a4e5e2b2,0.0365216756144772,0.8459822628423032,0,79.7,3,342.5,0.038843721770551,1,177.18,5.66,0.22,15.34333333333334,22.35483500392316,47.72458130389232,0.0,18,239.1,201.89510119632723,4,2,0
fb2953e58826125b581181ee1b56fc95cc9a010dc6b0f1c7de0a9a30594d6bc9,0.0,0.8806917478605126,1,121.13333333333333,3,768.0,0.0306948296707204,0,819.68,18.45,0.2299999999999999,27.786666666666665,34.30688504188664,78.13864189175035,16.0,3,363.4,106.18418210072193,3,3,0
f7e61ec5669d740e44d0c67c4f428bed7eef62e7840282b30fd87432aec92caa,0.0092561233975384,0.7563041371276462,3,101.68272727272728,11,1730.64,0.1406563630358414,4,536.05,27.19,0.2754545454545454,25.42090909090909,38.80901945220019,93.01703034892618,304.0,6,1145.61,157.16463335434722,8,3,0
a8a8f3130a1a85d1d8448dee146751e39239d3a5713e2d743ba24a65094fcf3c,0.0250658522614832,0.7150887521605519,8,120.079375,16,1235.83,0.1719115168052455,6,963.08,52.78,0.21,59.6125,38.40813812579934,136.44150585393604,0.0,1,2187.83,314.03856916876515,9,3,0
6200cba45f1886d93103191f77f49efd450387bd259f8388754e0d95175e8ea9,0.0729202681110132,0.861639308607783,8,139.79555555555555,9,607.88,0.0560592674341703,5,943.28,41.49,0.3322222222222222,24.357777777777777,25.92736098137673,71.0026658966332,0.0,1,1258.16,195.26825190261405,16,6,0
556c2703e8c612cdd5d6da4f22eb2a2aeb591505d0b143b579f9d97177343415,0.0,0.9029850746268656,0,27.5,1,470.0,0.0783582089552238,0,114.49,1.42,0.33,140.31,36.35513578169087,267.1777389981044,70.0,25,27.5,0.0,1,1,0
05b84fe8e96cbf0f68f2f78cac2e2db74c963891cf5f203889b053a850fa00a2,0.0491635559286028,0.7994708516266089,0,279.755,4,601.62,0.0714857289678921,4,312.99,20.63,0.4325,38.425,31.07791719113182,79.0800526117281,0.0,3,1119.0,261.86123060978525,15,2,0
5e53869e2740de1674d656833134bfb7860c8f47621663a94b2fffe9b8f64e65,0.0430933559476195,0.8666114870975523,1,152.62857142857143,7,793.35,0.041854105766067,7,380.41,27.96,0.4971428571428571,49.50285714285714,40.751594874034765,106.80877527590933,0.0,9,1255.4,255.81509973353272,7,3,0
477653efa3c89c6a48e14fc5cc89cc1f12e692c6550dc9312864c96583089ca8,0.0902364194188773,0.9321533923303836,0,73.0,1,350.0,0.0,0,68.99,2.78,0.19,48.08,41.92771401399294,100.61693699765306,0.0,19,209.0,0.0,1,1,0
8cb0a3ccf4bb626806786c43db951b968582bced4eec3bf45984dad807c30a17,0.0417003300976889,0.8576412098290566,2,61.1025,12,1483.43,0.0668116600031823,1,803.39,23.75,0.2666666666666666,46.67666666666667,46.22717653833439,132.72756201740404,286.0,2,733.25,225.98040602545973,11,5,0
2a6d9e0eaae517f1f0635c63cada97e99027472b2b18c526a88f94129bc280a1,0.1005025125628141,0.7163157612771884,0,141.0,2,978.0,0.1970507875281259,0,607.44,11.83,0.4,42.23,49.68282955644651,111.44518887264375,70.0,3,282.0,32.60032028301096,3,3,0
46535a25b5ba0cc0ebdda22464b80744578530ba167161ce9a525e1cd45fa6d1,0.0207352727725133,0.8092723004694836,0,663.01,1,425.0,0.0258215962441314,3,896.11,27.81,0.42,58.170000000000016,29.20115673412561,102.47307752370844,0.0,2,708.0,0.0,3,2,0
99248fca2657b2226e2c4d5cc0ce973c28beb9abc93f0dff393c8e366bf53e8b,0.0444419414128898,0.8525438052951186,3,151.915,4,711.0,0.0684869796968566,2,622.5,20.37,0.3975,32.7525,29.200042039767737,83.11636511344152,90.0,4,647.6,179.3190901744372,5,3,0
d6d5287dbf139c959a7a612e71df76e620d20cd7b96fe18de596aefad011f22c,0.0472567459004772,0.7881581591639872,0,116.0,2,350.0,0.1279185545162232,0,171.0,4.53,0.12,42.88,81.97667015532511,170.42404641687722,0.0,28,232.0,14.099331978850795,3,2,0
ce2b1a4884e4fd56b600ec03b31dcf91a63b64f14babc1c6fb98c52a7b0ea2b9,0.0682859881368432,0.7968215662333309,0,33.919999999999995,3,1795.0,0.0936501038195953,0,640.66,10.86,0.1066666666666666,50.43666666666667,26.663600396974903,85.31018590610948,0.0,3,101.76,356.4903434351965,3,2,0
a5addd0a24228f4fe0d0d4b77612803fded4ac4abae420a4fa8b3fe4c9c3586b,0.0365135798598915,0.7938291990750519,4,85.35714285714286,7,125.1,0.0881873665116362,2,862.73,28.28,0.1471428571428571,14.949999999999992,18.69627788211014,46.569096370337554,0.0,1,688.5,203.1264705243811,5,2,0
283ebb7043e10a91768301a6e76d821b2eb763f6914901c5b09b28b2c5385f79,0.0263511621036778,0.6629113471613596,1,200.5775,4,375.0,0.214088235989056,3,386.79,17.52,0.38,67.13499999999999,53.84273806823288,139.8308138295135,0.0,11,802.3,129.66475527722682,7,4,0
80a69ee6a95dcaf72104e695ca9f6d17a6933218503f416b18abd07ae7f66630,0.0127918132395267,0.8182183551174746,3,315.72200000000004,5,471.6,0.0507521526271603,4,448.63,29.11,0.292,39.372,22.79089650060313,87.54753967343524,6.0,7,1623.01,262.2077296932967,11,2,0
e08eeddf723c3f7a52121f6969815f92478737fcca50c5a791ddc843a4437703,0.0,0.7705882352941177,0,65.8,1,375.0,0.1411764705882353,0,513.98,7.34,1.0,91.15,40.09779002383008,198.9290751014097,0.0,10,65.8,0.0,1,1,0
68af9b47316b9e2d1d6b3df23361e8e4eacc5b0daa7b8a647b24695812474498,0.0,0.7450199203187251,0,85.99,1,700.0,0.1752988047808765,0,347.5,4.8,0.5,118.16,50.83094615580716,216.7503680718633,0.0,11,86.0,0.0,1,1,0
c9217e3671a8e9c0e53f5e5a658ef79a12a49b52aed711c625fe8ce5b8d24b2f,0.0,0.7855227882037533,1,170.0,1,325.0,0.0965147453083109,0,69.81,2.4,0.42,128.73,25.859013731460298,173.53873443279372,0.0,21,170.0,0.0,1,1,0
ceacc9d68f4dafaa56e0e29eac3303599f5e7a661ef37405aefd917c46571281,0.0608407864960475,0.8404894572672971,1,130.97666666666666,6,880.33,0.0351740131125469,3,774.03,26.54,0.335,35.21666666666667,44.71248945577341,108.83985810581184,62.0,4,785.84,143.0260814046559,10,2,0
3b03410ba9905044d2fa4d221142ea5e42d269b7d6d9cde42fabbdebbd786e61,0.0301435903051557,0.7241474346758177,3,230.39,5,557.0,0.150581770212985,3,559.5,25.34,0.272,31.306,30.302150310753376,76.5085292250064,32.0,7,1151.94,115.42784567498308,3,3,0
595e4a7e37e7559385831fb347cee4646d92ba23c813873f6f897b599c34d54b,0.0500300180108066,0.8705492037566354,0,79.48,2,400.0,0.0451612903225806,0,438.29,6.82,0.13,43.345,36.5916912959494,118.3223643310682,0.0,9,158.96,116.45756483156892,3,2,0
a64a3ce2943c7113290e30fc05301548e87ea2c614c8fe3ab3ef3c0c7b51d32d,0.0,0.8937329700272479,0,156.0,1,350.0,0.0,0,92.69,2.49,0.53,45.0,56.9393563673923,150.36699277613468,0.0,20,156.0,0.0,1,1,0
1c7375a7851f0b46c5318989c72e0a49c7b834cb2676ceb798f117a239b7660b,0.025120578778135,0.8332388324035118,1,156.0125,4,356.0,0.043237384772527,2,148.82,11.44,0.5375,68.475,49.19945039598106,159.74311520131607,6.0,14,645.05,334.51970090759846,6,2,0
503357767ad210c49446a1d9c66d6d5493860250afb853ce4df039010da4842a,0.0,0.7928060402600057,0,39.9,3,375.0,0.1017119838872104,2,523.33,18.01,0.26,87.5,28.93677809475446,164.36749183136894,0.0,9,760.05,82.88193163639123,1,1,0
5eb82029bcf90cfa9509b0866d0a0337e2a2bc41369f1eb52a6b2a47ab1635d1,0.0159775425114968,0.893600532048916,4,105.136,10,1560.1,0.0240552016720683,1,699.48,27.33,0.293,37.235,30.370265202727904,89.62147234840236,606.0,5,1051.36,100.67259604247556,10,4,0
073b6fccddeea429459b0c785adf6e0a0b7769bc43009dbe99d95a2c1c5a6e8e,0.0786210592175176,0.7770548964186751,4,165.00571428571428,7,978.16,0.0878249260933752,2,791.48,30.53,0.2171428571428571,37.96714285714285,33.75044462036609,97.41244179780082,172.0,4,1191.04,236.0828202473422,5,2,0
e1c4bcf4a6d4b0ddd9ae1370e3c865546fce0a6e8facac96f7eb05bdbad97ebf,0.0,0.8816967543114178,0,79.68,2,350.0,0.0809018567639257,0,279.39,4.56,0.21,45.285,11.487892255088603,82.25413328878722,0.0,10,159.36,268.97991887741074,1,1,0
8d9578f94c5a2fb34ffc5faf1073facf3276b3c4495aafcf662aa2ce78519891,0.0855147571199086,0.8235336759496849,2,61.0,3,422.0,0.1109871076766443,0,123.6,4.07,0.3366666666666666,29.350000000000005,50.426459429464416,114.51733569543366,47.0,17,183.0,71.95773207952041,4,2,0
b29d8918252b318d552e5992b4a017780f9e82a284a3ff7fa15d9c9e69f03912,0.050140393100682,0.751271186440678,0,68.8,2,550.0,0.173609872137972,0,823.73,15.8,0.1699999999999999,76.57000000000001,65.02598593993184,202.32659444723785,0.0,2,137.6,147.3857503324971,1,1,0
53f77f9d98c4ce57a7397dbf33c4cd70129b0e9344cba1344d071fca818cc868,0.0,0.7529340814224535,0,181.0,2,325.0,0.125,1,89.6,6.02,0.45,91.46,82.78350313421656,220.173325016136,0.0,16,362.0,24.486487998942785,2,2,0
3d10cd654993f1cdcae83b6f0b089262dd63329b0904670b7ea4904c15fcee69,0.0292975252480952,0.7348966324508629,0,127.56,8,462.95,0.166860578473883,3,690.18,25.79,0.17625,35.85124999999999,37.24888656083191,94.66952189327915,24.0,16,1020.45,147.76379737668412,9,2,0
60b757b470bd07f49fb7b1582d0e6efb48b0b11d012027ea9015e5627a9e84a6,0.0417553968850474,0.8419339841933984,0,89.515,2,450.0,0.0348675034867503,0,187.61,3.67,0.09,25.805,26.509281087076133,73.38828558543204,0.0,18,179.03,25.833623244364723,2,2,0
4ec30d35ad9fd7ba99b4fd14275b5f5b8ba3c367f1578c33ecaf44fe4c182bdf,0.0166035730889287,0.7807053060392728,0,47.48333333333333,6,1493.97,0.1552800645542297,0,792.7,17.25,0.1616666666666666,79.59666666666666,28.63086854247225,153.6509678587867,0.0,2,360.85,150.57664565478368,4,3,0
2c8ae0541c13f4dd1a2e41cf0c87abe25611566ca9583931c80d001142c8d436,0.0453317041209287,0.7196311697152977,1,74.025,4,1213.0,0.1810411399159906,1,817.05,19.39,0.2275,60.49,36.15837251379646,144.46825500871975,38.0,2,313.62,170.8478032021083,6,5,0
d9b62b4d8269249fa2d431073b28c08120c47b2496957e35c0551e8738a17a46,0.0660414740457006,0.6847826086956522,0,171.0,1,400.0,0.1050724637681159,1,115.78,4.37,0.26,93.19,71.85660514485028,160.7170970170658,0.0,29,171.0,0.0,1,1,0
191dcf3d51cca3616bd0b86f48fe403b8cfdf179376f06a3627d47d1a942c5f7,0.0,0.8241758241758241,0,33.44,1,1791.48,0.0989010989010989,0,837.78,15.74,0.08,28.64,20.382525873307127,83.49191757345244,90.0,2,96.45,0.0,1,1,0
8d7bb92ca56462cd91c1cfa189e06347e21b2451b27f1465adcc8a414ee27174,0.0453473607836023,0.6109380642831347,0,160.5,2,350.0,0.1277063019140483,1,93.9,5.65,0.24,40.16,28.0862385207732,90.50638073277516,0.0,20,321.0,532.6489000795018,3,2,0
1ded424b216d77d3d2924a9e859f7e942c595942a7c98231a258c60ef3f41a00,0.0,0.6972583435872298,1,78.66,3,618.0,0.2280653106513808,3,391.98,17.74,0.33,26.759999999999994,26.370831127223365,77.88944766694088,143.0,9,816.78,130.03481241816095,3,2,0
dbfb4338fe6988a867fff187ba2cfecae42543b2640e0b0a939cc728ad0a4213,0.0,0.9126780906581242,2,29.735,4,443.8,0.0,0,262.02,4.9,0.16,22.57249999999999,15.104473497753949,51.8237169826523,0.0,13,118.95,262.4549124550624,1,1,0
39e9ce7d996852c0d57e959fc1cec19ce946ea17f11ee77e5827f51b1a5126ed,0.0567353279533435,0.8563189724254463,0,322.7866666666667,12,188.33,0.0481782780931185,16,937.11,80.45,0.4499999999999999,31.343333333333334,23.206946671846765,66.87383952727573,7.0,1,3969.45,226.05612921914312,7,2,0
3c3f8bee3c391a22e172ab91cd2e8dd0c398dcf0929e15cd3062b465b4707497,0.0,0.5979020979020979,0,9.97,1,350.0,0.3356643356643357,0,87.31,0.97,0.06,26.55,40.90346070992963,88.2061760599778,0.0,19,9.97,0.0,1,1,0
ff5704a58f3a906b94b9e7dd510f584270d36ad62941927abd49daee6194f0ed,0.1055452994578579,0.7623717769521705,0,24.83333333333333,3,922.0,0.1341358018605965,0,864.05,16.17,0.08,31.04666666666667,55.93920290034294,132.0794948502357,97.0,2,74.5,52.57807110821699,3,2,0
2313cbfc739e41230ccf0bfd4466edf8a02b678981fa934ca56f2e3d8035de47,0.0,0.8822892428852693,1,150.49,2,350.0,0.0,0,88.81,4.4,0.215,37.500000000000014,58.36633474924149,128.91577373425622,0.0,26,300.98,256.3269237690956,3,2,0
e5a3db26701a7c9998a78173bafc1220e347cb074ab4efdf640f8ba74620a297,0.0,0.8406334519572953,0,68.25,2,708.0,0.042,0,210.6,3.47,0.16,38.995,32.96121469998692,109.74494804089883,0.0,11,136.5,20.098144916116706,3,2,0
0271edaafc3e755cbd55138f8e60550a05e8c93d920acf81cd6536187656a47b,0.0396610652010879,0.7113254750473389,1,67.24000000000001,4,1142.89,0.1652644205954108,1,806.58,18.68,0.14,45.7675,48.9247687377985,122.18502076874027,581.0,6,268.94,207.14182353281004,4,3,0
9612060fc4e432a2ede191f44a7ab49de8c6aef971bb2fc6a6c1a72eb41e11c0,0.0656331487208455,0.7309141797484211,5,89.525,10,1226.8,0.157792488375442,1,710.2,24.54,0.17,40.342,47.70737067186612,120.5230248560664,180.0,4,895.26,120.66084387715355,12,4,0
c5c7e75c059a2473edeaba1889ad76d5c312d219e08a730132e58e1772a7ad15,0.1261829652996843,0.6959442538378704,0,263.0,2,475.0,0.1274689911525953,1,536.32,14.0,0.25,43.845,44.37055894817853,112.29245253100136,0.0,8,526.0,206.71765664143413,3,3,0
2b8d058384e74271b34c3db9417fc9662b0139e139af8210cb22bd258ea36fab,0.065269890999282,0.7480314960629921,0,39.2,1,395.0,0.155511811023622,0,117.89,1.57,0.1,38.370000000000005,39.48829986870928,115.05778229340096,0.0,15,39.2,0.0,1,1,0
2d07ceb7d584a4c9a4bdf409c91fbe849343f7e1a5aac9f986eb70cc5659a748,0.1041448214638076,0.8681293683568478,2,133.0,2,495.0,0.0302547770700636,1,197.6,8.22,0.165,49.915,57.09062069539877,146.157724288544,70.0,8,374.0,50.24508086792058,2,2,0
20b22a6de116af261c16ba509fa7e155f1ecf0c8ee0befe66db99b2b2a9dfa61,0.0652632340777393,0.8312862940407767,1,212.92428571428576,7,1307.58,0.0450327691464383,2,619.58,27.72,0.3528571428571428,31.05857142857144,42.14963092427165,89.98805927991187,241.0,4,1490.47,131.4304709106429,6,4,0
14e35c702b05ddb87ff6edcdcbdc64d82b6bdd8b77438709de6fe1496e1997d2,0.0874890638670167,0.8663239074550129,0,123.0,1,350.0,0.0077120822622107,0,196.21,3.19,0.4,19.200000000000017,22.713538897748563,57.667274510987696,0.0,8,123.0,0.0,1,1,0
8480d364c3d7a0dc7d19eea0db9792e684b8d440bffcefcd85f234d53cb85f68,0.0286402732555474,0.7494076904087238,8,154.5346153846154,13,631.0,0.1265875816106819,6,992.74,52.74,0.4207692307692307,48.10923076923076,39.14093113085702,114.37603239871792,261.0,1,2008.95,181.7252216708316,5,2,0
268ac94c47144aa2b8b716eaefbb64706eac082eee9d9ce1f28690bf1f0d1e16,0.080091224741545,0.7413543637929205,2,161.65,8,772.1,0.112716734096429,4,926.51,36.92,0.29125,30.18,29.59933813858657,80.21265649344127,132.0,2,1293.2,231.7547072815626,7,3,0
7c5e84e123c814a6f4e5ea32dea3db64e44e261a1fccb1c1c63d3d9046ef9b9d,0.0,0.8953465079983659,0,95.22333333333334,3,400.0,0.0,0,138.79,4.24,0.19,71.74666666666667,32.725622157014534,138.70685095507096,0.0,16,285.68,158.6235403102792,2,2,0
082549353e3e40e08f7fd4a4580dcbc1a942b617cd51990a6092a21bc76e874a,0.0331630961066525,0.8084021253191511,1,225.7,2,325.0,0.0685884691848906,1,146.11,7.98,0.35,29.320000000000004,34.79702490500585,89.66030850208733,0.0,14,451.4,78.43844518764551,1,1,0
0bad555515a4ab8b7a51ed74396264fe3bb01649a1bb2ad9776c3bd8147f350e,0.0493339911198815,0.857183079068881,0,62.84,2,675.0,0.0679886685552408,0,242.73,3.7,0.195,9.425,17.424355499664482,34.86570378532406,0.0,10,125.69,90.66945946855188,1,1,0
e6f5ae1d8da7d5fd54796e4bf66c7765bf71a52836c52499abc30b8e63346a97,0.064998375040624,0.7277992277992278,0,150.95,1,350.0,0.1602316602316602,0,78.09,2.29,0.31,62.96000000000004,70.4355031344619,198.6758571285672,0.0,19,150.95,0.0,1,1,0
c21a904a2ed47a0fe04c8aee22f42e921e852fd936c5e9b54cf43f5b27ca9d50,0.0846876684171915,0.8198601581212743,0,191.9,2,430.0,0.0441767068273092,2,263.79,10.21,0.225,29.36,42.08280045184476,98.94813121722942,55.0,12,447.0,131.72530548877478,4,3,0
2d3f94a802a4af3fd83e9bc1aa4a6f350781f5e8db398db2849c2fd4597093e5,0.0197044334975369,0.7915957753169713,1,65.03999999999999,5,1301.83,0.1100350908743601,2,934.29,23.94,0.266,69.32000000000001,48.7131571453329,184.75946126520435,320.0,2,325.2,319.0666025468957,5,4,0
bf39dea4c89291529600bce3840f65c65d25589508b92c7d55ec48ffe65967cb,0.0,0.9214351405307194,0,223.63,2,400.0,0.0443260581862228,1,822.35,20.36,0.75,63.52000000000001,35.06745343934922,122.80146529107807,0.0,2,447.25,22.959457861282782,1,1,0
fe26d7703f75f978c591c9c0da399784b5f501d44b84c1b645ba0be0624c8afb,0.0181534328141451,0.9269195583471732,3,66.8,3,362.84,0.0178777393310264,1,505.09,11.46,0.1466666666666666,8.666666666666666,7.494307701038296,23.054157281195945,0.0,8,200.4,123.40751596147769,2,2,0
99269c185eb6d588517a49055aa2740f5d865dd144222d250091b172f40d7c96,0.0690385823261826,0.8248038873544491,3,61.384,5,636.0,0.0929031835484859,0,619.8,14.53,0.128,29.87000000000001,31.62385514726201,86.5767421355231,136.0,4,370.92,146.49538539017945,5,3,0
cf61db99eb7f231c7a59402f01bfb7db851c357333c7f0a863fd7cba5985336d,0.0334941050375134,0.8402676390966626,1,213.55000000000004,3,405.52,0.0355216725481057,1,728.97,21.02,0.41,69.45666666666665,32.522041104581604,112.90515398228138,0.0,4,696.65,102.60693399256871,7,3,0
bba8d9609358a803b08b65fe3c01bdd7c89443f5b14f8f529590165d6742c5f7,0.0141578887756257,0.8605465053619217,2,210.75,4,580.1,0.0426043994648289,4,867.2,30.94,0.4375,46.49250000000001,46.23308800366622,126.64084384018238,125.0,2,843.0,50.99742737027135,4,2,0
ff8a1b3d422bc5386acc968716f7f60a4fb8475797bb4db4e5f26ce7915c5f48,0.0176984885490779,0.8704217957483639,0,120.0,3,420.5,0.0599787685774946,2,263.98,11.09,0.38,52.946666666666665,37.62104836642799,142.957664524949,70.0,9,535.0,205.19638901135767,2,2,0
1f137873b5c56798fd01c2b29bf09c173ae6d64245dafc2c372b1aee9948736a,0.0542878795213504,0.786941619236461,1,83.828,5,758.0,0.1185281911414748,1,284.91,9.55,0.2739999999999999,39.25,24.34247325990365,84.97247663512283,182.0,13,451.15,121.17437281847782,7,2,0
737f0033b036513e245028371f0babda33fd279c99c9c291cd4431f15b370977,0.0,0.8461538461538461,0,120.0,1,356.0,0.0889423076923077,0,162.31,2.82,0.4,23.89000000000001,22.341180254409007,66.50769162268975,0.0,13,120.0,0.0,1,1,0
fa6582536a0b9a627da5c23bd08576a74e4af438ef26b57b2c19793f76b0bea1,0.0,0.7255764191970392,3,87.50818181818182,11,463.03,0.207927905932323,4,735.76,30.2,0.5036363636363637,64.73454545454545,39.39983939561972,152.7310375328299,0.0,6,1048.21,289.03829174977784,9,5,0
1ddeb7e69a0dc756c4f1127f386dfa08b36ccbf32362d0aa48264745ceb70f35,0.0,0.7954812019468326,1,234.37875,8,438.74,0.1229828496679828,8,696.09,42.48,0.50625,50.76875,40.95830367407135,124.67212914861804,0.0,6,1875.03,298.1340213722788,16,4,0
b991f7aeb2fb283167cfd1b468fe537109a0771e41415b923ba5542cf96b4951,0.0325051116446882,0.878378762516311,2,118.51833333333332,6,571.0,0.0301376119754832,3,728.86,27.44,0.3316666666666666,47.03166666666667,34.88433677885143,133.72868263879212,69.0,5,989.08,190.6135776757238,3,2,0
71473f9695ba2d37783a66852f98e70fba2fa4dbad85e8a502b0bbb9ad3b2d2c,0.0407341407494304,0.8338710557634497,3,62.685833333333335,12,917.17,0.0733878323785913,2,953.06,31.68,0.2016666666666666,45.0075,61.85053211456062,139.3388969871833,223.0,2,752.23,179.74644963688684,9,4,0
30a6522e442067245c1c4ef48c552a54c30c2eb677b0039c96bd7fd60f508ea4,0.0,0.8466605708337567,0,144.61,3,725.0,0.0718593707813708,2,126.0,8.69,0.2799999999999999,35.893333333333324,45.68024184969204,111.19075775927398,0.0,26,442.83,256.92795780394493,1,1,0
1b0c7e09317f36d70c02a1ba3df0751db7c7c97192f6ec7c00172107800a622b,0.0475583963062483,0.7458301639405196,3,137.1,5,470.9,0.166643847048908,2,476.23,17.13,0.312,29.35,33.4240512431594,79.56567230459653,25.0,8,685.5,218.491897673494,4,3,0
0f7afa6d747dbdc4fbf887173c87395f71372a83d685dd96046509950cea3db3,0.0155226475427648,0.8373064177994184,2,99.9,2,421.95,0.07168458781362,0,362.55,7.15,0.2,38.875,15.907680806153088,74.73282554950731,0.0,8,199.8,109.11116317377828,1,1,0
11a928659e5228a524bb65556c4b18d4df7416f9a1302b8f866f38b8c4e3a866,0.1844678103670909,0.6736242884250474,0,103.69,1,375.0,0.1717267552182163,0,185.11,2.89,0.09,86.15,99.25028240970752,247.7653051279445,0.0,15,103.69,0.0,3,2,0
84c93e3435243aabb268f37633e09f7c6321dfbcc3174a239848fbc023577151,0.0252860484227827,0.8100243497790838,2,198.66666666666663,3,375.0,0.06894357389833,1,164.21,11.57,0.2733333333333334,29.82,45.530367660082696,96.32429029272087,0.0,15,804.0,124.41845863659532,1,1,0
2385b3936d6dc688a3cbea62eef63cb699c9614f27de5675b956a908c6741e27,0.0386253089268436,0.7974926270986317,5,134.07777777777778,9,842.95,0.0993354175106953,3,1023.17,38.47,0.2122222222222222,21.492222222222225,31.54159252735472,69.09936812359871,102.0,1,1206.72,138.20289174590192,10,4,0
748ffa10da6cb89b575942eacc78bc01a042163967921ed789c627f0654191b9,0.0196403606888536,0.9009422515652048,3,93.09,5,729.0,0.0040665434380776,1,761.02,20.51,0.268,55.96,43.29350102388382,123.06710123460618,154.0,3,465.45,36.7777637798118,1,1,0
453f86e9139e6012dd2a3b21fb6b0f59e09e430b5b83da6953b4e0e9836971aa,0.0334802285743044,0.8537860719511896,4,58.742,10,397.31,0.0743099633424438,1,416.36,14.29,0.241,35.139,31.826297967325623,101.38120347578972,0.0,10,695.07,134.87949976234196,5,2,0
03a0ba7bf6cf90e587e913a7f815448332d6d53f3b9f9940ea193c9894acf124,0.0290586469259331,0.7904112366108322,8,184.75666666666663,9,29.28,0.0852595582144458,8,878.67,48.42,0.2388888888888888,44.97666666666666,25.169640314408387,92.1119286188369,0.0,1,1662.79,158.86582821010984,11,2,0
5571ad45b8f5a22fa9bdc604a2bf7b744f2c279db6320f7eea24706dfbe3abe2,0.0,0.9044618680457888,3,94.72,4,492.4,0.0023277467411545,0,611.31,14.4,0.18,30.655,19.240263420265848,69.84435262363279,12.0,6,378.88,256.6590886008161,2,2,0
08b0dcab647aad5d5d494136aadcf4215ccda6bb20d6716784e62c90cd28db33,0.0,0.7784552845528455,1,179.0,1,700.0,0.0284552845528455,1,460.03,9.42,0.45,16.36,9.670647021374863,32.212749452001525,0.0,9,188.0,0.0,2,2,0
86f5358caafa7829213c66632e227fffd68a04e9efc9a7ba89f19019ca36a0b1,0.0,0.7539036092176552,1,90.66666666666669,3,849.0,0.131624376548895,0,181.21,5.03,0.1566666666666666,38.51333333333333,74.37234112654369,145.41290450256454,205.0,20,272.0,25.93096746965028,4,3,0
daf670b588de6c981ebb9a70e4bdc1c43efb8b9cbbd01fa4c989877bda6a9c2b,0.0274288222063744,0.8805338836977229,1,96.35,2,954.2,0.0316780821917808,0,358.66,6.52,0.255,38.995,20.3181157222647,78.84247474805363,90.0,9,192.7,30.09555031601493,3,2,0
bf0042e92b247bdec1fd844640b256f5b0976d662e96dc367ee521773964833a,0.0089404536681444,0.8663427644700967,9,146.90809523809526,21,384.3,0.0517670895797217,17,1016.92,80.52,0.3366666666666666,23.785238095238096,19.83259681377695,56.50382586999168,210.0,1,3177.07,197.063703370032,15,3,0
c9212e33adc609ffe81c7e311074b0a8697ed365c419f28cf7ecd1bb02ce88ac,0.0655995801626869,0.9200609114268908,0,79.0,3,465.0,0.0222222222222222,0,119.43,4.06,0.6633333333333334,47.03333333333333,26.62250145098077,97.15029578116076,90.0,19,237.0,48.68160321663647,2,2,0
814bc39aec552531bb291e048380193fa75f2fd83e5e7d36c6abafb38c5d8e54,0.0280232093146296,0.8154003210699592,5,274.3280000000001,5,465.9,0.0544858293126363,2,411.56,24.22,0.256,29.297999999999995,21.05957750073025,68.01420349796976,0.0,11,1386.59,188.05733507595804,4,2,0
f8110c92fcba4710cdd61e4962fc30be756e100ddc570db5d702655fd24386cf,0.0441135946200157,0.7608891109455668,0,62.384,5,551.92,0.1193704140343505,1,571.69,12.74,0.108,57.59400000000001,42.07236716293005,127.21789806431708,0.0,5,311.86,49.49961676801154,2,2,0
d5ec69e034e4cec03d69d74dace5275b108ed2006886b6cd33503d958a6ec9a3,0.0,0.8464543751672464,0,73.06,2,393.0,0.0525622156810274,0,314.77,4.93,0.185,37.085,33.109923706363915,88.5464052521761,0.0,8,146.12,34.09976303425487,1,1,0
8edccafe044b98cd9ba4014ff2aecd359cfb6c438259f99cd1c05e1b06416cf6,0.0516051268047414,0.7849601422893131,0,273.448,5,984.94,0.0833144020174666,5,875.83,40.66,0.22,26.16200000000001,16.75925289169023,53.93145685340208,44.0,2,1743.26,143.25812676998453,3,2,0
5f2062f1c5de30a0ef9207d34bbfb0386b7de0302f7326abec719028522d2634,0.0162588407446548,0.8795450299036107,0,97.3,5,490.25,0.0131661442006269,1,642.44,17.25,0.188,23.040000000000006,32.70329802924269,76.62921827400072,0.0,6,486.5,88.5913509186243,5,2,0
280fefbd4c33e688272735d7a86e1643ffe8b639d0e15cdb8b80401200717252,0.0,0.9039403810087848,1,151.5,2,401.76,0.0224242424242424,1,333.61,8.77,0.375,13.48,9.558942050876094,29.6802407947064,0.0,12,303.0,497.2928180063798,2,2,0
63969f700e5bfefd7f53527695efdbf03c499b81bae83df4977175b839655958,0.0508440105755541,0.8526315789473684,0,344.0,1,375.0,0.031578947368421,1,76.41,5.7,0.89,58.41,56.67132304290425,164.2052419528112,0.0,20,344.0,0.0,1,1,0
f2433c10337f81f7f69f1a41077c05982b343e925161b6e38beb4ad84d3f9ff2,0.0,0.7220630372492837,0,123.0,1,325.0,0.1031518624641833,0,36.39,1.59,0.32,148.07,91.25486679335384,304.1751601343189,0.0,20,123.0,0.0,1,1,0
52df45e33ad14205653f6232ffc2f08d0f9fea78dacc6b23dcb0392208ec65b5,0.0,0.9367088607594936,0,11.9,1,375.0,0.0,0,177.98,1.9,0.06,17.09,23.539413181864298,76.30258257942437,0.0,17,11.9,0.0,1,1,0
4d02ca0fa859974ac1afdf6f7e23a668b3a77eb641ce0b3d4e78c60d976572d1,0.0073089798125977,0.714183930588491,5,174.9,6,215.25,0.1548689089343669,1,951.22,32.25,0.2533333333333333,30.17,43.821683486719685,106.56623881997103,13.0,1,1064.4,161.54774966054353,7,3,0
909bc311df9587354f2b2d48f6ddef89b82cf8b75ee384f3b87a489033fee1a0,0.0124742865051133,0.8490790284587764,9,112.19,14,255.8,0.0623298091646896,5,1062.22,48.32,0.2799999999999999,43.42714285714286,44.12185784948,124.89035169119838,15.0,1,1593.64,197.48736022125584,8,3,0
4eae351e26647dc434ac0bd28c5558d7d04f675c7c9910e5ebaf221a20673dea,0.0656401634944598,0.8860438529635927,1,107.035,2,675.0,0.0130151843817787,0,202.49,4.17,0.2249999999999999,92.57,55.75846425811706,173.7443597257677,0.0,3,214.07,90.9842268213698,1,1,0
fe798a94597efa822c7132fbbe2814801de28a0cd21af84460a1e965be044614,0.0689741468984086,0.7971914739533444,1,120.72333333333334,6,568.1,0.0968598822482413,3,958.49,30.03,0.21,49.31666666666667,28.84095495276175,108.56550232696986,88.0,4,724.34,112.37429226756964,5,2,0
394c849dc39bc689b1de855b9ecc95a8109913e0c0f7da740f26e9b3004619d1,0.006714113065664,0.894807351459828,10,195.33818181818185,11,131.06,0.0363429836119532,8,891.62,54.61,0.4545454545454545,29.24545454545454,28.940833573414093,80.65201527690056,61.0,1,2148.73,240.0202115729093,7,2,0
db7f224c744213c483c94fcc88575de8ba00f32cfec95c963b7a55b98d212826,0.0239377618192699,0.7164277636743925,1,144.75,3,882.8,0.1642876403948041,1,518.95,13.14,0.2,32.91,47.57048134822474,99.17156101580788,46.0,9,434.25,55.60914061081755,4,2,0
4f89530e0a56e08f59099d3363d23366ec4aef7c5498bc37c73944a4f70b9bc9,0.0255807328613517,0.9005819966277266,0,160.952,5,468.0,0.0378951025941078,2,507.2,17.56,0.344,61.882000000000005,29.714319560089866,121.46575429269517,43.0,5,804.76,184.514692447689,6,5,0
785e94e5326c4b14f0f465c1fa91b0e2adb303f7479de98e4419381bca733c68,0.0256686688228348,0.778441936848067,0,347.66,3,450.0,0.0630483160893183,3,142.07,16.35,0.5066666666666667,42.77,56.92332762000231,112.5683206754813,0.0,18,1043.0,139.27690815493648,6,3,0
2bbf143f127343b918fb628a273be65fc55fe4422585762542453a0764586e41,0.0,0.896551724137931,0,15.75,1,375.0,0.0344827586206896,0,240.78,3.87,0.05,41.05,29.217388166614285,122.1164027269519,0.0,15,145.75,0.0,1,1,0
6ee066759743b5a52470e1398704202989b2dab796e54e998cc58c7a200df39d,0.0,0.7857395752960782,3,171.96800000000002,5,40.08,0.122094274827652,5,714.88,29.44,0.312,16.858,15.984056167979366,45.34754447727827,0.0,1,873.85,120.63256046822558,3,3,0
3242290141c6b367cbee62921c973cb5dbc0d1e9ce33aeff5c1017c167284363,0.0289502634473973,0.846840623795265,0,224.26666666666665,3,733.72,0.0178617806127545,1,328.19,11.89,0.2933333333333333,63.46666666666668,60.64392943327709,160.50401994518177,219.0,11,672.8,25.514074805808008,2,2,0
6a4afb5a93b528e575ed71e7f85eeb79dd50dc2a1b19e36725ea251582c35ad4,0.053581585994337,0.7419583242838035,0,124.5,4,759.0,0.1246410292040111,0,393.77,9.68,0.205,38.81999999999999,47.80429216603972,117.90223020997004,109.0,12,508.0,210.7047476859952,2,2,0
5141d40b92e8bf24b5220e7a86c5e3ddfb8a4cb2426666df0d5212e24a174aed,0.0273974748161254,0.850059982210133,0,88.326,5,639.0,0.1013188663633467,1,341.29,12.57,0.288,43.726,34.67770898528789,111.08529895835316,189.0,12,672.6,255.9855443864191,6,3,0
a2ca0373339ba35c17fb4763a10120650f9b40caed6cfc8957f097b968392a9a,0.0550639680879906,0.7225720796510872,0,167.0,3,431.0,0.1263492535614418,2,139.42,9.4,0.1866666666666666,76.36999999999999,55.871957352295766,170.38380651141975,31.0,20,501.0,183.50504668663885,5,2,0
eb0ab0f38c91a48c2878964c7905cdf4d0a11ef2027faf6d10dd8ff225805755,0.0101646676153689,0.9360865068644064,2,30.4,4,375.0,0.0,0,750.06,14.8,0.105,48.925,12.406009337544756,87.01252113384948,0.0,5,121.6,138.15455652052702,3,2,0
2680277f7c117553e36ccb718d4a40da00742e1e183fac9b3efce59e56ca8c8d,0.0,0.8649885583524027,0,41.31,1,350.0,0.0274599542334096,0,52.01,0.93,0.13,77.16,42.86198957706934,165.1056517261344,0.0,28,41.32,0.0,1,1,0
3a522ece85383e0d2a544ddd901ece190c8ac245b861a9eb50124ed292627b32,0.0349006283398179,0.7678470643969729,4,119.16846153846154,13,1523.8,0.1253604380398191,3,842.86,40.07,0.3223076923076923,47.40461538461538,43.38676053514072,117.98761056818267,318.0,3,1867.18,118.53262810047924,11,5,0
d007713a1581a05fe93c6cc5da841af2742e84e04d8e2cd715054541e9d06ae1,0.0,0.8972206802078898,0,98.0925,4,380.0,0.0408394884950716,1,540.89,12.77,0.1325,36.48,17.56941486364778,75.05606347421063,0.0,7,392.37,130.68451946981077,3,3,0
f840b21f79d1a2d9d166590c11ea8ab47eb529a756f91e57576256cfe83a3df0,0.0567414316118765,0.8944271856910541,0,43.75,4,1070.0,0.0366429806030343,1,214.18,5.96,0.3975,27.0975,22.43325988809664,61.347012177635634,137.0,15,231.5,183.44959910812744,2,2,0
6d96d25a59a730b69476456cadc31f1d53830c407776c7c73ff0531cd9f90296,0.0152933259925369,0.8455544964110512,0,189.9183333333333,6,402.7,0.0299987810510643,4,292.79,20.55,0.2233333333333333,35.97666666666667,26.32903908139122,77.02321088024944,0.0,16,1139.48,189.8757124670618,5,3,0
d5274babcb04fcca55ae65420af0d4bf6651ea60df13642f6de761b545cc762d,0.0770534751117276,0.7770655617371144,0,175.5666666666667,3,616.0,0.0854058043473085,2,443.44,15.07,0.3833333333333333,68.86,57.89455574596292,138.2710283689149,41.0,8,526.7,47.91415107416771,7,3,0
220f26bf72e61ef47d6386252f54874ccee9af2868654b943421150a65a098dd,0.0,0.862057820030909,2,177.0,3,567.0,0.0438005262225129,1,540.89,15.16,0.3833333333333333,18.183333333333334,35.00933336387026,61.91177512117674,117.0,10,531.0,96.28499183363786,4,3,0
6ccc86e966847128480d67a3572944bb245b40a3292ca1afa7d51c2d227f7ab8,0.036073001402671,0.7767857613634568,2,157.40857142857143,7,565.68,0.0898355467041081,3,404.87,21.27,0.3157142857142857,28.26142857142857,37.89720090323708,84.98572686079838,40.0,7,1101.87,293.13684306605904,9,2,0
31e2490ce0df3b7d308dda588dddd1f609d16856d5e349799c8af5f18908c5e2,0.0303998902964702,0.8060408022363413,1,152.98600000000002,10,1060.47,0.0583452461407466,5,905.11,39.75,0.305,46.64,52.63636855538618,125.3878292882957,152.0,2,1529.85,271.423464509574,10,3,0
6cf9c2f94ef2ffe34273e02a138fb5adaa69f242074140b4b4aa40b903e86768,0.0352112676056338,0.8883826879271071,0,250.7,1,150.0,0.0637813211845102,1,70.02,4.71,0.69,46.44999999999999,23.581323294654137,85.5109586499912,0.0,4,250.7,0.0,2,2,0
1e0da0e8d0a7c7c0a1376dd793b569a408e30fc255c039f3a285270568192393,0.0,0.9157005903343036,3,196.105,2,375.0,0.0082260371959942,1,707.3,18.43,0.46,27.225,24.008525609584964,73.94749315859337,0.0,5,392.2,69.94891887232447,2,2,0
30d49784b0972190c9b8ed2396b9a4f1a5804270bcedae1ac3b029dbcd0ba6eb,0.1004924128228316,0.7968253968253968,1,18.0,1,350.0,0.1301587301587301,0,96.88,3.02,0.05,44.80000000000001,81.51039426026031,155.32799066438554,0.0,18,155.0,0.0,1,1,0
7619de7b757b8878a418b10e2ae62b1448da0a963823a114bfefd33fb8bcbddd,0.0271439974598168,0.810686629294046,3,139.024,5,720.91,0.0466472303206996,1,395.91,14.58,0.308,41.720000000000006,24.6911542869047,94.53284046083618,114.0,9,695.1,100.58071603263384,7,2,0
abe441fe146e97cc5492ea46dbf1161a1484625e94cfaac1a3595c3f1c352b4a,0.0488798383429673,0.8118992699306343,2,119.38888888888889,9,1147.6,0.0529363752595179,3,540.14,23.68,0.3844444444444444,42.507777777777775,46.73771281759349,119.65494803062126,255.0,4,1084.5,102.2661858546252,9,4,0
a523e7813963a456c8bd98ff6c77b0a6ef243eefd2a156b7cf5d1b44ec0ca7f8,0.0426548370585224,0.7024497698956111,0,179.0,2,470.0,0.1164833314625659,0,153.02,6.61,0.435,50.240000000000016,59.43382384006495,120.9436870107658,70.0,18,358.0,78.51673292295749,3,2,0
9a3d885c029e1ff9168e594f50638f4d6bd47e63589e306ed5c7d91be1804d1a,0.0441579086814448,0.6096345514950167,0,234.0,1,350.0,0.2192691029900332,0,110.12,3.44,0.23,143.33,75.11617130216511,200.3361823600298,0.0,18,234.0,0.0,2,2,0
49b0dfd4ca613ffc857aecd14b0ea58bb56583e996c052a2c7e86603fc1d1ad3,0.0,0.8720557663044642,0,48.925,2,491.0,0.1067961165048543,0,690.43,12.07,0.56,25.985,42.65136561030108,85.12134146962461,91.0,4,97.85,22.2849016548811,2,2,0
ce9741ec8ae7cdca5049082ef6add69cbcfc0c67c9bdd055354acdd2fe6b3bb9,0.0932474078185746,0.9017517772561336,0,70.9,2,400.0,0.0,0,612.43,10.56,0.22,38.82,54.28405734810678,135.76546057344152,0.0,7,141.8,0.0,2,2,0
4144caa61f6d3bc21203bb4627b79eb4f08a0accb472fe9b0a1ef81538b6a7d6,0.0,0.7058765149172892,0,146.16666666666666,3,497.0,0.1673799157022119,2,170.02,9.09,0.1966666666666666,69.66666666666667,56.86105109568158,163.99635623253684,122.0,19,438.5,140.76115622522448,6,3,0
b5dbfd26a42b289452a4299e80ba99d42d780cbfff6538261656f8998093eb9c,0.0,0.8284274859798444,0,152.0,3,410.0,0.1132812861329477,2,489.82,13.63,0.7600000000000001,56.93666666666667,41.74364334207392,134.6104989059169,0.0,7,456.0,47.58353909050021,5,2,0
ec95e6c90718386c51e6412d83c991c6727d81ab9da7d0e208cdc064ca19be96,0.0,0.7583732057416268,0,151.0,1,325.0,0.1483253588516746,0,111.5,3.23,0.45,99.55,64.46153882427689,191.5138154344412,0.0,20,211.0,0.0,1,1,0
96b55a7f788e08785cdbff40af2df92d53bc1e31c005fa6ddd1101623b249300,0.0557345608111024,0.8536436074934092,5,200.7542857142857,7,454.12,0.0350049486230562,2,922.64,36.95,0.2514285714285714,30.498571428571427,23.67712543628605,76.78629536886102,0.0,2,1405.28,136.7541495158253,6,4,0
e5c4ad05272da734a61eaa4574172458e260594ced976caf4bbbcb04976279c4,0.0,0.9669765780378076,0,20.92,2,750.0,0.0,0,254.3,3.02,0.25,12.239999999999998,9.741760601207735,33.03702054642621,0.0,6,41.85,0.0,2,2,0
f252521b423b5593512423067be3105145afa812455c1f4e8fdc156a6060a718,0.0528904638493679,0.7227564102564102,0,350.0,1,325.0,0.0689102564102564,0,60.38,4.1,0.41,178.46,71.13544082154432,271.3522508374372,0.0,20,350.0,0.0,1,1,0
cd0a9749b815b007f97755239e915b4557b1b6ec5ca512e566cb5329d056dadb,0.2953162837398857,0.6557971014492754,0,73.44,1,437.0,0.2210144927536232,0,393.16,5.32,0.08,123.15,76.3337692975694,191.55299687236808,12.0,9,73.44,0.0,1,1,0
49fb61ad01ac52687a63e4b3529890c6b5ef21eaf24a2f395e34c53598531156,0.0152123646099549,0.8910922928169914,3,26.08666666666667,6,390.84,0.0287364036349302,0,470.14,8.75,0.1716666666666666,15.378333333333336,18.817331144422635,49.120113766334725,0.0,7,156.51,137.01593562719637,4,2,0
5badd36b55b03f469f1734769b3ca88b3bd7f54e9c1c8d8b3ec6d70a02d71e2d,0.091082976591675,0.8328530259365994,0,113.0,1,424.0,0.0979827089337175,1,323.68,8.24,0.5,48.16,24.741611702584283,105.73242341038566,49.0,11,314.12,0.0,1,1,0
1c1ccb02040d366c5ec6f00a53c9b23e03383330e003369845cd88e98fc3f928,0.0135396437997987,0.8729985134375481,1,66.39071428571428,14,1019.32,0.048817006069834,3,1152.81,37.94,0.2735714285714286,24.58142857142857,22.926449264585035,65.3565783826654,173.0,2,929.47,121.26781841225512,11,4,0
e5a0e64fc0497c11d057958367eedaeb802931cac21c3471da9ce545c288449e,0.018425093410426,0.8658446909794957,3,274.125,8,1497.2,0.0159036911696082,6,962.68,50.33,0.3525,50.20875,37.86937362586257,115.9154848657278,742.0,3,2193.02,117.69373067656171,10,3,0
76440a1f23a8f6e2d027fde0aa1ca3580e26dbd2d125141eebfa5f9bc9dd52e6,0.0720711354228631,0.6863974665513335,0,253.455,4,838.0,0.1766453390909675,3,617.2,25.9,0.525,70.665,40.98525697508794,146.05826713758742,70.0,2,1214.0,235.9061966128384,4,3,0
816c3cf0cdc5470e73ffe887563d919d99fe9b4d894850fb0f46532f2df9f903,0.0401700382688447,0.7110324149812784,3,179.79000000000002,9,72.56,0.1418324331609231,10,905.93,52.83,0.2766666666666666,46.60111111111111,48.47174891119617,110.41888701756564,0.0,1,1985.1,226.3725299275931,6,3,0
e298a05c80b254617328f4556cb6109cd7663d771a7cf361fb6559aef5fa6c4b,0.0070636434272798,0.8701118832674011,1,157.50333333333333,6,1427.14,0.0154341674113791,2,796.4,27.69,0.1833333333333333,56.775,20.778967534780183,102.32846086664678,102.0,3,945.02,203.6417239533149,2,2,0
6dce0fcc9e88497ebd07ca58c075d173eba5164f03e51ccd1e8e1751c63c6f9f,0.0551585437155045,0.831385774931347,5,115.118,10,505.75,0.033268550638346,4,644.72,30.25,0.179,25.726,23.44025220493109,70.41035349910311,0.0,3,1180.49,186.6954658890968,9,3,0
0b68bb83f8030ae8c35cf40b0caf1dda077106118d2d84666e09ba50532fec61,0.0365783760472686,0.9000419010268708,4,107.57625,8,401.26,0.0196005917159763,3,1054.46,35.37,0.1975,14.205000000000004,14.12970136971131,43.38143594997922,225.0,1,867.61,88.96801985408408,4,3,0
a0e757ee1e175b06ddc961ee6797e4f7bba0c2cf1303ee10a3ae0f34f7727da3,0.0313849983179252,0.8427331686489461,2,211.556,15,1370.32,0.0605803547118775,6,1125.66,65.2,0.382,32.86533333333333,29.11861184089439,88.17986035031795,253.0,2,3173.34,102.10220857627408,12,2,0
bd2107d129620d3827a5ccc9d5f0956641c988c2d8e7b6a9c4b4b71b4e4517c1,0.0773557497660267,0.916612226494092,0,82.38666666666667,3,745.0,0.0,1,336.09,8.14,0.13,61.4,54.68597558100376,145.8342106008619,70.0,3,287.16,257.1524161035045,3,2,0
6223b30e0e511c8855f78dde1c8705728f344e3bf3fbfbc7c1dcae7f3ada3ae1,0.0424965467152948,0.7714120312990331,3,90.12857142857142,7,1388.21,0.0492905564822737,0,994.43,29.4,0.1785714285714285,62.07857142857143,35.4027763798269,137.38048967531014,48.0,2,821.42,102.86511804857854,5,4,0
b48f5d61f4ba7ea22d8469ef1717b76ccc81caca54732b701663f071edd75789,0.0,0.8767210896157447,1,140.3766666666667,9,1606.07,0.0065289413417013,3,948.58,38.22,0.38,37.73333333333333,56.31838121279998,121.31223917657572,242.0,1,1267.39,107.55922539622412,10,4,0
e955b4d7c037423767a7f9359e33a6902010ec1ddc8fe1294d39717c2d0b258b,0.1016785293763099,0.6785316506488966,0,245.9833333333333,3,465.0,0.1564912789740341,3,704.18,23.42,0.3333333333333333,47.650000000000006,72.45527288071513,165.3521878226376,0.0,4,748.6,155.01076168397944,2,2,0
8634679e5a082a755f1e3debdb661371c381c7c29e3ef441e75ebcf5c5671049,0.0469505610592047,0.8683148863183409,0,102.025,2,269.46,0.0081411126187245,1,345.2,7.44,0.125,44.03999999999999,34.587476728150456,111.99804598641695,0.0,18,204.05,56.60188185466865,2,2,0
6743f07a2a9ffc35d99e60cf465185bf4426287b36e8eaba77bdf8eebc7e6060,0.1004016064257027,0.8810758184030852,0,124.62666666666668,3,391.92,0.0652878425743572,1,174.38,6.98,0.2533333333333333,63.970000000000006,76.92338571016607,156.5610697379342,12.0,25,373.88,154.96871186821434,4,2,0
cd641efff6b50e97c862cc4fea27fb587d173d2d10d494c764a114a555a1d060,0.2808594298553581,0.5771604938271605,0,150.0,1,458.0,0.287037037037037,0,717.61,13.27,0.21,151.57,58.26630011800288,231.2075973319564,33.0,4,150.0,0.0,1,1,0
fa7d22ac774fd4233afd541aba42d6f9de12b8e1af024575f41649fbcb34a0b0,0.0944868778066088,0.7448975605053284,0,189.5666666666667,3,434.4,0.1016548503841718,1,326.39,11.32,0.2733333333333334,51.54333333333333,54.4007357479268,148.66039682705886,0.0,20,568.7,40.97654485797776,3,2,0
ba8b9072a7d2a64068aa9a09dfcf31a086c3e2c68bf8c9e3dc5e720c69c04d19,0.0393424899304713,0.7514002599512365,2,183.47571428571428,7,629.0,0.0944838183398965,3,385.47,25.69,0.31,53.77,61.87217078634093,145.83680900125034,101.0,18,1421.33,200.6466720996632,11,2,0
4036f174844ea859883e4b5bab51e20c6e3b2aae59a870430aff97e91502aeb0,0.0,0.8874610326545261,2,136.22166666666666,6,504.19,0.0282499565451219,2,911.13,28.78,0.2866666666666667,24.706666666666667,21.30717910458812,63.00238635093123,0.0,3,817.33,202.16719200334185,5,3,0
740fe642297b82aa317c1643fd43f0d8619a323a5d849b0ea66f105817915a7b,0.0312109862671659,0.8696693551073587,0,95.66666666666669,3,525.0,0.0431813050349965,1,185.93,6.23,0.4333333333333333,34.25,38.74107102087195,93.38039070267985,144.0,16,287.0,77.3841032664176,2,2,0
4f11daa85e2df9bc11637e08c707cced9dc771f1583721b05d17112f6dbd8e6d,0.0,0.7765882436312079,1,152.53199999999998,5,545.0,0.0867460036039394,2,185.89,12.99,0.348,46.672,46.38609989925769,124.12960603639311,120.0,23,762.67,120.0428318278326,8,3,0
4b5285d3f7bab4182025cb96ac2bde40528a9dbb2f16202698a3dca8be0a8d7b,0.1169735422412015,0.719065636876136,2,238.2033333333333,3,827.34,0.168765759853827,2,745.77,23.62,0.2433333333333333,56.53666666666667,101.66131715109644,201.194717613272,68.0,4,714.62,228.15939300064213,6,4,0
72ca8df539a6fd5b3d5179180cabe4bec27c68d5cf06ac0b7bee674734d7f01c,0.1163374414357363,0.7848312028009756,0,78.87666666666667,3,504.0,0.128089043252191,0,592.87,11.02,0.4533333333333333,34.806666666666665,37.70199895301637,92.91433803464524,54.0,6,236.62,136.7868410775711,2,2,0
0d20649f97b0e940ae51c24936790dee0e914bbac1176ae4c91d269673141024,0.033603880811975,0.8284745066573752,0,194.93142857142857,7,757.99,0.0535828995543297,4,411.92,24.65,0.22,51.52428571428572,43.13450756481505,115.20360609896656,34.0,8,1379.51,241.56577964240603,9,2,0
a6aaab69e48e27151d911f29d87caf08aa29c995b818109445aaefee8994b8fe,0.0,0.9072496989058776,1,221.32,3,375.0,0.0136864230999923,1,253.41,11.33,0.43,18.61666666666667,24.413907539055973,58.8144748229544,0.0,16,673.96,93.0257938638759,5,2,0
c2577b1aec2b3c154cb696762bc3e040ce532655f593a92581ba062eeaaaf4f2,0.0,0.8418079096045198,0,381.0,1,375.0,0.0,1,207.9,7.39,0.57,11.070000000000007,35.56489643059237,51.71095719274481,0.0,16,381.0,0.0,1,1,0
9a7bc9934c6a172148c4d9caa93a3058dc212c94b754b35a4ed117a259353b1b,0.0795784044950248,0.524098212921135,1,101.49333333333334,6,576.6,0.360878643935853,0,485.71,12.56,0.1833333333333333,89.28000000000002,44.209082209139886,192.41693711614096,0.0,8,608.96,236.1626674240408,5,2,0
441abee56c6e2b732c234750255b26af863f5ac3c0daf28311c06aa23c89d8e0,0.0219355970869527,0.924450672557566,1,30.5,4,400.0,0.0152354570637119,0,737.88,14.0,0.15,21.957500000000007,29.43452179461768,71.01007599763471,0.0,5,122.0,237.35789140655567,2,2,0
e37f75a6f5ba9d34024ed506254b7ad74135a7cd0a563befdbc0d61f4777950e,0.0341036443695327,0.8884536000960008,2,181.798,5,224.92,0.0023154848046309,3,944.7,34.92,0.26,28.410000000000004,21.819716589492103,69.89402160672674,0.0,1,996.99,105.4274882680496,2,2,0
1163e59231edba9bda1b58c8894d95e961e0a04545383b460a56b850a2bef1a4,0.0435789743140051,0.7373855429673146,3,120.0375,4,547.0,0.1766292465636501,0,477.57,12.1,0.22,68.22,48.32411921246395,165.34363404753844,0.0,5,480.15,273.5938604631513,4,3,0
7d611ff5231790045a3996bc8b91b3bf2aca8a4cddd91aa699fdbdb924e87e29,0.0459518339472007,0.8134750268318219,2,172.97166666666666,6,643.95,0.0732445554065393,6,375.18,25.33,0.3,59.36166666666667,51.97450134354796,138.6901350203627,59.0,7,1099.83,169.5894805326224,6,3,0
0c1c19a15f3efa2313fdb4e87f49b163deffdd8876817ce4ea3db52d51194f66,0.0527089148648106,0.8626745885230808,0,193.90000000000003,2,637.0,0.0143953934740882,1,210.88,9.49,0.345,15.97,17.93784178196969,43.45302718604105,112.0,14,387.8,38.43231736506525,2,2,0
e63c5562b8e80599ffce0a11275c9086b455edecf596dad13ddf9bb9f1ba6608,0.040228324974391,0.7909468109908095,1,51.66666666666666,6,600.0,0.1122158783238155,0,510.26,10.66,0.2266666666666666,38.58833333333333,43.330815262626665,116.08902107518368,175.0,9,358.0,75.54270314400753,5,3,0
0ad6cd39b82bd89decc2b3f66637bbec7ad36b85477371676665cd9f81d00bbc,0.0,0.8464879369574373,1,141.8877777777778,9,855.0,0.0664592873728046,2,536.89,23.52,0.3711111111111111,32.76111111111111,34.912341425664444,93.21512130695292,49.0,9,1276.99,170.5929169168602,7,3,0
8323a5c84201d94db7dfc53be76b78865f405937cff8b05e44cebd2fb9343814,0.0542581935723471,0.8425784738093377,0,124.302,5,375.0,0.0484584233862944,1,228.98,10.01,0.204,48.358,24.171452579187424,103.30944641118845,0.0,18,621.56,204.5662358547813,3,3,0
9941857770c05129ccb331b10474ae94fb0e19ad716a289abc37ebd6eeccd1ea,0.0153051447942781,0.8456231786123843,4,50.67384615384616,13,777.39,0.0583034640124167,0,895.93,25.94,0.18,30.99076923076923,27.79717611463017,87.40678578470376,0.0,1,771.77,123.27943712737684,2,2,0
c6be8ff6db4a79331688084c6cbb6bb036694e5b0d1aa8f57a890f5fa7846ad6,0.1297353399065903,0.8891170431211499,1,31.0,1,325.0,0.0246406570841889,0,111.41,1.92,0.06,36.78999999999997,39.66592133435742,102.87706573783244,0.0,16,31.0,0.0,1,1,0
4473a9c4f86449f81c2ba0b9f4102d12361269a46c02ccc8bade4550c002ec4f,0.0,0.761437908496732,0,215.0,1,350.0,0.0866013071895424,1,82.21,4.47,0.44,42.27999999999997,38.772985624167504,114.10654296464512,0.0,30,215.0,0.0,1,1,0
423b6c3d94b5d267978b66902e6ee911376e861ff17c8cfa314ad94cdf680752,0.0,0.8782276525122609,0,109.04,6,377.66,0.0186451644784725,3,365.69,15.24,0.1266666666666666,35.93166666666667,32.27172378822072,96.01742937706769,0.0,15,654.23,174.6776355848228,11,2,0
c9928d17e9355f3f39c75752477f3684e632f67b3c9f492dbd751fd34e2665f6,0.0942030932642283,0.8357832105116695,7,188.20166666666668,18,478.1,0.0816934171119331,11,991.23,72.51,0.3616666666666666,25.555,25.169551443578,69.15867195206555,33.0,1,3389.63,202.3825040518984,12,2,0
f4fb848b236633ae48de48bfb7d35147c824392b09f411983c478c430816fbe9,0.1001101211332465,0.759581881533101,1,89.0,1,350.0,0.181184668989547,0,159.31,2.98,0.5,27.349999999999994,40.9382734963567,93.55559036269844,0.0,14,89.0,0.0,1,1,0
c09bb9cf5ad7ccdaa24fa5d06a68ba2fef077f91a9da5f12e03017f6b2e59149,0.0,0.8121203006066073,2,95.325,4,421.6,0.1254413209331712,0,552.98,12.47,0.365,58.087500000000006,40.6155320117352,139.62160252867417,0.0,6,381.3,138.14788853114064,3,3,0
e26ac3c1309b8f3098efe73d019be0854edfbe9bfdc5b9c6405ae23e100bf2c5,0.0029088032020105,0.807359072362782,4,274.20625,8,64.92,0.0905797237494029,9,571.91,47.02,0.35,30.2825,17.147946871686003,53.93370367898388,0.0,1,2339.65,346.7671111128544,13,4,0
2017ec4fe2be0ed2c8edc2055603a94273de627e158f10edbcb9c96a20841e4c,0.0436162352244896,0.8702102258475266,0,79.4675,4,536.0,0.0150602409638554,0,450.04,8.58,0.22,26.200000000000003,20.3199985234938,67.28163610370935,26.0,12,317.87,86.25398488351406,3,2,0
1c4215477936475cdffeff964b78ad63507e670b3d2c17cafecf5067dbdd1bb7,0.0294322579185577,0.7725267294721216,0,191.596,5,450.0,0.1195381342684703,4,331.66,19.29,0.398,45.306,37.299516938282295,97.01561759983012,0.0,6,958.03,233.00491944773708,1,1,0
d07d27d88f9e5a018cf53004e2817502b8a5b28ac30f265897fe86c00f393446,0.0036334568708669,0.8080207363196416,2,94.89833333333333,12,1695.4,0.094385474651177,3,884.22,34.32,0.215,35.494166666666665,37.55486954376497,92.01830659573976,332.0,2,1138.78,186.6648543123597,4,3,0
61633daa246cc620d616a73ccd016ba2ea136c7e8f6d168851274853a5d23f00,0.0,0.9101875116274492,3,85.89,5,865.0,0.0316483516483516,2,780.88,22.15,0.174,12.566000000000004,8.734648089778357,28.05956591569901,70.0,2,429.47,189.6386612229938,5,3,0
faad1450fadcf0d07054e325ca467fc9f818e4cc12227ea44b8af27bae863914,0.0,0.796634351657651,0,183.1942857142857,7,747.53,0.0715152661207034,3,375.69,22.16,0.3628571428571429,19.277142857142856,29.14245308625805,67.7536805009117,187.0,7,1282.36,296.9123655580969,8,2,0
a3b9d1fbe6be527db623a9b24f6223def668922cb2c0b7fb5fbc160e3dd4e6d1,0.0331286592795682,0.7664971691023229,6,206.981,10,268.79,0.1135687824269245,7,885.24,53.77,0.424,44.487,34.27292420494875,116.88417041073232,0.0,1,2431.42,291.42401134640465,7,2,0
9e092df43c5433caa83fbf79a558e0a165fc1c6ea718396654e3d0f83998fb9e,0.0329133923140447,0.8440155275046606,2,36.48444444444445,9,544.39,0.08233932550028,0,665.29,14.74,0.16,36.26666666666668,33.4790023217078,94.9777170441104,30.0,5,328.37,179.33210262484104,5,3,0
7c431a30dafd7b3b319a783f0d19573dd099923f647f58e8c40ef8105efc29bb,0.0,0.7245657568238213,0,63.36,1,450.0,0.1141439205955335,0,125.91,1.89,0.17,45.42999999999999,31.26403141109048,115.08843852996,0.0,22,63.36,0.0,1,1,0
2c6c67ce31953fcffe00c39adae06aa93b23b2f016e61c80271da60389e16f50,0.025025025025025,0.7477761763441296,0,73.25,4,565.0,0.1371348560166204,1,138.3,5.81,0.1175,39.86,48.857813192256486,125.62452248552644,140.0,15,293.0,214.64873344542207,3,2,0
b593e7d2688d589822e3e4df97ac1dbeed2d237c75ff0b06de0b98e9bd4eb007,0.186636804777902,0.673352435530086,0,37.0,1,760.0,0.2492836676217765,0,653.78,11.04,0.1,26.34,38.43956330763052,85.00152340130202,35.0,4,37.0,0.0,1,1,0
d8790182d55a8138f7e37341a0f2a9758bd94976da0a57e1803cdfd46b595e2f,0.1430766113089677,0.7118794038897993,2,184.85,8,1077.4,0.1609760015981611,3,374.36,24.61,0.43625,56.3375,74.28427392974854,178.6798711923821,210.0,11,1478.8,213.24063488077925,7,3,0
f8013e047c0ccfbb183ac9374b12cfdf52b18b6532a73d88bd40874b7674704a,0.0421638487161108,0.7881996974281392,1,284.0,1,325.0,0.0529500756429652,0,145.64,4.8,0.6,48.14,17.321610257225966,70.42445080049247,0.0,24,284.0,0.0,2,2,0
fa5b7adea54b71fd36128b4a98e97b22e48de0a2dace7f822d0c487488c361bc,0.0156610391316047,0.8273602415531228,3,143.5257142857143,7,538.0,0.0712351751438694,4,473.27,23.58,0.3257142857142857,54.26714285714285,40.73606245622041,136.4359576388636,70.0,6,1034.7,312.07503486047074,8,5,0
5f7ca4f63da391d1478ee9fe89ea485523a6349956577ff3ce6e9972ce9ca1db,0.0,0.7508102067274792,0,138.4,5,993.25,0.1019248050031339,2,290.54,13.04,0.318,32.092,39.01090870144469,96.94901917094084,104.0,11,692.0,55.6052932012687,2,2,0
5e16c768798624e5c656b161b794b88fafd00399bcdc67c6a62d02e16a8f8b15,0.0218073970690858,0.9016558329556668,1,175.8,4,559.09,0.0350424146897014,1,484.09,14.96,0.395,24.9825,33.17452955924571,84.44648097878468,74.0,7,703.2,264.14582626863114,3,3,0
4cd000f6dc8cbc1fe684336cd3716866b3529ef65e33673e3b74aa6f533087e7,0.01784486159056,0.8201383329138345,7,106.715,10,1318.24,0.0525734451675444,3,1006.96,37.67,0.389,43.405,29.14465470637201,90.9076477855098,277.0,2,1067.16,224.4522649115132,5,3,0
f9253400d551b2d6b6cee6212f6c4ef03d4aba326a574a16c487dd8372cfc7e0,0.0064521649880955,0.8501540506405912,8,264.94307692307694,13,315.21,0.02456658285871,7,1001.03,68.86,0.2699999999999999,32.76923076923077,22.1101994899117,72.67609679078079,0.0,1,3450.18,176.86765343667736,6,2,0
77a72a8100f6dd61da869927d811c88299bbea7f8d5d145a3603f66a75601118,0.071457692332193,0.8487974450822403,0,188.806,5,447.0,0.0436633444075304,4,213.68,17.58,0.3319999999999999,24.546000000000003,31.24513491176257,67.81904373971213,22.0,21,944.03,201.5464296768864,3,2,0
76c301a4148519301dc753bb8613f5980bfb08927542ef5f0d169193cdaf4491,0.1137358174774368,0.7898420789586059,1,137.88333333333333,3,551.88,0.071221454853926,1,196.12,8.1,0.3333333333333333,63.38,40.17032351825918,123.15186663314164,39.0,17,413.65,95.7866763047733,4,2,0
d984de7d6d7222f9089ec125c864c9efccb054d4a279f0a42b3a2b070987d09d,0.0819875480008456,0.63738430583501,0,195.99,2,375.0,0.2335613682092555,0,95.79,5.62,0.29,78.73,56.01000075173182,164.58352031575075,0.0,9,416.0,76.91979128224675,6,2,0
02bd47a7e791726a95c5c01226664e3b8a30b9b66d364622c231f44ca99e37aa,0.0863408737696426,0.9158878504672896,0,120.0,1,396.6,0.0,0,72.29,1.92,1.0,70.04,51.974454763219065,182.11541955527392,0.0,12,120.0,0.0,1,1,0
0c7258d558a0f405643c2cccd70242fb33a8e2a96e211208a6edb0d13728faa2,0.0,0.9036144578313252,1,128.29999999999998,1,926.0,0.0174029451137884,0,921.86,18.66,0.13,35.33999999999999,16.24762912972284,65.74650474494746,0.0,2,128.3,0.0,1,1,0
2e90d974d13b05e2afe1eda79dd843d9e7a92089b5d21a502841898f289ba127,0.007640586797066,0.8023011800333877,4,135.13,8,722.4,0.0890929620394447,3,780.49,32.65,0.3087499999999999,36.165,31.926365523344657,85.47810153359808,45.0,6,1081.04,100.1020390047794,4,2,0
f8c5fdacdf3d13cf12836ab14e4fca830dfb17c9d1311982c2b2c86ace2ec563,0.0,0.8844821374130429,2,59.02333333333333,3,400.0,0.0256028161659608,0,642.08,12.65,0.1433333333333333,17.810000000000006,12.401709589709418,50.21442291761907,0.0,7,177.08,211.7914162051,3,2,0
94f0e3d89e068b30209a176d839620e8bf59f5be0c0630d9a0ff60284078bd60,0.013166210238045,0.8317282698495561,0,39.435,4,350.0,0.0237476902633789,0,167.01,3.25,0.0625,46.89,30.75997420911417,109.2963533737844,0.0,18,157.74,104.2929706652627,3,2,0
058b507d9c390b77e448270b0f4f445e3060c6eccb7f6f19aa36555c4e616751,0.1822380370062706,0.5443130366362056,0,210.6399999999999,3,425.0,0.3193933818830287,4,565.79,20.29,0.24,31.173333333333336,43.63410232150733,91.04308564969304,0.0,9,632.01,173.8379564863112,2,2,0
311b62fd9137a0222b561e8ac8f5e59a79fc05942b502e848bd57f7d8c915c11,0.0559919651432053,0.8430105954406324,0,229.48,3,399.0,0.0427298144520257,2,143.81,11.32,0.3566666666666667,67.73666666666666,40.26958264608178,133.43118408529006,0.0,27,688.43,161.38827717464562,4,2,0
059c64fca7fe2053064da6d86f552fb43d12678c7889e39b387602b23d32a5df,0.0056999544003648,0.8640470576205984,3,153.5129411764706,17,578.88,0.0138277413523612,9,1003.31,60.54,0.2335294117647058,20.074705882352937,19.889649313297014,59.44649477075069,68.0,1,2712.72,190.9390230332204,12,4,0
22fa1b5bdc59499cecfe196a0af3d26649c71dea625e23d8a112734b0ebcbc32,0.0181546269723378,0.6147807417993374,4,200.3607142857143,14,536.14,0.2900780241869353,17,840.35,72.15,0.2685714285714285,60.69785714285714,51.082903601283206,142.00883599451635,155.0,1,3030.8,339.6161161836921,17,6,0
f2067c2779f6255cb60586d0bcd7ebdfdb072a56d25804efebd034a6bd9d44bc,0.0231732434982578,0.8552077397406884,0,252.67416666666668,12,965.57,0.0582155090294369,12,942.43,65.21,0.3816666666666666,52.9775,28.508016452183472,107.2926790030818,195.0,5,3032.1,196.0068249612674,9,2,0
60a9039eab5cb5c28344722810b29cffc80b64effc93c7411b236dea22724be0,0.1517737662417648,0.5470851332525597,2,151.30571428571426,7,1086.0,0.3215938789012272,2,594.63,23.29,0.1957142857142857,52.38571428571429,46.27870405958712,132.91796051911052,114.0,3,1059.14,188.2093402310436,12,4,0
0ea540642a9025b691b996be3f6da18ec169fc89752e039e1775ea123d2e3309,0.0664945376283181,0.8026047003423954,0,133.95000000000002,11,902.7,0.0848469654963896,5,812.09,37.77,0.2081818181818182,33.47,42.07153762573628,89.586296368393,79.0,3,1613.44,231.16572297283315,10,2,0
148cc71b02745a1acfc2871968be9f4ce9a7c61838b4996524e53c36cdd0e724,0.059141368021298,0.8311214619109393,0,155.92000000000002,5,495.0,0.0274732685157386,4,420.13,19.77,0.19,30.844,35.50038087015993,82.57881218884943,70.0,9,779.6,97.19156585436984,5,3,0
75ceff2618ef7d66d3750c4341d010b4719da40b895f06fcbe0b99916ad1e92c,0.075507198102793,0.855784997139137,0,150.96666666666667,3,589.0,0.03257328990228,2,328.22,14.17,0.5033333333333333,22.683333333333337,44.392318182653874,79.0982919277174,57.0,16,650.9,119.26374796232125,3,2,0
a8e90bc2a3b885b14c24e293e483ea70ac83d44c28afc9cc7f3ef597121997e1,0.0316485686997687,0.8951086403662645,2,89.52666666666666,6,636.88,0.0028328611898017,1,332.6,11.59,0.3333333333333333,33.56833333333333,28.83509944536788,88.19092708813757,136.0,10,537.17,178.96861884440654,5,4,0
55e4934f28d73ea742e87f0d3cc65b78b95c4f1679d88f5ad495681b4f9b3648,0.0572498167655221,0.7946445726367438,1,32.748000000000005,5,415.75,0.1102603379133521,0,575.92,10.36,0.152,60.158,38.9142369561792,167.75927199414397,8.0,7,163.74,154.28566764161923,2,2,0
a221abc7503898d61f85086f20359c9664e6cc865d4c81a3e14c092ba64dcd3e,0.0,0.62092554455014,2,172.555,2,504.0,0.2689363974153618,1,612.54,15.09,0.26,50.885000000000005,31.346017182648435,92.78131918746004,54.0,1,345.12,78.94630761398314,1,1,0
da17ee9ea6d900b296ddb36d0c8e5528bb7cb55255d110989bc7696919f43095,0.0,0.665487369518702,0,232.47600000000003,5,471.27,0.2423853836117211,5,363.3,24.75,0.232,62.146,40.7422328289385,121.147572810973,0.0,17,1308.92,382.5603135442289,12,2,0
1ed1dce44ad59ad8cdc487235c817e70bbf6e0f51622111eca3c01bbafaf8f5f,0.043700748171989,0.8595979981910009,0,178.66666666666666,3,572.0,0.0784965442332252,1,413.32,13.05,0.49,48.63,34.55427580450855,113.4434942050927,122.0,8,667.1,90.44193251902487,5,3,0
fa1ed59ea95da302cc70d3dd21229d1676162b58917b6e7d267f8373a6395ebd,0.0931169279497299,0.639863558747381,0,111.574,5,615.0,0.2679229929163896,1,901.96,23.46,0.284,38.29,35.01564210503203,106.31680423731272,65.0,2,557.87,65.20536369563817,6,2,0
2776fb377a863ea7864a2cef06be77944d297dc2b97c7d8edeff767894254cd4,0.0771442844483392,0.6983102566284112,0,138.6914285714286,7,538.68,0.1515485704421756,2,344.76,17.48,0.3471428571428571,52.251428571428576,43.0963578953803,144.58845283966747,39.0,12,1058.84,176.79314154969768,4,2,0
adb13cd201a0e28e93a9b5d542d693a00a3ab5240acfc79bfa782a2736a17233,0.0,0.8610169491525423,0,12.75,1,375.0,0.0881355932203389,0,125.6,1.38,0.4,168.73,30.51439957694312,276.63739656272014,0.0,17,12.75,0.0,1,1,0
ba23a56064380381da33f84e8bae339cd86b221dffde6ebcf7838e55af142a44,0.0,0.8903743315508021,0,75.0,1,325.0,0.0,0,82.88,1.58,0.12,16.08999999999999,21.98438036654788,45.00375367762026,0.0,20,75.0,0.0,1,1,0
245a9d3d21afbe963a10f6b61463bec9f593e1d9d5ec7be095da9649531212a0,0.0303585384885257,0.8115456098735561,5,100.58818181818182,11,1412.34,0.0432841177029042,4,1033.89,40.36,0.239090909090909,51.26636363636363,42.80843267787645,117.85828157641858,178.0,1,1168.27,161.51518251102272,10,2,0
9a14f77d02d13c2eaf52e088be50fa155dd040010bcfff872a921a3ad904d0ea,0.0491933461239577,0.8389960730033654,1,107.12,6,548.0,0.0718399913596512,2,492.78,16.08,0.4216666666666667,25.89333333333333,18.20926789906258,65.13774232372096,0.0,15,642.72,305.76465699722274,6,2,0
7be8aca4ebc2805a632fcdbccbd879d255e9cccecc8c841b4134cfe8c7682d5f,0.0078192196418797,0.8928846336975838,1,133.19500000000002,6,419.8,0.0048827879610246,4,770.05,27.57,0.1416666666666666,25.161666666666672,15.1554477986631,52.2819479860396,28.0,4,799.17,147.9953276921201,11,2,0
852fd5f315ecd4065d96563b3d6462018455f858b8e1f001a050fde98067adfe,0.0619713072847271,0.7424390243902439,0,259.01,1,374.0,0.1463414634146341,0,108.9,3.68,0.26,49.96,32.61038681557296,85.08561064945215,24.0,18,259.0,0.0,2,2,0
9226e018b17c1ae56e34d08a945ab5ae942d84af797b64a562f1f2cab3c729d9,0.0977969498585641,0.8140779968303943,4,381.82571428571424,14,624.91,0.0616132531705355,20,990.92,111.97,0.3828571428571429,50.470000000000006,31.75685868694772,114.53248569340649,90.0,1,6186.47,263.2792208168851,17,4,0
f787e437b9ebbd8146b8a040b86f4aa036dc9816100574c07af96f3d0ad44a0b,0.0323774460159399,0.7960592041439094,4,141.869,10,267.69,0.0910795250569423,6,1128.23,47.15,0.225,35.325,28.27133578900669,80.35162034595965,0.0,1,1461.83,129.41863786374012,5,2,0
56417112f0cbdd11b428e59c6acd125d5db34befc277847a67831094e8a6c444,0.02919111422483,0.890274767898433,0,142.66666666666666,3,350.0,0.0112272551296941,1,124.38,7.02,0.31,84.65333333333334,59.14292266984517,187.3367947861936,0.0,27,428.0,64.5845417922679,2,2,0
8fff9004c2426a29b6e79ec42dbbb069e7358afcf4b6f330937ae32922368ec8,0.0538463289177551,0.7870480564457591,2,107.84958333333334,24,1581.5,0.0880019977382835,6,1019.69,58.2,0.2104166666666666,46.19291666666667,48.76264661935628,138.00087517159324,369.0,3,2588.4,243.4961754274496,13,3,0
1c272742afa084202642e6926de92b434a50dcd050c61f6a4cb1063a5d1b23fe,0.036307446778632,0.7695956302518535,5,126.93583333333332,12,477.09,0.1450137517267651,5,929.62,42.58,0.265,28.153333333333336,32.08288683704181,85.00704817144972,0.0,1,1551.23,159.1627888776223,12,3,0
a4dfbdf78eb1d58f56a2255c5d179f0f172545eede6efe2d6dc2552e26e79477,0.0,0.9107692307692308,1,36.0,1,400.0,0.0,0,81.18,1.67,0.08,44.44000000000001,20.199710929987567,84.78005463474713,0.0,15,36.0,0.0,1,1,0
f26d94ffdfa91f1aa81be94d8b55f3f33727233ee0ef8bfa8f32f07b3362c7f9,0.0748733948481791,0.6831111293503161,2,160.0375,8,1343.0,0.2016076848844727,2,840.18,32.14,0.375,37.71875,45.85293098950273,102.25661553849513,264.0,4,1280.3,117.64994978128,9,3,0
885f4eac11e541ba2915c732f6c3dbb2b4607b0ee49c7d1710593c9e3573eff5,0.0,0.7044025157232704,0,95.87,1,845.0,0.1949685534591195,0,113.28,2.29,0.3,59.9,68.88512910412328,132.8628186510296,70.0,15,115.88,0.0,1,1,0
caecbd700c71b9802a5757df806604d6251db121f9b43f18a115f76b100d8aa3,0.0682614108696485,0.7336791294941737,2,119.12833333333332,6,643.26,0.1482062520933019,0,683.17,19.06,0.1583333333333333,46.27166666666667,42.70069588821892,117.17568383197396,70.0,5,856.78,247.23740283977992,10,5,0
46d6b8299ad81ac42e768d8b64f350c9d72dc78c36d2d51b504989367f0a23e8,0.0,0.907524753884194,0,115.5225,4,490.29,0.0246082833188252,1,375.5,10.46,0.345,37.94,37.90108308317722,107.55168741314046,0.0,9,462.09,127.4435629180144,5,4,0
7f4ece067caf35247fdaa87dfdf2cf443942e24f0cc1df5cdefc7454e5b6b55f,0.0803808146303884,0.6744017940397253,2,118.43,4,775.0,0.227383596478894,0,245.46,8.22,0.1725,51.005,50.83010843972525,130.66243623407402,0.0,14,473.72,248.367993062306,4,3,0
b0d89fef70ed6815a014886d5938a03b7a08adc42b7a30c9340b18e9ad2bdfa0,0.0145116819039326,0.8968007992367589,0,67.80666666666667,6,948.0,0.0198273552974407,1,399.25,10.24,0.165,19.761666666666667,23.57527772955396,56.8921027531862,173.0,20,406.83,116.85738145566243,4,3,0
c2fb166e837148374ab857384ce095a51ecfaba7d4b91c551ac9708edfcd886f,0.0140938367651825,0.7796413162447378,1,228.66666666666663,3,375.0,0.104286076004479,2,112.71,11.49,0.6,113.31333333333332,66.83594072558388,202.09993538806123,0.0,20,686.0,76.70154220773686,1,1,0
861b89eb310ba409f0eafc19755f55f8af95182c3c2c5d6d57568354bc809c3c,0.0,0.8395561970033419,1,221.07,6,477.75,0.0501114325262013,5,805.32,35.23,0.3283333333333333,44.008333333333326,40.62690101466253,112.29461120822224,102.0,4,1326.42,196.55521401846184,9,4,0
b2e30365f4f0e92314279bb27ede3d85818a90d1b33d0758c38d1544d37b2f24,0.0708331756330923,0.8056272231681897,7,127.4075,16,496.7,0.1095580819505389,12,1017.98,64.46,0.405,42.46,26.989035644341648,101.3027540340303,0.0,1,2368.59,275.6802291295233,10,5,0
a3b8cbd83cadf11b324427ef98c97f93ab35e199f053e03c143eccd1ba04d0e3,0.0131206045974598,0.785248565589358,0,264.0,4,864.33,0.0496978695803707,3,554.81,22.76,0.2975,49.2375,54.24804908377983,114.0360106414052,125.0,6,1055.95,67.35932246294223,6,3,0
cd6e96214851b6464156b0fae6408aa46c10cf59c41bae497d8b0a2c0535d8cf,0.0163084281494393,0.8121498359127997,0,288.575,8,742.45,0.0867871045360217,6,461.08,38.14,0.43875,43.63375,35.541146703522394,96.81543479415446,142.0,17,2308.6,216.11991709048328,8,3,0
eb22e6c6948030be27d6874d797f1f20a8363717d9f18b169d5d20f54170a005,0.0393637234098767,0.8242931631546373,0,130.66666666666666,3,350.0,0.0772473812315467,2,177.72,8.7,0.2466666666666666,30.646666666666672,37.676036810709626,98.35935301891745,0.0,25,392.0,150.58768913175413,4,3,0
8c0dd7714ee7d1b5a17b7b46230e94d2e5d9c317be98e6b332233bacc04fdef4,0.0759243793181991,0.8896396396396397,0,74.0,1,375.0,0.0,0,67.9,1.52,0.11,17.170000000000016,49.24321339057055,73.56464556272931,0.0,31,84.0,0.0,1,1,0
a0d057ec65dad885fde9c5d0a9dca9bc2ed67a85ed9d0e7c99882c6ff4974afb,0.0,0.7555184876285793,0,192.66666666666663,3,436.6,0.1283631421246099,2,317.89,12.87,0.4066666666666667,52.23999999999999,41.07899680733924,121.48770348401752,0.0,18,636.0,165.2745219566193,1,1,0
c7b889011806723945682017e01ee19aaeac400a4ffd80d5af2085d72ae5aa81,0.0230600682033781,0.7664651892705294,0,228.936,5,815.0,0.1664909951382848,3,533.8,23.12,0.5,35.186,35.28601708161515,89.71417430885545,0.0,4,1144.69,129.2058941764041,3,3,0
4badab185f0fd7b8334d7b808360e0b4e35c36c45df40af2df8c7b8c4b5c9448,0.0465935423960497,0.7172075376786216,0,228.00384615384613,13,87.28,0.158453322807816,17,898.01,73.27,0.4138461538461538,54.301538461538456,34.033648769981205,115.008682567162,0.0,1,3149.18,298.6410846406449,22,3,0
f8c34870e055cffe848a41e3c2f65de6d7e57886760a7f997eaf5bcaec8373b8,0.0,0.8253521126760563,0,53.0,1,325.0,0.0591549295774647,0,63.91,1.17,0.09,29.39999999999999,66.17225109171987,135.85908729628414,0.0,19,53.0,0.0,1,1,0
57b0b2b7719a25e2772a81b65790fec951a3a723be1a2c8c54fc52953def4585,0.0,0.7481093526591718,0,120.5,2,418.0,0.1050018923995625,1,174.37,5.65,0.13,16.659999999999997,34.5367416570043,65.49001670852998,68.0,15,241.0,144.2963563681449,3,2,0
23ecba1c64546fbec6f0c6e9b59a98520450c047218dcd4e9eee39facc958a60,0.072328070090452,0.6509268488045139,3,112.83333333333331,3,420.0,0.1964103255872729,0,311.2,8.3,0.1833333333333333,32.78666666666667,56.79253919548298,113.13881544953055,0.0,11,338.5,82.79765813927783,4,2,0
957a47ec90ba012bf63eadb857c655339b9d234c0ea8c90e8844f586933c1617,0.1212635663614867,0.7642725598526704,0,45.65,1,375.2,0.1325966850828729,0,144.51,1.9,0.12,26.14999999999999,39.39837943832922,88.60804322560001,0.0,25,45.65,0.0,2,2,0
26eab95e23292d47e0b8cdbd7b929e0981ab63812261a073d035ff2813d18618,0.0,0.6631240399385561,0,61.41,2,375.0,0.1340821812596006,0,141.31,2.67,0.235,59.645,52.750970508231376,150.24809178726545,0.0,17,126.0,19.848849312814224,1,1,0
d38503e7158ad8c24e889f4ae1594f96916938d922411cac355488a782295cc3,0.0372035225175798,0.7638007747461594,1,344.46,12,137.75,0.120112483874677,23,1038.79,101.24,0.3416666666666666,37.84083333333333,20.129493709233625,74.77876599517792,0.0,1,4643.93,233.30572407224577,23,4,0
c3ae091bb644249753e90542874d3d724f116b1a33ba8dba2ad52d9374f798f5,0.0,0.8405933514530882,9,285.975,12,173.29,0.0222240487698948,15,735.34,75.33,0.2241666666666666,29.41916666666667,21.441467944320948,68.34857643715284,0.0,1,3611.68,299.6009735141218,6,3,0
3a21ab72ba782f924ea8b827fee7cea4ad89d13f9bc43406a95be1823568b1ba,0.0937981768270092,0.6797909407665506,0,265.625,2,469.4,0.1411149825783972,3,332.3,14.97,0.275,48.71,28.48912477055969,93.17994443806734,0.0,8,675.25,166.26829143195232,3,2,0
e43c33731b71feace9f05bcd949125b6c7cbde50589533cb5d821322f2c8e1f7,0.007674470637209,0.8267751995050219,0,242.53272727272727,22,334.42,0.061207060190493,25,1046.66,111.68,0.3859090909090909,47.785,32.75828686459806,103.87163267508582,0.0,1,5368.71,200.5537256355832,32,7,0
b08dcf136797d31450f062b7903f4990d2cbf23a9facae45deeedb4ec555b371,0.0,0.8148472847771692,0,141.33333333333334,3,384.0,0.0414046121593291,1,131.91,7.06,0.21,53.44333333333333,36.09929821606565,102.54769447278738,0.0,23,424.0,133.09568503144598,4,2,0
3ebbd0eaa9ccb50cc77a11a1709eae3954a33742c31e1d29a7f0a26fea878a1f,0.0194006663991882,0.8480270233288546,2,136.70285714285714,7,400.0,0.0602855297309183,7,493.92,27.25,0.3857142857142857,31.65428571428572,28.240009061165303,76.93704430163673,0.0,8,956.92,370.132357167636,12,4,0
9d06ebe3949eff0afea7079378a5d04eb85b53706dfe645508e9de86d285d939,0.0517277053589902,0.8131868131868132,1,34.0,1,350.0,0.0784929356357927,0,263.38,3.57,0.05,42.870000000000005,83.52108899248482,172.9379459509662,0.0,17,34.0,0.0,1,1,0
136a7765a00e766d9567be26b5efbe93e6a103688b0234c2328d22ab26a43f9b,0.0304923515677479,0.7151557106791477,0,104.475,4,975.1,0.1428103503294609,1,148.72,8.13,0.3924999999999999,44.95249999999999,52.645290223203176,134.610002818588,0.0,15,513.9,206.52399680263989,4,2,0
144196f517173b4c7e849cbec714ab413f74cb1019ed88d408780928102734f0,0.0,0.911522633744856,0,122.0,1,375.0,0.0,0,392.39,5.8,0.15,34.739999999999995,36.21317104503283,107.12155162910727,0.0,11,122.0,0.0,2,2,0
78f8906767761184f89dc27de49c8cb26cff78aefed569056d37e94f72b85f2f,0.0726604129950427,0.903106243834258,3,128.975,8,628.0,0.0300273928456332,3,558.84,24.6,0.42125,31.516250000000007,38.76611806395748,92.3145425947698,111.0,3,1079.8,260.17700813217533,4,2,0
850a4f041b199ad54fdc79c1b5ea5f927a5eabfc1bf8c1237c1f3f97589bfa37,0.1166671977008024,0.7006120351058582,0,143.0,3,510.8,0.19849704777241,1,306.09,9.13,0.2466666666666666,84.75333333333333,36.30764944289335,152.20946088484968,0.0,11,429.0,169.33959949709376,4,3,0
3551e502de5df1f3b834b46004269d85e5ae3bee2795001d1def2b2a12391b41,0.0664759186426217,0.7576081211837487,9,165.587,10,103.4,0.1417795060878137,6,902.72,48.12,0.31,50.455,31.4558225055364,129.47458281005032,0.0,1,1822.41,308.0515457253395,6,3,0
5049e2a6f34b2cc8a234ca03cb526f4f32f9dfc482fac399cc639a0f2c4966ce,0.0625036806170907,0.7792215215088971,2,125.55714285714284,7,284.47,0.1348845998660756,3,956.84,32.13,0.2685714285714285,38.93285714285714,66.03339864918887,150.80759254055388,201.0,1,887.89,81.90668110433815,4,3,0
5a8a93a40ceef7669ba27ac209a3712182a230fde27eeb23a3934264471d5bf0,0.0845821932902723,0.7086329866862638,2,129.08666666666667,6,742.85,0.1563671467013769,1,630.08,19.83,0.38,72.66166666666668,67.17808845728719,206.57809382830104,168.0,4,774.52,201.6903961584468,5,3,0
7e22867749f269a3da68566ce038490b19b9dcf7bc7ae5245095b2a385976b13,0.0,0.8666666666666667,1,73.0,1,449.0,0.0303030303030303,0,401.57,5.94,0.05,54.03999999999999,39.17136218413252,149.05434451035617,74.0,8,73.0,0.0,2,2,0
e91a5ceeffcc6e2406172ffbc676aa0a9bc17ff53601901b949a5551a156fbc4,0.0474206732109391,0.8260546306030827,1,58.996,5,972.0,0.0650729231153206,1,466.16,10.82,0.346,37.57,32.193402071760175,94.4454279381948,147.0,5,319.0,186.3400169806688,4,4,0
231b51820c73a701fa851681211a5243baec6dbc1318d8866c229f7c84dc1ea0,0.0336021505376344,0.8727394407486972,0,169.024,5,970.57,0.0240738300929149,2,1004.78,30.53,0.6140000000000001,52.94200000000001,24.634227455880723,132.90105650851373,169.0,2,858.2,225.2442524198484,5,2,0
aa32fd212b4f42c2776c7e1ded6dcd5045682bc1e10edfabd15463f3588a34c1,0.0,0.7300895164267258,0,101.2,2,393.0,0.1104651162790697,0,112.48,3.65,0.22,79.13,71.88483652115782,192.7469238313214,18.0,19,202.4,25.08597106434705,1,1,0
98a4b5b6a53ea9c3b9af77674d762ed86e4fded5723a1f5d427525958d67143d,0.1004722194313272,0.7218003480461952,0,49.0,2,450.0,0.1654801455465906,0,179.7,2.78,0.27,43.39500000000001,65.92967369292063,156.75186728032998,0.0,25,98.0,71.02830394132674,1,1,0
eeaf811256af11b128f35902739a60a3e7f133a88881bbf2d01aa020a9fb7a8b,0.0578623372434285,0.8293345380507182,2,129.0,8,560.96,0.0873233520627094,5,997.47,39.49,0.4425,23.51375,16.634656615054496,53.972105150401205,0.0,1,1222.8,195.35494144866024,6,2,0
e67eba40ea05140750b490b6aef418c2c4291f8c93ee3c9b43af0bb06b0f91ba,0.0088754770568918,0.8338871359271327,2,93.664,10,777.9,0.0634439497682453,1,581.32,20.23,0.204,30.495000000000005,23.639310801127284,74.23270872813865,123.0,10,936.64,109.50284984867162,9,3,0
04ca4328cdd98da7377ac6816bed58418a7c2b040eb36ab2e5746e2e355d1ac7,0.0313814542296174,0.8568666989824515,0,92.54666666666668,6,682.73,0.0535497595614923,2,581.32,16.91,0.145,32.26333333333333,30.635336066663445,92.86199621910605,39.0,10,555.28,88.34600894859216,6,2,0
1129617a96935d54464baedfc41f294a893decbdca1207080515b17b55f5f9d9,0.0,0.8003235669546116,0,52.2,2,840.0,0.1209813874788494,0,194.28,2.99,0.19,70.55499999999999,43.05446387295099,154.995596640692,140.0,5,104.4,40.53851603608671,2,2,0
16b05a6e7e3b7a1786c902e9dbec53dfaf66d190b792c5a1b5edc4b9d1c529ad,0.0760458106782775,0.6192274867811547,0,99.4,5,524.0,0.2759680769185295,1,182.6,8.78,0.28,94.724,66.21111718473021,196.3365662513765,149.0,15,545.0,51.24792470134355,3,2,0
b93b7205cdf7b9dec9b13458b4155c380df1b6bce439c420e58c271cb4ec8404,0.0524029088554403,0.7539297438564287,11,124.01875,16,579.44,0.1454525980384509,4,954.77,49.04,0.424375,27.61625,37.04896468343129,81.63766339155674,154.0,1,1984.28,260.1309920940687,8,3,0
92a2d6afe79854b1a7cac42327d9915eb7aa96330a77f83902683b88ac681c04,0.0,0.8502080443828016,0,331.0,1,311.0,0.0,1,417.86,9.75,0.7,26.66,24.965427050204536,64.78780465317625,86.0,8,331.0,0.0,1,1,0
0a6961d88813cbca7afa25a20c399872d916066326a537dbf737ddba207fbc93,0.0966650555824069,0.7574468085106383,0,48.0,1,325.0,0.1744680851063829,0,139.79,1.88,0.18,125.55,85.79263630737488,259.8602917738569,0.0,19,48.0,0.0,1,1,0
5ea8824729af934ac51d31adcee48987c4a9662d3942ba0e73419bbc693467e1,0.0,0.8011695906432749,0,55.0,1,350.0,0.1286549707602339,0,177.79,2.33,0.5,35.900000000000006,40.57688672310329,111.53944727688312,0.0,18,55.0,0.0,1,1,0
bd7d2a538a114210ed8c024286a8d298bcaf91d5a5dd404de16c48a917aad903,0.0192569761526114,0.8010988194651529,3,210.40866666666668,15,371.34,0.1193752085866025,17,933.42,80.51,0.5953333333333333,26.622,28.8396402289933,75.71191857353055,43.0,1,3584.63,275.5407242370974,15,3,0
c51bbcaf4cd337b04095864bc7c9e7b70b784759323268566b0bb679b366fd34,0.0319291347956065,0.7535953779498202,0,285.6083333333333,6,598.72,0.1021595280236739,10,287.2,36.74,0.4333333333333333,56.31666666666666,81.84697843903275,172.68483321438688,0.0,13,1866.65,284.2701472321527,14,2,0
d2a59bd6cd38b1798f4517d0c9730d7d4b51090927f6618fb7140226f3aec7bf,0.0,0.8297634847957519,1,45.75,4,383.46,0.0806099927594693,1,332.49,7.55,0.1475,15.494999999999996,25.53438432845233,61.937984779878896,0.0,12,183.0,113.94636357168496,2,2,0
0e3b1c7b6e3e7cda286756e61375fcc11ed4013125192c16c71cec3c7ae4c636,0.0094466171663927,0.8277281612206613,0,164.33333333333334,3,856.54,0.0580016727191493,1,465.12,12.55,0.2199999999999999,37.2,38.64826266532208,104.98566532273216,0.0,11,493.0,225.3221678403584,2,2,0
f784d42269b7d35e255f3f7b7a27caf972954fdb63994b643840302ca0ca461b,0.0583415921969093,0.7801474922365845,4,144.5346153846154,13,1357.7,0.1142736640490471,7,882.98,48.54,0.3130769230769231,38.47538461538461,40.82287326343637,110.48962830716916,105.0,1,2013.95,198.1227127386369,11,4,0
2ffe20f9da40bf506c131e7efffc1e91b7172af096d438bc8718b673cc54e59f,0.0250891256531086,0.7748844082214514,0,150.15500000000003,10,912.77,0.068202571906824,3,509.53,26.64,0.261,46.694,45.91296173719344,125.20244272089973,100.0,8,1556.98,212.31655616658887,12,2,0
1acf5bbef81e4ba6b65fba46313edc80d6bbb55ec2137f52bbcc0818f60f53c3,0.0860169793384321,0.7533173761361681,0,216.66,2,762.25,0.0436929960419893,1,305.59,9.61,0.345,43.75,71.79714778646434,149.5950167109828,133.0,8,477.0,141.28858981237536,3,2,0
2adf98111a0410beea91d1d9dfce7d68be7af18b1aa8196a5a33e411fe9c53fe,0.0165801084858551,0.839228124487669,1,116.35111111111112,9,671.61,0.0676455225953686,4,525.96,26.05,0.1822222222222222,35.76222222222222,32.17956944166446,89.43521512176468,90.0,8,1307.56,251.6909010365309,7,3,0
ff20f446e456dfaf846ba5ff11b0e4eb14f89d251617288053c04fadae2b1c9a,0.037466985119663,0.8173257320563946,0,197.83,6,756.0,0.0908278921032711,4,639.93,27.7,0.2016666666666666,36.5,25.24188456698312,81.02077801295951,228.0,6,1186.99,265.63807153841054,8,5,0
6e3de8512c3a272a95b5bac58b12ca7fca2cacf5e7cd248eb0a11568e61170cb,0.0252422257864503,0.8498646557113999,2,270.98,9,52.45,0.061534866728443,10,1043.61,61.31,0.3033333333333333,26.28111111111112,16.111706135777833,52.60902240138152,0.0,1,2538.81,229.21634222106465,11,3,0
862dd8c6b9a7c425ccf32611721bb3c8a1fac58e5f0fb79e1dc1bbc6879eac30,0.0296683278913902,0.7128172307135602,1,159.268,5,845.0,0.1878348599669765,1,496.84,16.21,0.294,42.67000000000001,20.7001463863864,76.77182784700297,70.0,9,796.37,364.08589587216966,2,2,0
abfe008dfb63b56cee3f927a599255ce19835b58bcbd0a6af63f1ba00df0cac6,0.0162657026386266,0.916794368861588,5,97.328,15,494.17,0.0125836662964712,3,833.15,37.26,0.2446666666666666,25.058666666666664,15.089233416085026,60.09476665572356,0.0,1,1459.92,88.69048151603491,4,3,0
297617144779e2c61ca567ba350f4604e1bd33fb500b94ddea4649a3f49e1c96,0.0049012211357513,0.7532871704798639,12,195.1671428571429,14,972.05,0.1194982876505676,7,869.61,59.39,0.3314285714285714,44.39785714285714,36.54547005527061,107.78962633051914,227.0,1,2732.35,241.09574665119683,13,2,0
f3c8e241c7e7720527e46f46dfb28eae16759355909f35dd3d6a85018d7f39a8,0.0421116665023823,0.6817911924260451,2,259.0725,4,473.65,0.181331163370432,3,289.09,19.56,0.2675,50.400000000000006,46.79775011743111,143.31761736239756,0.0,15,1096.29,276.00972041170644,3,2,0
024098c6a2a3a5c7ebbf6188259d7d4e5c2b2832eae21ab443fed239da07babc,0.017785998861696,0.8174618378334778,0,224.0,2,375.0,0.0822511477216968,2,560.37,15.32,0.445,28.87000000000001,18.080334823474768,63.58784203108471,0.0,5,448.0,111.61632287820416,3,3,0
de7721d4d32a44510612271accc793644eca923e6375f03db6e9960b54800163,0.0,0.919732441471572,0,86.0,1,1570.0,0.0,0,600.98,10.19,0.5,83.80000000000001,39.01180624172847,170.92546700895943,395.0,6,134.0,0.0,1,1,0
a72f19bac9236f7fc25877ad1ed76d0841dbba03d037760ae01d4e951462d531,0.0823329477272112,0.8022772485276012,3,55.175,6,461.0,0.1041903247026275,1,455.11,12.26,0.14,20.39,34.530961195494704,65.29562336773189,70.0,12,379.05,40.775576831407975,6,2,0
aa4f17002d5e9753e9b79e02562d2132a249c4c49b90395a128eaf9a08bf9731,0.0390675834405003,0.88148291339506,0,124.89666666666666,6,450.0,0.0272329727391848,1,251.77,11.56,0.2966666666666667,29.01333333333333,43.41585552305289,89.81833984300444,0.0,16,749.37,166.897206309283,5,2,0
6d4e122b10b6839da2a60f0a4f019e9a6f56c87eb26897f6ed1a1ffdc2b788fd,0.0,0.5953079178885631,0,173.0,1,350.0,0.2492668621700879,0,127.19,3.0,0.26,60.79,65.91767249609768,162.92802678056924,0.0,27,173.0,0.0,1,1,0
f50d1f1d959479fae99629f0da6024dd4de400d57d3a99a204f270de9fc52ca0,0.0234421540215094,0.8920044236403061,1,79.54875,8,803.0,0.0387125512313662,1,735.88,21.59,0.2725,24.655,33.04640762585672,83.3134147941646,279.0,5,636.39,157.45920170179076,5,3,0
040d5c6e8e79fa9316383d9eedee98ce49a8ffeec0b0f2c07d8b68e02128ddf4,0.0623490707820505,0.8956617892902717,2,185.57571428571427,7,455.27,0.0292791510785199,6,682.16,36.73,0.3585714285714285,47.89428571428572,24.83042697638724,107.71252286959609,0.0,3,1585.17,301.78496618039,7,3,0
f2edf24426f2e1df14d7b1f0a65983cc347ea8e0d72e12c53da334660d9f5ce1,0.0623180105829664,0.7748684976212811,0,55.62166666666667,6,493.6,0.1488306888570364,1,452.34,9.77,0.2383333333333333,44.19666666666666,41.289229702999634,114.28302998970275,60.0,10,333.73,118.17624882511184,3,3,0
e7c8463fd6fd3aca78dc3bdfc0e3322fe547778d267a3558020c370452141410,0.0247699580735657,0.8217787622849316,3,160.20000000000002,4,814.6,0.0737009549469382,0,990.82,26.51,0.195,33.5275,30.124487356455457,90.42360074359088,90.0,3,640.8,144.43800348726043,8,2,0
2cdbc0f513aba2b44f2d79cde465901efad524493c418d5d8d4f9314f6c179f3,0.0156514323870942,0.8328048309704571,0,179.03666666666666,9,1165.72,0.0310847377714669,5,991.22,43.54,0.2688888888888889,28.25888888888889,25.230464338607383,75.3096859759461,397.0,2,1743.33,127.91465257134668,4,2,0
752c9501296f98909cf65c890eb687c030e518f554ec0425cea0742bca0c863e,0.0,0.8897176822523098,0,91.0,2,675.0,0.0317919075144508,0,153.02,3.35,0.31,59.035,26.808473453766645,117.8345834795663,0.0,12,182.0,277.0733899992578,3,3,0
b0efd2f48c80fa8cfd83cd8ae285607dea54955a6724935ad33e9322a63aaa9a,0.0240496384537685,0.6042679696703748,1,386.87,2,450.0,0.2825342420624566,4,458.73,19.76,0.5,48.835,26.473416149354,100.63543858925908,0.0,1,773.74,27.3247891042842,5,2,0
7d81ff477c738266a4e15d28da5dc536499be834a8e811f74682f9b4b15f3d2d,0.034202428794584,0.7325518575944336,4,81.52499999999999,6,1457.0,0.11786238260652,1,614.57,17.9,0.2266666666666666,52.72666666666667,50.43203111899666,133.6893483971422,92.0,2,520.34,86.98452207051344,2,2,0
c9574476eecef1f802646b78466ceb6c63e21de7b7ba83730a224dc39cf688bd,0.0416226651722983,0.84000886087274,3,112.325,6,853.0,0.0608170365222505,2,814.7,26.53,0.2016666666666666,23.56,24.563265709251024,61.26330377146027,144.0,2,683.89,104.42125417880057,4,2,0
e8af47b862840c4cf932bb0875e5827135975d6df5f5178e80d970d1087f66b6,0.0996775452689602,0.9056380481732322,2,34.800000000000004,3,866.0,0.0420055577573592,0,514.73,8.84,0.1666666666666666,30.066666666666663,35.55424374100455,100.69560681178162,66.0,5,114.4,153.1471923811257,1,1,0
0611be18a8f5396584b81fc7d97ed99d9d0587a39bebb25436e7612c231f9170,0.0470747881548429,0.828049060880738,0,181.366,5,740.0,0.0451649758692012,3,882.4,29.46,0.2299999999999999,50.848,42.57110759373101,105.00246836834368,138.0,3,906.86,158.90911168728826,8,4,0
24646bc7ea60aa34ed87bf2c6d3dd7501fc77fc30eab57e224322be75a47e9d7,0.0326820338212157,0.8636923698838235,4,137.54181818181817,11,780.54,0.0365542610521811,4,946.71,41.56,0.2618181818181818,37.98181818181818,29.70085299555151,96.34915290086856,65.0,2,1605.96,163.4115652735601,9,4,0
7a3d596605124503c9af3b9241e11dd3f981c096b8aa25b8eb37231b721e0b7e,0.0272044404544151,0.7603409690051369,3,139.57999999999998,10,782.0,0.1256401894037033,2,654.04,28.64,0.216,30.235000000000003,29.862506897703053,81.25567247366398,257.0,7,1395.8,296.9478033711067,20,3,0
378390c74205b19bedb91413091f63c2ce821c80250f9d57c478106f662aeaf6,0.0768841075275902,0.8103056022538881,0,182.76666666666665,3,384.75,0.0592646550332553,1,340.28,10.82,0.3999999999999999,40.16333333333333,28.680378892562626,91.8002800263842,87.0,11,548.3,324.55387271504355,3,3,0
088ad25ff74dc13e23bfa588b653d83427d199d70ef241a23a9b9d7b8abf02f3,0.0752493339264126,0.783296357079946,2,200.31846153846152,13,504.52,0.1167682031845415,11,939.33,60.95,0.3238461538461538,26.692307692307697,25.02846859159922,63.80020519852007,75.0,1,2614.14,278.5225918208667,13,3,0
e8dad1389039bff78c366c6e77814d99d31775028a2e81d2c314e8c75148af62,0.0493871808390309,0.7233235979268402,6,153.0442857142857,14,822.7,0.1576877278377917,5,941.27,49.29,0.2164285714285714,42.07285714285714,39.0842509638812,104.58846320315376,0.0,1,2142.62,255.6567922178409,21,3,0
a1fa962526d1edaa316589ed79c7d06a5633c80fb2561aa89245ddae04fa99d4,0.0232980320137994,0.8378943289781413,6,160.81125,16,961.75,0.0496930359784308,7,1068.18,59.76,0.41875,29.37375,30.495078499685047,87.92377756556989,225.0,2,2572.98,178.79550092277697,8,4,0
384ffb639401ee2abeadbce277e6e3b520e342371b2db9aedc01ae196a15f285,0.0,0.7878027812868862,0,93.074,5,507.49,0.0671489189687482,1,641.29,16.01,0.222,37.288,55.171891962335664,114.3304318157452,0.0,5,465.36,77.22676285366045,5,2,0
f99ffdd17f882d4dbdf1dd4e3b01df4113f3c5dd9b590abd96f474ee3e050192,0.0416870744197556,0.6735794578533584,1,223.18615384615384,13,699.71,0.1788951707666208,12,798.43,62.33,0.4353846153846153,46.855384615384615,43.20323691317932,117.67433940234378,216.0,1,2904.37,194.55689331747985,11,3,0
9bdb30a391b49390adc9b707d9f6ac575eb39f5fad33a42f9b473b6ebb72c0ec,0.0,0.9585894405043344,1,332.8,2,350.0,0.0,2,146.31,11.42,0.5349999999999999,103.54500000000002,29.35179301568024,179.538637861467,0.0,16,696.1,75.11487454717395,2,2,0
c58d3dcd91c59382de1d3298fdf8f807693245c86e09be5bcc8d6d78d68bc526,0.0524026384446228,0.759149250151347,5,208.294,10,129.01,0.0985806812867341,14,965.6,64.26,0.499,41.356,40.544165417531545,103.29317464462012,0.0,1,2278.74,235.9402846769132,11,3,0
a3a714bad37be0cf8b02dfc70a38991f468ea5d4d619ef123e005f858117d296,0.0119246362985928,0.840712712295657,0,60.694,5,520.0,0.0558587665069487,0,402.8,7.76,0.114,33.97,33.82339158291056,100.70860450892673,70.0,12,303.46,345.7458392253042,5,2,0
420c4e69ec45b07c34288e079720e0f9234929fc8b786c96f1bec6f029327bc0,0.0907358678885763,0.5714285714285714,0,94.0,1,325.0,0.2252747252747252,0,63.49,1.57,0.35,47.16,84.68676065467514,158.6245057411691,0.0,20,94.0,0.0,1,1,0
5dd1f26768770e736d3f4c42a78718a16c0fe175e10446ee2eeea03d952bfa2e,0.0426256357475725,0.7537897707663239,1,271.22666666666663,3,721.3,0.1260255659024214,1,322.09,15.21,0.2233333333333333,51.69,57.084622421576114,141.99728728967264,218.0,4,813.68,114.85595817536698,5,2,0
74507215ca621ec471263982303ea5d3010a567542c0440d8a6de5aa79b754a6,0.0231594061928251,0.855683361037341,3,58.373333333333335,6,448.23,0.0445816800327705,0,872.32,20.64,0.2883333333333333,21.43166666666666,16.736072639588514,51.32663057329311,0.0,2,350.24,104.01162734866688,2,2,0
00b246ba0cefbb1bf869318c25040dfeca272bc0a4e204b30829ad15ad678523,0.0152966970463199,0.919553095132061,1,165.59875,8,393.36,0.0220552694630628,5,994.3,39.93,0.38375,40.675,19.87777618896576,79.60148746372917,272.0,1,1324.79,84.27855154078972,5,4,0
5ef74302816864f9976a59bed7a824f47a63283289874f8007f070dfd5c5535e,0.0098610576970485,0.8167090022036222,0,155.18166666666667,6,392.04,0.0548604252424947,4,489.4,22.4,0.4366666666666667,27.16166666666666,19.20618529027416,61.41627160553352,0.0,9,1034.1,267.79582865381104,6,2,0
78b4678833088b9f1241adc53e12f83a20036f293dab4979c7118dabf9c69991,0.0,0.8287923108373141,4,295.3988888888889,9,463.04,0.0571612793687105,11,454.61,51.05,0.3922222222222222,30.51111111111112,34.63701534652935,78.28952394205561,0.0,11,2658.56,247.86904915872407,11,2,0
4a5ba72abbea42408133432d00aa480cd6fedb38f82fb41c3886c2ca8a3a1107,0.0230329832319881,0.803987936400705,3,268.51,4,450.0,0.1020026977089314,2,460.91,21.07,0.3874999999999999,59.9575,16.987088018813118,101.62257550993618,0.0,6,1101.75,267.3169348733934,7,3,0
e6417a49d78eceadc3d20d370b4d9f9dbcdac1a5f924a321bb7b997b4fbcad5d,0.0,0.9157071743426052,0,76.5,2,375.0,0.0319767441860465,0,178.5,3.32,0.2299999999999999,79.99000000000001,47.96710470417585,157.61651052206653,0.0,15,153.0,52.77265871556422,2,2,0
b3d2ee64973b1bf70132d7e2d879af1a70abc3f65e4e35ca9c17f29478d4ad00,0.0790201576451063,0.675747011953865,0,330.53333333333336,6,721.15,0.174609055787156,7,485.63,35.8,0.3866666666666666,44.135,46.95483568495527,122.1069134033565,152.0,6,1983.2,334.73476200785683,9,2,0
1701bc73208b53cc19107f9e1b6bc02ecbfa7fb8a75335aab24ebcc007e335c1,0.0234543578196829,0.8288910126874732,2,19.25,4,375.0,0.0882336485201141,0,318.7,6.03,0.065,48.27,54.77504421911602,130.22279965132654,0.0,6,150.99,152.14555548603695,4,3,0
4d8366453142feadb53d30073df8a529ec7cc011489d4000c7161306670c6553,0.0,0.9492063492063492,0,15.3,1,375.0,0.0,0,303.89,4.17,0.07,32.2,59.30986234232451,145.12462681494145,0.0,13,85.26,0.0,1,1,0
0c503720337d4cc73f88359ca8fa508c2d33329aaaba187b762a388d2db9c12d,0.0,0.8324175824175825,0,60.0,1,325.0,0.0906593406593406,0,100.58,1.61,0.15,75.72,55.531968465178686,190.88395694467823,0.0,18,60.0,0.0,1,1,0
23c84adbfa667249315f3e96277e6ed03719d62254eddc34f54ce6a65c62dd32,0.0595912043382396,0.8074026130461668,0,170.12,3,357.7,0.0472040321787416,1,181.91,8.42,0.25,52.39000000000001,60.33939415959407,138.57504496276172,0.0,15,510.36,90.256599913319,2,2,0
df0073955435ffbc9aafdafd1b9d034090abbf3afeb239bfb17ac5cf3ee277b6,0.0310916520195744,0.8439500385726992,0,303.7233333333333,6,655.36,0.0570810097181786,7,486.63,36.17,0.4233333333333333,35.876666666666665,48.760914087663856,101.7554098172966,68.0,8,1968.0,127.13375054432018,5,3,0
49bd3e806cb4dc2697cdebd2842adb3a0cac37473a0ec67759fe25276c85095b,0.0236451338314574,0.7921595519598079,1,61.275,4,585.83,0.1482845371243274,2,434.92,11.14,0.295,27.925,33.27479271995965,89.23268037591409,0.0,15,245.1,142.65171519406624,1,1,0
574263cc71dccb84077dd3ee59b216519905fbed9b282cb5aaa99a7c7eb27d01,0.083664012138485,0.6974551376499919,0,62.2,4,757.2,0.1829886497942005,1,358.36,8.08,0.135,113.04,67.8229583613975,251.3028926123469,0.0,5,248.8,266.3270899035554,5,2,0
96213e2481da22e51f62f31305c32bcd8b4ac1a02030e7e2f43e31431aabb4ae,0.0337039357916708,0.7960440600589872,1,123.92625,8,713.0,0.090978205523178,5,847.98,34.44,0.305,37.0375,22.97099618201572,83.30241334970455,158.0,1,1141.61,239.35302125183705,5,3,0
7579fb63c9da778066ff62d557872c807c9776fe843a028d96f3e17558de6138,0.0711099499221178,0.8509973699122185,2,128.1942857142857,7,987.21,0.0566018936348613,3,581.62,22.84,0.1928571428571428,29.295714285714286,21.56800733934722,73.76404973252723,83.0,3,897.31,172.89430596945843,10,3,0
7676f3dafd53e65c4364a7ee28877e1a0a221bcb69ed2ed6b0be9c274565e45e,0.0363202712731304,0.8860373207437267,5,117.31142857142858,7,825.38,0.0361488344680365,2,950.5,32.82,0.29,27.19714285714286,25.05109172803542,70.2048902787621,111.0,2,1023.18,149.46656932778822,7,2,0
da837d46bf945871593321e5de36a5bd6acda9fc68184cf157dd70c1eada0fed,0.0336496399488525,0.8230048690006955,0,89.5,2,700.0,0.0683422211917458,0,120.99,3.0,0.155,50.61,53.00906593200523,135.0297296190358,0.0,16,179.0,190.95610420322075,1,1,0
b76171b794e83a4d50e6ab99c012f5ba0509e53ad1b761896ae0556aee3adabd,0.0457150064832031,0.7914659271705574,0,175.95499999999998,10,453.7,0.1512322059107231,7,950.94,49.5,0.587,18.975,21.49625191407804,56.95205541217202,140.0,1,2139.54,192.05038526085823,7,3,0
0d4b5c26a981f8e80985fe8dbd94e7df804144322be6481a4130ad7368b07490,0.0,0.8855474489946966,0,203.8,5,452.0,0.0102425876010781,4,976.08,34.42,0.496,23.74,36.44856476521713,77.33473122303391,2.0,2,1019.0,140.86563977429526,5,3,0
6357545946ba9b436b0703dc36d0340caf9a703c5dff43d7e7371a7f999766e2,0.0502512562814068,0.6748123450909829,1,57.4,2,375.0,0.2011413652280524,0,413.37,6.52,0.16,36.38000000000001,36.97093369834806,100.38073865908864,0.0,8,114.8,108.4222468316198,1,1,0
b8645ccb7256d4606e8d35000c0f4ae333d5bce409ad69647f5bd340b6726639,0.0,0.8730087673862665,0,33.083333333333336,3,375.0,0.0326197757390417,0,314.52,5.46,0.0733333333333333,17.679999999999996,19.13723030281525,50.38285341523113,0.0,8,99.25,83.87579014685097,1,1,0
715252d8570f4ed040d099df479e772a9d0e03bc247897e294ba18f26c86b381,0.0,0.8525434718538167,2,39.66666666666666,3,521.32,0.0835897435897435,0,483.18,8.1,0.5,60.99000000000001,54.16731363377229,138.85163152708148,34.0,9,119.0,139.00897777548607,3,2,0
f989083269177ae3edc19fed8e96b2478308862ab31efa462b3944cfb7c6ca36,0.0825354902608122,0.9090909090909092,0,103.0,1,409.0,0.0,1,81.19,5.28,0.15,82.57,74.35483157076483,188.33030046291137,0.0,19,296.91,0.0,1,1,0
a9ffc8cdabd7f6db55ff56c3c7d5fa8b6ea31d7f88eda96721fcf030b734e547,0.0564559635958384,0.867550911493007,0,186.26076923076923,13,790.97,0.077921105463921,7,620.8,45.46,0.4192307692307692,29.38461538461538,27.548645857955822,81.57813039905403,75.0,8,2561.5,245.38619259963127,6,2,0
2872f576e33e6fc8228f13900eba87998c4df7c8469bf6e2b65fac5cbd5460d0,0.0445936844209885,0.8143464944739244,5,208.71,17,1288.68,0.0741583640803698,12,932.6,78.61,0.4352941176470588,41.29882352941176,62.76286104219001,134.62166418839524,131.0,5,3996.16,172.37540047454425,18,5,0
d24095f8af71964c7db784b0d3837e82fc600f72f06d875d614ea35625d7ac05,0.0255002199865238,0.7390678728410408,6,129.30428571428573,7,182.8,0.1580303362943447,3,817.62,30.82,0.2114285714285714,30.50571428571428,25.272384607753736,74.95657622419594,22.0,1,905.15,255.89237536016344,4,3,0
a3b8d851ccb31e5e25094ebc8fb313936342e187032e9bbd827a244326ef6f9f,0.0,0.8405797101449275,0,171.0,1,350.0,0.0,0,96.32,2.67,0.42,88.73,15.360096692960338,140.918746098982,0.0,19,171.0,0.0,2,2,0
0701a28c9f2225000cd5979f8f1e17fdae195825241c96ba8e34b38228bba4f9,0.0105569866137409,0.823124631077396,2,244.8075,4,715.91,0.0594527539006662,2,601.01,23.96,0.3625,38.49,56.428653582261326,128.21866610514832,135.0,8,1110.23,47.76643036577054,4,3,0
28fc6a9715244b1339cd0fe5fa020b43af9b9bd0807038985e8d58b4c9e4e83d,0.0289968152376529,0.8289460979940905,4,118.44666666666669,12,577.88,0.0629541816412908,4,512.23,28.85,0.2083333333333333,33.58166666666668,37.94614874286799,90.6023178723715,44.0,8,1421.37,184.5875189383816,9,2,0
30eb8cce2b1a3b03f1a4ce6e8c950f0790335fdc9e94cd36fd11bdbeefcbb760,0.1495508985823709,0.8542643589962202,0,29.0,2,350.0,0.0495495495495495,0,120.78,1.79,0.13,21.81,51.03603778189668,91.19511141387191,0.0,17,58.0,66.83055854927822,2,2,0
978835fab8356b3a406fd8e4cc2c253f46b2c9f7a743ed5ca9325c2c231d1f40,0.113409205379341,0.7029295801021225,0,271.76,3,452.6,0.1494653198074481,2,338.57,14.96,0.3433333333333333,54.93333333333334,53.32340764255744,137.8359370269377,0.0,10,815.28,127.7522043859284,5,2,0
f96d0e225713ac1077b983bef56a4ca9ad9a3e73a450892f37b1f3f76300ec0a,0.054054956566428,0.7830804709309382,0,222.5,2,600.0,0.0709430756159727,2,197.79,11.18,0.3349999999999999,52.315,51.40386327558575,135.8641857400474,0.0,20,620.6,74.25801031354024,1,1,0
e06b3edfa27a9eab32ae3b89d10cb6d1b01a58871b97df1d7f8cbdc211e30359,0.0435172009085595,0.7102080463123904,1,35.5125,4,377.0,0.1556993684518307,0,709.62,13.49,0.0375,39.0675,26.189516932333675,94.88359067176329,2.0,4,154.08,173.86457834657716,5,3,0
6a3e6ee641d71355cfcaa92a12f51a653555119207dd15ce5286ef0f14acf67f,0.0201060734533914,0.823573380274656,3,310.75,4,323.2,0.0172985671026753,5,572.75,31.83,0.2625,36.665,29.719332739865685,87.45982839865636,0.0,1,1468.0,155.5390316742799,8,4,0
603148ecf77afcd8aab95bee5ae3f9e12d3fcaaaa5caca8b458fb5d1215bb948,0.056143436558904,0.7740951680310035,2,105.345,14,1377.4,0.116937211719749,1,946.26,36.95,0.1864285714285714,36.71785714285715,40.39940334379411,113.3713076572466,102.0,4,1646.1,229.60110570306173,14,2,0
6e85a718ccdf71350cc5034b3a6a148afb5bcf6c385625c8a7bb50a229955434,0.0331742969281766,0.8917000823117871,2,145.20499999999998,10,1282.14,0.0293526133400181,4,731.34,34.33,0.2259999999999999,31.977,25.864964750265568,78.24636259985061,131.0,2,1471.84,196.9170541014994,12,4,0
7d87a88c9fa1b2443c88cda9a0ead4ebef1b3b283d913d6787d83d2d9f8ca5fc,0.0809451677478198,0.696347034365849,0,325.81333333333333,6,719.4,0.1644355634360146,9,824.6,47.49,0.2433333333333333,43.73999999999999,51.35166606727879,124.35739547756026,121.0,4,1954.83,95.44924791836613,10,3,0
a9f3eec59f20859296ea3868cedc698e6274e0e51e6dc8b725954fb53b3c13e3,0.0,0.819487273140034,1,116.60375,8,619.24,0.1033760849612314,4,443.56,21.14,0.29,31.01375,27.21369941404332,81.49953493352488,70.0,15,932.83,148.2048122569526,5,3,0
6b62a2bc342057af56d839992137b457286fead75fbd4ff6b17fd74d6269cd7b,0.0447124702993163,0.820983550753052,2,56.25090909090909,11,836.66,0.0736136858756305,1,799.32,26.54,0.1309090909090909,31.565454545454543,22.431176366494928,74.21139356169319,83.0,5,1022.9,183.9038777474406,4,2,0
7034e7ccbd882a5741219655c5d761efe30564fd64363a48a30f4c82b43a4b27,0.0638428430909688,0.8313494516937294,2,143.0,2,400.0,0.0385604113110539,1,318.79,9.45,0.33,32.07,49.63856784681684,105.03373314114992,0.0,10,342.0,39.19681328702128,4,3,0
00b106941d3dac30e3357bd981b677ca1863222711f13cc00590b44540e91ef3,0.0207464575423746,0.7263519164761033,0,97.33333333333331,3,475.0,0.1346553987003425,1,445.1,9.83,0.1466666666666666,27.76333333333333,34.36232787487024,76.78983403530047,0.0,9,300.0,139.20290074678442,3,2,0
102fa322f9de4a033c9837a5098d6bd55f90d6473d97eb0e8ca71e71278b9de8,0.0,0.8532110091743119,0,34.0,1,392.28,0.0795107033639143,0,70.91,1.05,0.11,139.71,51.88451857529488,246.4057302120462,0.0,16,34.0,0.0,1,1,0
b1db965ae10a6ba976fa38f2bc9a5e95895268d497b26150a935cbed6a36041a,0.0387891405578141,0.7727564334164665,2,250.4,6,869.72,0.0973234047409689,6,657.9,35.3,0.3533333333333333,57.04166666666666,41.17806688066462,129.94320709411343,70.0,5,1502.4,277.1789030372256,10,5,0
1c61543afc818d3d6e0a18949496b4afb8e7b64bd9fa5896447a116a5ec9d7ae,0.0,0.7800777582590421,0,160.16,8,454.94,0.0905085277675573,5,673.3,30.97,0.27,31.97375,29.862937348683023,81.97822545881513,0.0,3,1281.28,217.6425324109508,7,2,0
30a27244c2d833432c1c5c9ac0679de93184c7e48fc5d0a1fbbb9ce1ce12f279,0.0,0.6476868327402135,0,153.0,1,350.0,0.1352313167259786,0,111.49,2.64,0.24,139.11,42.767588971367424,214.7613486108638,0.0,20,153.0,0.0,1,1,0
1d0fa432f7ab4a1bdf6b931f4efd1648e244d04b26d500ee874570ea829dfb78,0.1659051367789386,0.616701715099311,6,303.09250000000003,12,2050.68,0.2241662748171968,9,875.74,69.08,0.3366666666666666,56.9575,86.53826760001105,174.8581436179502,535.0,1,3685.78,314.6216737616457,8,4,0
63d19c6ebf1ee39534f6276a54b8a342b6fa9d3124af36d394b0acc55dd22d5b,0.0,0.8276481149012568,0,89.65,1,375.0,0.0341113105924596,0,464.25,6.5,0.06,126.63,36.13336555861743,207.58511167783143,0.0,8,89.65,0.0,1,1,0
f49151302b43945ad670ef6c250d9d0622d9d157b22cb9e9c3772a8d88ede1a4,0.0262321974527377,0.8587210987464201,4,91.08636363636364,11,1024.96,0.0477360234449133,3,897.53,33.79,0.1790909090909091,32.041818181818186,37.10713958659879,96.06004690399014,117.0,2,1001.95,205.1490175485501,11,4,0
8ee2360d1e1a387100876140a43ae803136adb61bcdb6fb075bdd272ad426fb5,0.0420539131166155,0.7908101571946796,0,188.0,1,450.0,0.0701330108827085,0,585.11,10.84,0.21,40.56,34.79566251967752,88.85179300318245,0.0,6,188.0,0.0,1,1,0
4e38920833ac5085dc92ea26bf6273801ab3ca27e00a7753bc6ae4d1755fa123,0.0251281535832748,0.7284544780612382,1,31.945,4,1082.0,0.1749642670059118,0,491.25,7.89,0.1975,49.8875,37.87682318962531,120.5943032446279,204.0,4,127.78,84.5923329059115,2,2,0
321ca28924383c4fc64091546222b237e4803301353eec70b6637ed3098ccdc5,0.0,0.7508417508417509,1,54.0,1,470.0,0.239057239057239,0,187.92,3.12,1.0,44.15999999999998,25.37783949268521,99.08977829044204,70.0,7,74.0,0.0,1,1,0
d9f2f2abf45669442cd3dac115fccf3e87aa2ef0f2d74e8b0497120098092042,0.0193292741857543,0.8882027930189865,3,94.60799999999998,5,740.68,0.0160910518053375,1,322.41,11.51,0.234,47.69000000000001,35.54252514977549,107.56507747199989,0.0,9,493.0,61.13292857218968,2,2,0
4666a77c5164389b4fa381af12912469bab012975b19000e7a7cdeeb8bc29d42,0.053508842336196,0.7192341601817808,1,166.01,3,503.55,0.1334619661475353,1,349.26,11.21,0.1766666666666666,66.05666666666666,59.75439573338351,151.84159151767395,0.0,22,525.0,41.85184230538279,5,2,0
24d3cd9af60dbb9f063dcb3ea0c3c05237d43dc76794397aa86ffcfc7c23f558,0.0385319733242893,0.9115998661545914,6,71.798,5,680.12,0.0073170731707317,0,762.07,19.79,0.21,20.394000000000005,13.597222536882004,44.27550782189056,90.0,3,390.97,192.4625738314322,3,3,0
65af0d0fc3d9a532d45e7c11704a7742ce3a8d7795698f765e973b0d604d5335,0.0491952849237206,0.756579720616543,1,137.544,5,450.0,0.1266937557641477,2,299.9,13.63,0.344,30.208,16.567021461693024,57.66155631075007,0.0,12,687.72,301.8115732365371,5,3,0
21d4c45696ba80e4d1cbc68b870e319e6da8be6b423a311017c7ac1ba179bf70,0.0,0.7806354129388843,0,195.1,2,377.2,0.0813253012048192,1,140.21,6.8,0.285,40.355,44.802443688910415,81.33989644818871,0.0,20,390.2,39.58554842879551,4,3,0
bc7b2a4e28db426e915ce2a802570013bc939f87af740b59b71aa44ecd90d470,0.0,0.8515964879952432,0,270.8425,4,458.48,0.0341402582159624,4,508.24,23.37,0.6174999999999999,24.129999999999995,26.75991563140029,73.41342950524223,0.0,10,1083.37,183.6746890501284,4,3,0
46fbeceb82563d57a8ed58736709950d9f5f8d50d1a4ce864d6b6f7343032603,0.0303499347476404,0.9367501085475266,1,26.093333333333334,3,400.0,0.0,1,204.7,5.4,0.2466666666666666,42.20333333333335,44.96543818122808,127.73211236611348,0.0,14,135.0,107.63000127686408,3,2,0
1418842c997c8c8653ca45ae34e1fbe680a897766be7014d0161357cb9753552,0.0483935867347814,0.8570304461831231,1,213.25777777777776,9,210.89,0.0181938306657995,18,647.09,67.31,0.2788888888888889,30.62444444444445,18.49979782701422,65.20764638985831,24.0,1,2980.22,147.4668960953145,6,3,0
7631a9562f0c17524b131f8e7eaa054786f55d7f58e8d0841a98e4509395a53e,0.0255841495442795,0.7897826082716419,3,508.456,10,832.61,0.0574058975055789,18,948.51,96.39,0.438,38.294,28.09649250262337,84.9914783837771,103.0,2,5084.62,224.7105379905916,19,4,0
8fe5ceaa17ac482ec3d442454241f5bbe11efd9dc3247c658ff06b4e631cef97,0.0357554913743097,0.8687008831818634,5,135.376,5,350.0,0.0330194775223852,2,393.97,16.87,0.238,58.544,29.306499201934493,117.56842015278004,0.0,10,676.88,350.7215977948073,4,2,0
6d9f49265801b4474e4ce9143bc26cb13efc5f6dbeedd6fc46c0dac790a0af32,0.0156788962057071,0.7896245809050202,4,129.674,5,465.32,0.1160121841490618,1,673.85,20.66,0.372,66.546,42.73487879610741,160.78131514050304,36.0,1,648.37,306.70385260217006,8,4,0
d61482cdff2438074d01781d9b8a15b2602c63e610f23657ba95b2d585a66f10,0.0,0.8384879725085911,0,144.0,1,325.0,0.0,0,102.81,2.47,0.31,88.17,53.47147709600254,192.11570327043523,0.0,19,144.0,0.0,1,1,0
28cbadd6d12a6610c81cdf814e89e5b2ac58295c6078cd3c10087f04b355e916,0.0189422639793908,0.8176605107579913,0,54.77499999999999,4,456.0,0.0996025345622119,0,669.41,12.85,0.1275,40.13,32.636286143545334,88.84064076118275,0.0,6,229.1,140.42429325064833,4,3,0
adb7870d56acf38459b98ace5f2d087a884c94bd3041b6e81cc51938f1e4a0e3,0.0335042047776997,0.8058943271451269,0,131.78666666666666,6,561.48,0.0780129716331642,3,734.98,24.61,0.2566666666666666,36.02833333333333,38.62353613535909,106.03641229732015,0.0,6,790.72,282.89870880549364,5,3,0
c68c972477db7e2df849b44cc97f1e13fd72aa0e534f823a2bc82719791abae1,0.0325775345321866,0.6881571753593322,1,101.73333333333332,3,450.0,0.1693413770684266,0,508.54,10.59,0.2866666666666667,39.68666666666667,43.46930534141251,109.65442573374408,0.0,7,305.2,217.01445313442355,3,2,0
7fdbc9effcdf06b8b1f52fc23e577d00275e7dd6fab4f498d8e17ae1b91cab4f,0.0355293204374015,0.8587880851202522,3,213.036,5,319.0,0.0309100668903735,6,972.4,39.29,0.2299999999999999,26.596,18.23062255391896,54.16953506537445,90.0,1,1065.19,166.61744469995534,5,2,0
82b52c2ee64fdda4865651a572061c4c84318dd86ed351c6343351054958b324,0.0156289072268066,0.7955246595083023,0,120.75,4,722.8,0.1000882871222715,2,144.11,9.27,0.3875,58.5025,38.743015216755765,133.76275319288942,0.0,12,483.0,134.8012763064801,4,3,0
37561c9cbdc31fb12cadf87493a5b5b4251071ed36c38b6225e6b2af31416730,0.0,0.8712121212121212,1,41.0,1,350.0,0.053030303030303,0,124.7,1.66,0.12,27.260000000000005,58.05823488872392,107.52347930939244,0.0,16,41.0,0.0,1,1,0
4849bb382e7c850cc9d915729f181f67b296838e14b94b95fb20b29099960005,0.0,0.828080229226361,0,274.8,1,450.0,0.0,1,172.79,4.98,0.32,139.22,57.02735150202432,179.86592009658375,0.0,25,274.8,0.0,2,2,0
a202bd3e3ae3181bf6f1262bf0efd0490c6c7ff10391bb31db6b6512b6ece518,0.0297106938380023,0.8930169007574495,0,88.03399999999999,5,1663.8,0.0152317880794701,0,759.95,17.41,0.258,58.94,33.08988361997145,119.50789429902484,246.0,2,458.47,122.08921255222216,4,2,0
453ffe1419307571ddfac5bca27e4c9de941aa80442fb995f164c9a176906d1f,0.0347584289190129,0.8288634164374626,0,173.14,5,517.52,0.0495864426030045,3,750.58,25.75,0.326,19.878000000000004,26.864936017172987,65.65859019203721,21.0,3,865.7,196.02769633173097,8,4,0
981dfd9616d8d9a7b5a8eb954d50770e821fede17532881fb59d5d2c78601a4d,0.0087375328112698,0.7704762838809956,1,574.375,4,403.0,0.086461455351887,11,371.65,44.43,0.38,59.605,36.709051234443066,106.02919851829527,0.0,23,2314.5,227.6889822824268,8,3,0
f4cfbb4a9d96c3fc6b3ac08f61afe8caab45e8e1c8be670823f8f8cc69d89f48,0.1084837564115947,0.7861517489027796,0,114.88,2,480.0,0.1018951988296315,0,454.75,7.77,0.135,33.03,30.235451526143585,76.50166538155452,99.0,7,229.76,186.34101758119988,3,2,0
a9ae78b84ef756c42104a7a8671288da67a2da605eedd926e600a8826a766dc6,0.1003713740841115,0.6394557823129252,0,37.84,1,350.0,0.3265306122448979,0,333.45,4.21,1.0,132.81,81.48395209211688,263.74507146466146,0.0,10,47.85,0.0,1,1,0
ad607453db8843f4418b9b46736aa62925a4cb5f9fdc5ea0a72807a8383b588c,0.0553260012155031,0.7424963271478544,2,229.37461538461537,13,430.6,0.1027304705744337,13,1124.73,72.78,0.2969230769230769,26.14153846153846,32.36971155070244,82.56116240613167,0.0,1,2982.88,253.0822598985998,14,2,0
5bf8e452bdc28fe412e19b8ad3bce71d7ae49a48a16c30383e85f49e13eedfe1,0.0701028076553356,0.8188119804082457,2,181.27625,16,1213.0,0.0581605287546408,12,976.68,74.69,0.286875,38.5425,34.35019587790808,89.02750051765172,375.0,3,3681.13,217.12363691888245,14,6,0
cfe3b8ea16b3c9e6270de320c6d746682fffad974747d8c73b0225e02643910b,0.0596264820513569,0.6941417442272193,2,262.26,5,565.1,0.1575206710888683,3,981.88,36.99,0.384,50.524,40.10826832787058,126.08632255191874,44.0,2,1311.3,253.05228228417417,6,2,0
21b92a710d3fe22d8227d3ca9c5186e34dd9323a2ec0e86944e399edc5ac32ed,0.0267229588104146,0.8030974584450778,2,172.8975,8,973.2,0.0667220154150482,3,568.0,27.36,0.2725,33.091249999999995,35.5616069003852,95.0252113327714,181.0,11,1383.18,87.21708139450165,7,3,0
ea325e498195dacd79bd62d6357ea1b329270f54a35c4dcfea6ddc3e225561da,0.0447797098390117,0.8686360812663357,4,104.501,10,653.46,0.0499956911886496,3,883.61,32.87,0.372,45.922,21.42512404096744,99.42704325865496,98.0,2,1045.01,130.87919276712574,8,3,0
3d706715e6475e54624c6773fbf29f549b80b969b2b5e929107a6c9bd141abc4,0.1252029740901211,0.4680690317280696,2,119.44,3,398.7,0.4191569113857283,0,335.0,8.84,0.3066666666666666,115.85333333333334,96.311303383925,295.77053685251195,0.0,13,358.32,132.85428757913556,3,2,0
e3b882078ed817a2ae134656f6a42487518bf76ebdfab45b398267df85a1c5fc,0.1275363718228942,0.7707571928499285,4,126.57923076923076,13,1896.17,0.1296649975171098,3,961.16,40.81,0.5146153846153846,43.824615384615385,48.987358671419685,131.66010216601046,610.0,1,1645.54,212.44446992483688,14,4,0
0d8d5ce9dab3a773801da4ed90dc95eb56cae799521ac6964d7dc4c6017f5804,0.0,0.7295077112335185,3,155.3642857142857,7,608.69,0.156306675298657,6,947.13,38.88,0.2671428571428572,23.322857142857146,23.053970350547388,62.901285379722125,60.0,2,1087.55,225.82271902139792,6,3,0
67ed6c6e676127cb715e65a8b9d5e6443df4c6835dbcd23ef1c2d124f0819925,0.0236451338314574,0.804222761805699,1,102.5,4,430.0,0.0327973293973847,1,117.27,7.27,0.3975,54.59250000000001,36.98422390442354,124.890372714026,55.0,14,410.0,242.0712046244172,4,2,0
6879dcbcb74ea2baf9d7b4e75abfc9566190e23dc4aabb9a25471ae518bea7cb,0.0510777403207682,0.8153535420243914,2,340.0,2,446.0,0.0261194029850746,1,183.99,11.14,0.575,41.365000000000016,52.430055344069686,120.67241815329032,46.0,19,680.0,105.76506937401614,2,2,0
7cac07bd221670b303c39e6518a0a8c8cb099a2d4e82b58f715b146bb78ef2d9,0.0278009656625506,0.8377542056026964,6,148.81272727272727,11,585.97,0.0645974934662232,8,1019.86,51.43,0.3018181818181818,31.44727272727273,30.268540863378405,91.4504955033974,0.0,2,1710.98,203.68720649775568,13,2,0
a56e8ae8dc9186ffe8e01a486433177c5ba7f32a6500da156aacfb415e9bce10,0.0648494394417733,0.7244371822803196,0,74.43,3,961.0,0.1210602759622367,0,273.98,5.59,0.2299999999999999,37.36000000000001,53.87582974757428,130.29829229298852,21.0,16,270.61,136.34583711604404,3,3,0
631d73b73b34fe85ccf0628ed3d8995f3a919b276d374ba8b20febe14b709945,0.0,0.853195781777236,2,295.5285714285714,7,627.66,0.0221089404422737,7,598.19,40.97,0.2657142857142857,48.53142857142857,19.909869957503066,97.59682666110228,144.0,9,2068.7,206.14799193517868,10,3,0
1dc8c0a45cabd7d7ef23258ab23a557a45a1049bcfcef56aff1ee2fe89b379d2,0.0617750127499109,0.742761247654288,3,124.02833333333332,6,602.2,0.1419407343682211,1,456.13,16.42,0.2183333333333333,39.05500000000001,49.65498071207802,119.92519060117765,0.0,8,793.17,156.0219655783547,9,2,0
b6a12343dae429a66f2031e03753198e83393603640b45a119997cd50dac63d8,0.0147885241052943,0.867761748357854,1,94.9175,4,475.0,0.0364863641450457,3,433.36,14.19,0.345,44.2925,26.868680209113982,90.30102088266112,25.0,8,402.67,174.66860700848247,2,2,0
2cc9dd4ca74d9522f6336903aeb35bf075f0a396cbc51649342caee747d2e84c,0.1068501032393035,0.7709040634747203,3,109.1275,8,559.75,0.1535984968071297,3,662.75,25.63,0.32625,28.425,46.05053501742196,101.38180395393472,0.0,7,873.02,177.44211336976565,7,3,0
4692147554d512f13ae457c192574271515c1543bf81b3819321393636e17973,0.0243807294714257,0.8752538766352249,0,55.145,4,636.42,0.0319314641744548,0,776.02,15.75,0.19,28.2725,32.97480895283648,95.33282118310788,0.0,5,251.91,243.8855463802884,2,2,0
278ae5cd1c14b0341a6cf0752aaa06cc4a18daf756335e5462bf6fafff0cf6b9,0.0159949299567377,0.8404518053360203,5,152.39894736842106,19,2105.81,0.0313741053126321,9,832.3,62.02,0.2405263157894737,51.240526315789474,30.795306192492973,97.74930925839008,130.0,2,3088.37,258.3385141108823,15,3,0
070eca1d5a8fe68fdf45081b9aa9f94c36b6b22e0fff6ee7d6a1f919ab717364,0.0714596148691624,0.9157870880006704,3,77.00666666666665,6,364.2,0.0,3,901.42,32.71,0.2283333333333333,18.80666666666667,24.314575241259927,60.20131756289136,0.0,1,1034.56,88.82497338321541,2,2,0
a159acc15a7699859432b86ca2d52071367a9dae5fa79156333463e62a11d443,0.0549641996264668,0.8962106053639789,10,168.1525,16,577.6,0.0050971936367803,6,791.99,58.17,0.3475,24.098750000000003,19.48708196576577,58.875066048644726,253.0,1,3053.88,196.5381247433397,11,2,0
1c08ccb8916a118d0105af9e0ba8f9731bbd767f8c67f18647fac16d0f697c8c,0.0112026365131588,0.6774047330805385,6,178.11363636363637,11,323.9,0.2341132528627955,6,854.43,48.1,0.3954545454545454,43.05,30.546687415411498,93.66965971791296,73.0,1,2091.26,196.6127629688759,10,3,0
100be4ae1c383db1adb4cb90d0555845aa0270f14f56a3b1dcb113ea4c908d3b,0.1002506265664161,0.8471932439145554,0,9.0,2,395.0,0.1070044709388971,0,86.37,1.04,0.585,106.285,48.593810232418654,233.2053396043497,70.0,31,18.0,55.55275829463347,2,2,0
d5362d4b68f6a191887bd3d2f4fc9d61bb62fee248511b3cb0b7ced11274959c,0.0,0.8642138990166832,0,166.97,2,474.08,0.0,1,897.93,24.5,0.225,31.27,26.91037179785528,74.5654377097736,14.0,2,672.81,38.91141945834967,3,3,0
6b02c5ca6f408bd4fca835ba6da39b5d1986cd24f117b732dc42a613ff286930,0.0066916639590478,0.7627255569146527,8,130.87272727272727,11,588.8,0.1435502787722249,5,765.07,41.79,0.2509090909090909,48.48818181818182,38.16466264648605,117.47349579653178,60.0,4,1733.72,202.4161161557148,16,3,0
b93cc0eaea0d71cfe0ab12300d386e26746ae7dc573303aaa40821f18d47db91,0.0,0.8943811210442091,2,119.325,4,425.0,0.0011111111111111,2,519.43,16.39,0.355,8.554999999999998,13.718130532011106,37.85655167995988,0.0,2,557.3,234.59873091727243,4,2,0
9d3d1e9de0a98a7dc57f4261ffea14511cddb8bdc65529c64287f598ea016f07,0.0285109040269881,0.864779913141926,2,98.79375,8,420.2,0.029489287860296,1,424.45,15.79,0.2325,39.02625,18.73240464692127,85.30414965677417,0.0,12,825.35,105.08265494287816,7,2,0
f846a8fd418ec70b5cfb6dc8dc48929f389d6bfdac33b54c6748d3e7431e9f61,0.0646423533621149,0.8637623261372057,2,37.6525,4,824.75,0.0404004007924462,0,866.33,17.99,0.105,31.77499999999999,17.500414183470163,70.9256408465951,0.0,3,150.61,147.71260459211825,3,2,0
f2fc42a8c7f5314ec19c376a3f867d90fbbed9b5fc9a108a0fbe09741f3b4510,0.0670442094839026,0.6907327422611547,0,220.08,2,451.0,0.1952796459639587,1,181.51,7.72,0.315,27.01000000000001,31.77664564853951,83.87415269766626,51.0,14,440.16,194.5632107874867,3,2,0
f024d0399b3c132e4cd1f92658ff7b1963b7d0f315b4297add774b09df76d09a,0.0579240037071362,0.8178633975481612,0,136.0,1,402.0,0.0875656742556917,0,143.6,2.8,0.22,27.44,27.55355554158468,71.47657213395894,2.0,26,136.0,0.0,1,1,0
7f5f6753d6a8056c684369bbd1e101d02d69bf1d377cd4588de63146dd9520cf,0.0250953623770327,0.8753314442609098,0,149.70499999999998,4,350.0,0.0442344920013614,2,141.0,10.4,0.4725,26.7975,27.439791356909986,88.7686066308953,0.0,23,598.81,185.1375803451123,3,2,0
8e8c82698779c82fa2f846f0b497383446b6739f4f3a3a6230473e1696395023,0.0,0.827292249729858,0,213.90666666666667,3,402.0,0.0522903729377703,1,566.13,16.4,0.2933333333333333,24.00666666666667,21.256855865166145,51.75608802904609,2.0,6,641.72,337.9313775262856,3,2,0
b27fe7954ab89ddd0d610452f70027bd487f40974cb74ac1c18135f4b8ab749c,0.0134689204660246,0.8234935041727761,1,254.598,5,518.0,0.047374540721201,4,727.85,31.25,0.546,52.05999999999999,28.61166476539291,115.00262635545369,12.0,1,1273.0,146.87121520369382,5,2,0
9d3d5dfcb8570845ee6e84b3439e2f9b77a2fd52b998da4172220e19255d07c7,0.0,0.893297784679894,0,143.0,3,443.0,0.0099160945842868,1,134.38,7.13,0.33,16.47666666666667,26.319492145176383,51.60552669238223,18.0,18,429.0,276.26300788168817,4,2,0
b8138cf979222d0f8bb42f7f9365d8309170eae8149177525f9253403e6d6d52,0.0,0.6820090670484371,0,51.48,2,350.0,0.2201383917919351,0,110.72,2.14,0.09,32.545,63.92128387324391,114.72428858243678,0.0,20,102.96,7.7913074956053,1,1,0
52747c544f37e8613222ce2d084629ab8eb89ae892917ff631afad48b6f91437,0.0,0.7637362637362637,0,77.0,1,350.0,0.0659340659340659,0,67.9,1.45,0.17,80.06,18.76921253643048,119.00437167611756,0.0,20,77.0,0.0,1,1,0
a9376115e70f1ca2110916871f1280e454071654c100d622d54fec0d8e136744,0.0376073615806504,0.8275886187136475,7,115.0325,16,66.94,0.0582738160245847,5,890.65,45.54,0.168125,25.3025,22.79253479083787,64.52161271012214,0.0,1,1844.52,265.1866367858538,13,5,0
c0e5fdc78866f3d82d0844f91a609eddbeaffd1c7fd6dc31cafca1311c086c7c,0.1349800904366605,0.8211382113821138,0,29.66,1,395.0,0.0772357723577235,0,480.65,6.14,0.13,46.98,29.2364631320161,116.7197207803153,0.0,7,29.66,0.0,2,2,0
aa463d33b4b12cd8af58e45494818eabb49643db46ab3e709bcdf47b0c4d540a,0.0,0.8301886792452831,0,191.0,1,325.0,0.1116352201257861,0,79.1,2.7,0.67,41.8,28.12874160545475,89.8242198243479,0.0,9,191.0,0.0,2,2,0
3dfbef2afad8c2fc62508f4fc741f572ad4c3fa2a873cb75983f3301af153473,0.0,0.9012000524314894,2,163.2,5,73.0,0.0092783505154639,4,999.75,34.0,0.488,12.57,8.651110228337188,34.45791675303188,0.0,1,818.0,218.56339747716424,1,1,0
4ccc9088071a3e1b5bba236f12a3cc3ca5fccdd3e7f649e3eb870df4fec72da9,0.0271604822604448,0.8963457242982789,4,100.63266666666668,15,1075.8,0.0464700111308183,1,1067.49,38.61,0.5453333333333333,42.534666666666666,32.82709468851792,107.9660143514881,0.0,2,1509.51,120.53890973103005,4,3,0
f3032cd70c32d963868e4a106963ee7d19aac44f8d6d864955482786b2095450,0.0524631877505876,0.7691396775028295,0,141.99133333333333,15,705.88,0.1208676727142396,8,1016.68,62.48,0.2253333333333333,40.84066666666667,42.27039920990447,102.21406131537836,24.0,2,3073.55,178.4283155883373,10,3,0
576405756b3f8e8b84d5ea4cf1cb2941b157283465732b8c7ae0c69de4346528,0.0599153663426386,0.7394559073530218,4,131.31,4,745.0,0.1574140130426528,0,517.19,14.84,0.1375,27.6325,39.58807297861144,83.49055776222373,195.0,7,608.24,147.73256169499868,5,4,0
8c881f8e4b756c6c3b3c78a9233bd801e04a01d0f276121a225dd2e4b36bc6a6,0.0,0.8373983739837398,0,111.0,1,350.0,0.043360433604336,0,64.01,1.75,0.23,29.18,90.08659844130906,148.2639732247678,0.0,6,111.0,0.0,1,1,0
18b77716d9a9a115a3c9e0e7520513618d049467e76a930a01e78a7d9c0a5cb3,0.0,0.7769776965405152,2,159.33333333333334,3,41.23,0.1158506429277942,2,1073.73,30.16,0.3466666666666667,9.450000000000005,13.353633073071428,28.60513094642156,0.0,1,549.0,253.68915835704004,2,2,0
00498ef055013e166d916f568edfc56494abe0bba10dadc439761f4931df6253,0.009858146794449,0.813129055249404,5,126.8681818181818,11,1035.46,0.0947131903897071,3,675.78,31.68,0.4072727272727273,30.449090909090906,30.89461949111004,90.7923178900244,189.0,8,1395.55,253.93849479964555,7,3,0
e407c1699eeef8fffe2b071a63a1941bd9749318bd3064075bd84372abe171df,0.0,0.8091743119266055,0,366.0,1,456.0,0.0,1,399.95,9.85,0.64,25.46,26.272000949134537,92.8876956233101,20.0,9,366.0,0.0,2,2,0
8ac46f16bfdc05fa5adca402d1eed544145957ad8bc4c5ccf0423bc064dce222,0.0137480136066181,0.7860872211375238,4,155.8673333333333,15,822.99,0.0976512725229382,10,720.58,52.82,0.214,56.133333333333326,49.49118237343483,141.09172244019203,149.0,2,2397.99,323.70996937549245,10,3,0
0d09bff53ffaa5be6957ff3cb5ddf9edfdfb4d2a5a18c774ecd65f85eecb6a74,0.146434324205594,0.8140556368960469,0,114.2,1,450.0,0.0761346998535871,0,245.9,4.03,0.13,47.31,41.91204962500513,113.95565982136962,0.0,14,154.2,0.0,3,2,0
b936105d26e0c12d0806e3aad5bd99d54a249042064478dffc115c0740493a9a,0.0,0.8443804034582133,0,191.48,1,479.0,0.0561959654178674,1,211.79,5.53,0.33,29.78,17.36832684359622,70.47074866389347,29.0,17,191.48,0.0,1,1,0
c24a2bc066ab129949678c43924c52f1b5e3848c4fdc99b63e56e620dd36bb67,0.0606936862676293,0.9313944700100306,0,64.66333333333334,3,350.0,0.0,0,134.79,3.29,0.3233333333333333,54.03,32.64143551127262,141.13375469215612,0.0,15,194.0,116.77488869913412,1,1,0
c2bac5c176476c866dd58f36d6e1980d09c8fe394cf43f60d242f0475d1f81df,0.0456204379562043,0.7391304347826086,1,153.0,1,350.0,0.1178120617110799,0,273.2,4.9,0.17,43.4,38.574535579203975,90.54559105061291,0.0,14,153.0,0.0,1,1,0
7968512fd268d44e37eece2e08a0c68ca4878f0690bfffd9de0dc63ab26d9f8b,0.1771008589391657,0.8850574712643678,0,34.0,1,425.0,0.0373563218390804,0,82.48,1.16,0.1,71.94,61.04981188591253,147.4280366443773,0.0,20,74.0,0.0,2,2,0
70fbf41f5f9449109f46b1021a954b8b46ad2da2d6f9bb45d69f129815913e5d,0.0115947031442699,0.8493767821922615,4,113.21428571428572,7,516.0,0.0329426342151381,1,470.29,17.11,0.2785714285714286,35.501428571428576,13.66661190505153,70.24066312332963,41.0,10,792.48,251.8279545056244,1,1,0
d80fcf2cbda633a46a6a625e462c50bf4d1ea700141a29fcd4e37c5b8747c8a9,0.0372153628498566,0.7464174620872361,0,198.75,4,662.0,0.0995710008628626,3,158.51,14.19,0.35,52.1225,67.76243248986796,134.2997781514369,62.0,17,810.0,77.815405346229,4,2,0
4c7be93c9e7490cb0c7586502d166f054a55bcf931442cfc5a68c35697e65942,0.0426148470126992,0.8366877049469341,1,220.195,2,1515.0,0.0278551532033426,1,825.21,20.86,0.355,27.300000000000004,48.90022490695532,93.9394087335645,815.0,4,440.39,220.8489861527449,3,2,0
d5d984a36f4a5a9daeb6e3b415bf89628621393ce75181407e26529865a18ef7,0.0,0.8997555012224939,0,161.0,1,350.0,0.0,0,103.7,2.65,0.26,33.34,39.85083467786575,95.50196172850458,0.0,6,161.0,0.0,1,1,0
8c9576860832283d44cf487d861680b84e0c7ce310c556f9b91df691784cf3af,0.0196869821666885,0.7217338512823364,6,86.33846153846154,13,982.0,0.1828383322951129,3,783.75,32.15,0.1907692307692307,55.37846153846154,32.94844465925011,115.982821551906,232.0,4,1122.4,132.30335248810363,8,3,0
beed499884b65939aa031f90d49c7974470ebfbbd401b343f8a173fe68ca250c,0.0269140254472126,0.8725240916248692,7,133.87571428571428,14,105.17,0.0202926665017069,11,1030.6,58.34,0.2185714285714285,43.660714285714285,15.261940800187327,71.4593030765366,21.0,1,1874.26,188.57475253441493,12,3,0
ba44e5fb6dd2a5b22cea2c5744aa2e2f28ab91bcf4fff7f7c45cbf78b24d5944,0.0,0.7750865051903114,0,133.8,1,325.0,0.0,0,95.88,2.4,0.2,53.86,29.410520194887923,139.64239295208628,0.0,19,143.8,0.0,1,1,0
0228a7ed20573f29e4fcf1f848739de3fe954bc374348474f9cc7ffcf511aa2d,0.0323089692342852,0.8213347698392045,5,234.77142857142857,7,1124.2,0.1158100974894967,4,571.53,33.05,0.5257142857142857,53.05285714285714,33.779724608048475,115.62213129418396,134.0,3,1643.4,175.20969987396097,8,2,0
78ef11f0f16898b789c0d11ef0e4b07fa33785956018dc10f346132ee57e97dc,0.0626282710128146,0.6198443246545632,3,156.38625,8,971.4,0.2514307802114158,4,418.63,24.96,0.39125,61.73875,52.27435940437138,156.52979258688208,92.0,9,1251.09,408.43512850333485,8,2,0
1bb7c8dd83c4e0742e7feedf767894b756873b60436d146c84e3767dc2c27a9d,0.0,0.9040816326530612,0,72.55999999999999,1,606.3,0.0,0,307.67,4.76,0.17,55.34,32.31521310596542,149.29492829836113,66.0,11,139.29,0.0,1,1,0
9c8417be968c25d6598291d2bc5ce10551e1d1c8125247a38da98317dcf1f941,0.0098479476877018,0.8046476536727545,1,163.75,4,466.0,0.0824698943333514,1,364.08,12.72,0.2774999999999999,41.7325,41.98003847669577,117.50649668491268,16.0,10,655.0,208.9794856696622,4,4,0
58049e0358824b583535d0cd191dd9eca105d2fdf9751bc97857e5d721ae0a09,0.0256444176780202,0.7308605298408957,4,116.89076923076922,13,1387.58,0.136615490023048,5,1027.83,47.79,0.2746153846153846,42.53846153846154,48.94432714447589,126.54897490789038,390.0,1,1876.16,240.9019179633684,4,3,0
08c75eab8841b17b2f2eb2496876565baded6262cd50a7b1552abeb7166294d5,0.0881201112306796,0.8561783175264954,1,75.97999999999999,5,578.8,0.0528229825919523,1,634.06,16.22,0.2019999999999999,24.414,31.06055206955587,77.60954572871363,134.0,5,453.9,157.61890235537507,6,4,0
eb1a33334c8ae3e32c36417d4f95b80fe7e636910d6ffeedbafca7b671cdb280,0.0063068006231118,0.7608746110793341,0,386.6666666666667,3,47.09,0.1091861130189296,4,846.99,33.1,0.2733333333333334,64.78000000000002,26.75070100441821,104.08321136125956,0.0,1,1160.0,165.9430773200279,9,2,0
ddc27b6794b97afa440c509ea4cce47a6cbed9354d843d446b2af7aea4866e27,0.0501454217229966,0.8130748185804648,0,41.8,2,390.0,0.0410764872521246,1,116.4,3.63,0.26,44.33000000000001,53.95491299067321,151.06314475687074,0.0,19,96.95,80.32002243013889,3,2,0
678e0ed6148e57ae93bb50f25d2c81870d4593e2abedf47846808d831c1e00d4,0.0278302567725789,0.7783335294830592,2,184.3990909090909,11,1053.28,0.1038223964028216,6,895.99,47.29,0.3145454545454545,31.463636363636365,22.15338850250537,68.44910066445685,12.0,3,2106.39,201.21691733672736,8,2,0
53b63fb22d2f56cd59c58b55faa9eb48dcde27c3e95ea99e47acc3c94a40a57e,0.0956485972497214,0.7337867457570041,4,91.54083333333334,12,1368.24,0.1565995300079796,3,864.91,36.93,0.325,32.94166666666667,41.60726237741306,94.37084309968948,149.0,1,1498.11,185.4952220362337,8,4,0
7b892bace442567148687dc4a1b4623d7c01fdcf5c60e88ed0f02c6c69f80ba7,0.0907935355002723,0.6730769230769231,0,90.24,1,350.0,0.2005494505494505,0,244.38,3.37,0.33,48.96,47.76117595132806,151.13046306836998,0.0,14,90.24,0.0,1,1,0
fec9ba6d94e67c0ef7e6491e9cb0ffe7b4e42b59a2f2ca33699fb336c3ec908b,0.0,0.8703703703703703,0,71.4,1,375.0,0.0,0,468.37,6.38,0.15,82.03,35.871426554004785,171.9206409465783,0.0,6,71.4,0.0,1,1,0
244ffd698e882b1e5ebeeb1f59e81d4d01f68a5d9951a5ca454c55866d40f031,0.0983923383101068,0.7183161665920287,0,204.5,2,350.0,0.1186499575419869,1,104.59,6.64,0.285,58.205,76.64589637894034,169.53734561205704,0.0,19,409.0,198.3870600860807,4,2,0
b5d7e69070d051a924c6d4364284e521b6be3e4d83d401fba86f9c4e90b445dd,0.0154760430853039,0.7865256439051336,0,272.4,2,400.0,0.0710116731517509,2,493.67,14.62,0.3199999999999999,91.35,30.03639646643705,144.8324745124208,0.0,5,544.8,342.12119911861413,4,2,0
60422deb542f6b2d828314507d9ca6811a73e1f3fa03ea4cd12da0e46e0ea29d,0.0531641191297143,0.7950668227122323,1,232.38666666666668,6,895.86,0.0744410314726433,4,604.4,30.87,0.3,30.563333333333333,31.94489902430889,80.55165305743155,57.0,7,1493.03,284.14079719261633,5,2,0
dcfff581ff9d7946f01b68233ac409058f05765d78d89149855603efeb7822ae,0.0605679634511893,0.7759345150071425,1,111.83,7,933.0,0.1009923601696956,1,528.76,16.88,0.2585714285714285,36.432857142857145,50.48348761436463,121.12971579669488,170.0,7,782.79,164.40871487240878,6,2,0
f0f332e6d4747f00ddf45aca6cda1838e3183f837e0d517102ffa00232eb688c,0.0,0.8416561210716225,1,39.0,3,900.0,0.0491735182726311,1,843.93,19.1,0.1733333333333333,28.49,46.32945657743681,102.41390277716891,242.0,1,117.0,93.90820964638895,7,3,0
e0cb520c29e00cc8607eed9d4efb7dcf868a6f692a960f11d1b5c0f5ddeb534b,0.0957483278058233,0.8181898889465905,2,224.73222222222225,9,959.0,0.0872193460159597,5,868.14,47.83,0.3244444444444444,34.77777777777778,25.836408014240508,80.27462694501145,70.0,2,2379.58,178.9475039229574,5,2,0
3f555674e8de0e043d4ac45021c53bfdf90206335cbcae526fe00436cf5ca7bc,0.0061432608428553,0.8326514265372394,6,336.2233333333333,12,217.25,0.0273083727765792,16,1015.7,86.07,0.375,30.405,34.596784805994496,85.323765447117,0.0,1,4034.57,224.5286701205104,13,5,0
fcececb662547ec58fded9a5b7ff8acad757aeb30a7f36fabb6bafae935363d5,0.0228840020875412,0.755787148063454,0,436.1641666666667,12,125.93,0.0975719508192601,30,1022.59,122.84,0.315,39.92916666666666,33.8351046733605,98.98715050921594,0.0,1,5895.0,243.26161047523524,23,4,0
289384a79a9856e7c58b79617a4dca03a4221ddb4c80958249176aee051b24a4,0.0264235698242832,0.811656539433502,1,73.18333333333334,3,700.0,0.1003831417624521,0,182.02,4.52,0.1999999999999999,22.00333333333333,36.410674111084425,85.56208145354508,0.0,10,219.55,369.05943014195066,3,2,0
d22a219fd5f0f4220c26df1ada64568f9d2af92bccb3454d1b20319aed6e9cc9,0.0604762396101287,0.7830639328492112,5,189.7125,8,115.0,0.1095000756118382,5,709.42,36.85,0.35125,34.39000000000001,21.539044646606328,74.33244726232998,70.0,1,1528.7,299.6300888605124,11,5,0
ff45b9e9744a594d76cffb1f8f12ea144a9c2605b80ecf6dd4f3ed2df789c9b2,0.0191646121600674,0.8784138123323505,10,219.19071428571428,14,17.71,0.0394236922096738,17,929.62,77.76,0.4328571428571429,26.67142857142857,24.219131226264413,74.5304815046336,0.0,1,3068.67,245.96609995753923,14,2,0
13755bbff6ece938f4c39dd07d69dcc948c394e2171e14bae9d69131210dcdf8,0.0879729639370388,0.7412299608141958,3,114.67714285714284,7,573.0,0.1100203707357577,3,609.22,29.54,0.21,27.960000000000004,31.954500138531053,74.39445964112522,33.0,10,1348.55,201.57776586658568,6,2,0
b6d0f235b70f8bd105f75d4ad5c088a8433d7e0fa7247d85ecd215d84abecee9,0.0,0.9173789173789174,0,87.0,1,325.0,0.0,0,83.9,1.71,0.26,44.88,89.51208704899095,176.45500293254332,0.0,16,87.0,0.0,1,1,0
92cbb3b05eadfb5a3dba6b6a066ccac1f83907e8c29cd7b8a955a12e258bc1af,0.0137769511607081,0.8379877925004093,1,116.97,5,838.44,0.0654544129168069,2,456.42,14.84,0.2239999999999999,28.846000000000004,28.585460041861488,77.11851291843858,4.0,7,584.8,234.307049277292,3,3,0
0e82eaa83b6e31377a6a89ff707f35eb84a543edab560b77c820f96b872541c0,0.0301522689582389,0.8205010588430445,1,76.13333333333334,3,400.0,0.0776501076621124,0,585.33,11.45,0.1,29.326666666666668,47.76773297708824,103.77610711596758,0.0,4,248.4,47.85206463294959,4,3,0
526d27fad15413be86f14135627d7727e1909efe4a7de429a69c95e926e4687a,0.1168633867009465,0.6813996316758748,0,158.0,1,375.0,0.2504604051565378,0,90.6,2.73,0.44,34.33,98.51041381293,176.49825094290384,0.0,16,182.0,0.0,1,1,0
6991bd208020167a98d378d815bf192bbde29946b6fde80cb61f5543bc517a19,0.0111738085926588,0.9256776669790931,1,153.286,5,375.0,0.0451433775163799,1,333.28,14.0,0.7,31.544,18.242381723935104,69.96496537404873,0.0,15,776.43,274.36496256284664,3,2,0
a6957936d50c7c4fb8f0b959b255718dd523871ea4f5828d12a31a4c3215922f,0.0322817213645887,0.7596610262914161,0,88.66222222222223,9,1051.12,0.1457807492361069,6,749.86,31.95,0.2722222222222222,38.86333333333334,52.69545417634505,124.40572753148048,109.0,3,887.96,183.0278716133164,8,4,0
d12028ab8f07221d11e1af070e972cc5b580ee07d63432c9ac3ca2e5bed3bf00,0.0,0.7367550549368731,0,62.4,2,360.5,0.1215578033759851,0,128.41,2.53,0.15,41.62,49.68627194288611,131.6668900319389,0.0,27,124.8,14.951554006350149,3,2,0
888be473b6b60c7c69b360941c7bbf9c56282fda51ba1bd54b25c1d2f41357a1,0.0294950448324681,0.8301282051282051,1,83.5,2,300.0,0.1093674407353652,0,118.6,3.36,0.36,51.8,55.48244150675588,140.69087483756726,0.0,19,167.0,55.379846942618514,2,2,0
167ef9a639d92fba57a8c4e32b7e20c0ca238b5fba355a046df6cc3033a8f3f8,0.1045478306325144,0.8502772643253235,0,29.0,1,350.0,0.066543438077634,0,209.92,2.39,0.05,27.27000000000001,62.64801160737455,104.6894162603665,0.0,12,29.0,0.0,2,2,0
3e4eb9899811def77a344699cc60e74a044a6ac05f7a19a2510dbb80f02ff98c,0.0682630984977054,0.7133762012820932,0,65.075,4,512.0,0.1824828106463795,0,131.68,3.92,0.1825,66.37500000000001,73.02250775793098,180.4614804607792,112.0,20,260.3,203.02526838752297,3,2,0
33f3850ba248a9c02ba36db097b96553566129e17a8b6f7468dc134d41906d0c,0.0646986701030161,0.839212519305112,0,47.333333333333336,3,725.0,0.0668556409297149,0,127.71,2.9,0.1766666666666666,84.47333333333334,46.796162146206285,154.11919043095017,0.0,3,162.0,339.64582658328925,1,1,0
c53122f978b86b119c2e20aa345f80cfb04cec16ad450516e7874c9d0ddf6d06,0.0631018513914572,0.8081420427857562,2,59.97857142857144,7,628.86,0.1002714983512747,2,427.76,13.28,0.2028571428571428,37.04285714285714,32.403307054205605,88.09850119887605,91.0,7,419.86,120.07866952445322,5,3,0
8d36a6d53a2fbade13858959cdf63642c689c4d3ba90323fc51b912ccefb5ff8,0.0569216757741348,0.8875432525951558,0,63.6,1,394.44,0.0224913494809688,1,364.11,12.51,0.09,8.67,10.027106923577367,28.80326198171872,0.0,14,683.71,0.0,2,2,0
183cbd4cfade710a0fc4a70720b183ba14d772fcb362e67c414afacfab459023,0.1160704317228061,0.7211245019146885,6,237.8,8,204.3,0.1288969913424742,5,709.88,42.14,0.27375,35.878750000000004,29.981517146287988,87.47388733681073,0.0,1,2006.38,233.9274175060181,11,3,0
c21b3263c2014f4cbd3525fcdd846fc744a8b440d062f7dc6167806d324e8e4c,0.0297472045421208,0.7193839262310379,1,163.70000000000002,6,528.95,0.1614929277423007,3,678.91,27.16,0.3583333333333333,39.545,47.02049253199058,114.5739997744912,0.0,3,1186.2,159.9926046117191,8,3,0
ab1d9f86ee6c6d93a5e48f0ef21c2eb62531047624048e6411965beb57cd9436,0.1109440615708896,0.9106389061226476,1,64.2,2,375.0,0.0,0,288.11,5.43,0.18,25.3,20.77436489528976,68.12376615233515,0.0,14,184.35,42.96096079856561,2,2,0
ee18eacdfd03d6b21c5f0fb58996cd2c38b482bdbc7f0fb6b2eee98e8ee47876,0.129813881551763,0.8346088329256727,0,269.0,2,375.0,0.0428464907901961,2,203.98,12.02,0.365,69.78999999999999,45.87087732856881,147.6057299532955,0.0,15,698.0,168.42626267107582,1,1,0
9e26e30f5093b17c1dd031eb3c74eca3bb8b200e28b790302dc19c67ab68970b,0.0885112409275978,0.9043715846994536,0,126.0,1,350.0,0.0,0,91.3,2.17,0.21,52.39999999999998,44.49905754008522,129.93715445314334,0.0,16,126.0,0.0,1,1,0
0ad45cca43e54d0e0a5b21293c1a1bcde160e1d66a8370abe5a69149eb58f0ed,0.0,0.6375946081828435,0,21.42,2,325.0,0.2547524900466076,0,214.3,2.57,0.04,66.4,25.33182182119473,122.16198738234084,0.0,20,42.84,0.0,1,1,0
86a9048c24f73acdce5af92971977a3c20b1dec73b2615cd4b24c9aff96eb0b7,0.0673128702207862,0.8130331125827814,0,49.425,2,400.0,0.128,0,741.45,13.35,0.52,11.219999999999992,35.477921978610404,52.49422470810347,0.0,2,98.85,135.2075706832431,2,2,0
80f2278d0addc80c1d603d521d96f5f5e8394b993d4acd27e12a4413392b0826,0.0,0.934065934065934,1,44.0,1,675.0,0.0,0,210.93,3.05,0.23,6.129999999999996,1.0654061728665851,10.227809434264254,0.0,13,44.0,0.0,1,1,0
ead1ffa0a85b86e8458999bac5206380d688fcdf0747e13d39d178bd16fd2383,0.0,0.848852879145138,0,388.0,3,635.16,0.0260720814502614,5,585.09,31.06,0.4333333333333333,35.02666666666667,23.34014793850596,79.79501032935953,163.0,5,1510.0,71.44074265560967,3,3,0
cd79eb9378e5988683d692456aff6468d435ff26649239987715f92ad8b6fa16,0.0,0.7863406689773249,0,46.65,2,375.0,0.1479552066368786,0,62.68,1.56,0.11,41.45,79.9432242847901,155.9936330911748,0.0,20,93.31,328.4377497306889,4,2,0
7dc31469abf4cac43e769e977a346a102b74119b87e5d118ba8f755545bf9461,0.030601020501695,0.7985546653016251,5,97.39222222222222,9,176.53,0.1273435741740065,2,1125.52,36.73,0.2188888888888888,25.01555555555556,23.062857424044385,67.52011042455956,0.0,1,926.53,124.51918071589378,6,3,0
49f4e4e261560ea033d97b72edd07f1d1b5c9f7c0a2aa3a4f304014bc67233cb,0.1116776151781058,0.7667639636789774,0,39.14,2,375.0,0.0618507042051001,0,94.59,1.93,0.55,49.775,52.6003886876058,119.50641332457374,0.0,18,98.0,53.93179240458715,3,3,0
a99bf3488ee27a6fa65f82f5517701e589f7669af5fe8ff9c32d876075ed46dc,0.0502563071665496,0.8706437120901791,3,65.42999999999999,4,393.72,0.0747102462976695,0,816.87,21.74,0.225,25.9775,26.66491460746088,64.7964071327283,0.0,2,598.96,41.978713451516434,4,4,0
56366683d55e7e0a5e47ba5b11eea4ee5f2d38395db0b565afb3aa8f9e5f3de7,0.0515583970239387,0.8306135367579303,3,154.68555555555557,9,726.39,0.0402417739282567,6,1121.77,51.78,0.3255555555555555,26.65,27.570438194252656,76.87094494245714,114.0,1,1990.65,143.2177266820476,6,3,0
4bf45e6ddac43b68f1ed98fcfe413d845edffcfdbc5a67d6c5532a77165ac4a8,0.0,0.8946188340807175,1,162.0,1,359.0,0.0515695067264574,0,156.48,3.68,0.67,65.59,17.074363008571506,114.78749821459824,0.0,12,162.0,0.0,2,2,0
80e0ea96d69dbd4f015d16d660d233f953c27a82f16395b3be7fe3e2511e3316,0.0244128704653092,0.7885186626457482,0,102.83333333333331,3,345.0,0.1396247982081798,1,144.58,5.53,0.1933333333333333,65.5,35.75433344986369,111.46230278382932,0.0,9,308.5,110.52830725881856,1,1,0
9a9fd54f1ac1dcccd4e6b678e3fb1463bb7a7e0c5d1bf64cde394fb2555e825c,0.0454559943803586,0.788896772350825,0,226.66666666666663,3,434.4,0.079202781624775,2,657.82,20.93,0.29,37.00000000000001,19.580466339575057,68.48132509293079,0.0,3,765.89,91.0867669242612,2,2,0
661eb01e635b890c7845f2dee8a17346b3a2ee5d4f03d0a12e1a3161604b5ee1,0.0553865350824896,0.8212009840741823,1,222.5,4,589.4,0.0879636581046248,3,774.47,28.09,0.38,47.9975,39.14130386862446,110.05779065950182,39.0,2,890.0,106.4422136028878,8,5,0
ec3dc85587931c91217330e871aab139f54e0500fab6633594067660e1649e1e,0.0,0.8318264014466547,0,245.98,1,350.0,0.0325497287522604,0,71.1,3.67,1.0,37.99,54.16989521856865,115.76889302663577,0.0,28,246.0,0.0,1,1,0
20c73189059d49dc9d805cfeba9a6a24ade6208a68dc94823b3555055fc855bd,0.0376348702377199,0.8871552735912303,0,65.19999999999999,9,947.74,0.0228768178173322,2,1058.55,29.16,0.1744444444444444,36.40111111111111,42.22424934355112,98.6118755915372,176.0,3,586.8,117.76484375533184,10,2,0
1a5e90343ed12923a56aebf8529f0915e2f8e4c3e1b5ee9caaa12740714d8a85,0.0077207557075686,0.9072598245048784,2,176.61142857142858,7,1150.0,0.0062433902918245,6,786.25,35.85,0.3542857142857142,38.40428571428571,19.527685001216515,73.72603143718904,0.0,4,1236.28,171.9015331656876,6,4,0
314880525d611b64d9e4f473c6d7a5aac5ce86b933ec7418258aad37c8c0801f,0.0173166685857534,0.8713952739118239,1,159.21333333333334,6,444.68,0.0484318133986566,4,521.22,22.61,0.3333333333333333,47.035,37.171216552206126,128.6439520863836,0.0,5,975.28,233.70408188350905,5,2,0
e4418e39ddd195010326691241726bbdf192c0c5edc5ef6475882f6736f99404,0.0050336246124109,0.7819565194161876,0,272.7525,8,469.19,0.102878987484232,10,465.32,43.98,0.33125,45.22625,35.51724253297965,102.14467195174348,4.0,12,2336.02,94.09783989509587,11,2,0
76dca5751c131675f7dfc057845ac7e87e14aeaf553510234da1435e3103fd3d,0.0362157861631221,0.781429704985282,2,200.92,6,1133.4,0.0985505890614604,4,486.35,25.04,0.2783333333333333,30.495000000000008,39.43920921695853,95.58664237653625,90.0,7,1205.52,289.5502993675295,7,2,0
d84d89e481b6470610c3ea8d639800ad9dd38b2784d434b15090021d15928c7b,0.0206912997720861,0.7828502771759127,5,181.32666666666668,18,1641.96,0.1045785737036666,11,978.54,69.93,0.3016666666666666,31.51833333333333,33.029348740842366,92.85094423746796,516.0,4,3313.88,199.66256530800416,24,2,0
7f61e3d69562373bca32f69345d9c3be4fd9c58ae222b44cee791325fb775282,0.0,0.8873239436619719,0,51.3,1,350.0,0.0,0,239.9,2.91,0.12,170.29,45.18043084637635,325.57180014779726,0.0,16,51.3,0.0,1,1,0
597b8d2793d12201bf2e584cbfe6fbb3c93a90749120246710e2c4d020dd304a,0.0633834062242507,0.9292730844793712,0,25.27,1,375.0,0.0,0,465.83,5.88,0.03,46.88,40.99593915905445,115.5056737631332,0.0,6,25.27,0.0,1,1,0
7618b0fd7921f73d8840e2222cac0a54d0f37b4fb71b86952328f8d0be3cea6e,0.0,0.9350866440401564,1,39.71333333333333,6,939.0,0.0068627450980392,0,506.06,9.56,0.2216666666666666,13.598333333333333,18.356807973990986,45.10194382861457,141.0,4,258.29,338.17515019072806,4,3,0
c39e0ea16df4732ef93d93eb87d4dc0ce5ccd62d8d582e0a853588c42b3adf55,0.0219163671429823,0.8513677344722679,2,325.5,2,350.0,0.0246424218262383,2,165.38,12.16,0.27,46.75,47.04049821030519,114.25918824186203,0.0,17,651.0,485.1469790327547,6,3,0
538d75a603ef435150769ebe469f9664b7adae8ab5a67588660d076f2ceceaa1,0.0116041589305607,0.8921634599542362,3,126.03125,8,590.7,0.039233692158038,3,889.92,32.16,0.32875,27.706250000000004,18.37374325244496,66.82042025754306,112.0,3,1008.26,179.2993646913822,4,2,0
fd008fe2303a23f02e3283fdba020434f716e7b24681a3beadf5e6d808316d9d,0.074954746854222,0.8001668831523681,0,135.55666666666664,3,516.6,0.102395634975682,2,742.15,19.45,0.25,24.110000000000003,20.75202205197532,51.83830048410471,95.0,2,406.67,177.27406858849167,3,2,0
0034bfff5a450cbd1b81629a21d1824fa6dca3eba8da2ec0b531c84f938f2107,0.0,0.7569499066569334,0,180.9842857142857,7,722.1,0.077559971300194,5,328.47,24.83,0.2685714285714285,46.07142857142857,45.10511442690641,112.5963822787915,93.0,11,1266.9,113.0627298010988,14,2,0
c5d3dfa59dd57dabf5c769f1c18b57842371dfa6c79d537caf60a6eee9245dca,0.0,0.8577004444405754,5,128.6370588235294,17,193.41,0.0403122967459088,7,886.04,51.35,0.2629411764705882,39.57470588235294,39.3097991790924,111.95999748833664,100.0,1,2186.82,220.01806123543545,19,2,0
4732ab5a8d83bd3dd2c427d3211ca42420f6c30e4f294674ee576042337789a5,0.0285938713676158,0.8834723743067547,1,116.31,6,390.45,0.0237648454781693,2,395.08,15.09,0.2633333333333333,38.27166666666667,20.526448419801763,79.41481816519159,0.0,14,697.86,450.82078501348695,8,3,0
06c364e05358786b2cbc5beeee8c4d25f388412ec4d0124b379ecdfee0c572f2,0.0066940229069463,0.8641073416626762,4,110.79714285714284,7,614.02,0.0586704196536312,5,728.65,32.53,0.2785714285714286,19.95571428571429,22.80058833427123,57.87356671176273,0.0,4,1098.02,118.5595137210877,5,3,0
34c9619d60dfb7bb093116e659dd9a77c03821dd2d66e8afc921da0c0e4e4129,0.0124540755962388,0.822413800454273,2,62.720000000000006,5,478.0,0.0777999155808289,1,699.15,16.94,0.202,31.55,51.145298220289206,101.26926833273448,78.0,2,313.6,146.76862701174755,3,3,0
f91677316c592c7aeafb4158e6f29014ec48c24089a8031772cd4affe64ff095,0.0991571641051065,0.6561514195583596,0,34.0,1,350.0,0.1892744479495268,0,81.4,1.15,0.22,71.84,56.38010411871117,210.22653307441905,0.0,29,34.0,0.0,1,1,0
1209f593c445e0e628f5b8c14cff56e5ed2760f4fcf08123c4b4fb3517f8e4b8,0.0,0.9005229013338281,0,94.15,4,1282.0,0.0238526570048309,0,404.18,10.22,0.2925,59.25,44.655812010940224,144.15520095730542,210.0,3,582.43,63.38953669565914,4,3,0
00d4606c8dee0c4e07209bf47bbf25ce76220b3984f23ef8b5fc53e10b11061c,0.0490628986360515,0.901339420275294,0,75.04,2,824.0,0.0,0,597.77,10.96,0.08,55.24499999999999,42.28930895677911,168.0599240611271,24.0,3,219.0,142.15808938179757,1,1,0
05105cc75e4190b6be2e460f817eb9621c24a695a7e56199038047298a46665b,0.0245025972753112,0.739764555680563,1,61.0,3,447.0,0.1500417032979418,1,153.11,4.86,0.2733333333333334,44.97666666666667,39.90037255305712,119.01877394073227,47.0,21,183.0,193.02824035001265,3,3,0
aa78819a402e5f03b1c782f86005c58f1e1f6d32a87ac5eeb6aa6c2d27941499,0.0,0.808889674227334,0,183.1,2,442.0,0.0842623530167705,1,934.31,22.35,0.24,40.125,58.63878226734294,140.73410633279786,42.0,2,366.2,98.8549183776795,2,2,0
a099afa62625060149331f5d0e97b0c91810c0d71014ae154b29b0c261f21335,0.0276678727206681,0.8284966538202817,5,69.35428571428571,7,8.0,0.0453709293877141,1,809.13,22.91,0.2385714285714285,22.960000000000004,19.696355436895686,65.06572037997623,0.0,1,485.48,244.9697479616874,7,2,0
b4a81399df682e3f03a8e6c864de54169887bbbb9b70044eb236730418465847,0.0311067713040768,0.7806277679327224,2,218.7133333333333,6,560.0,0.0867078773927835,3,422.02,23.86,0.285,43.49000000000001,48.22730318537058,110.91413528171496,200.0,11,1336.28,60.28205821907772,12,2,0
c17ca967f6fe043e8091822cb096ad94af962a220659170d0add9d5b1bf110f7,0.05890029241761,0.8109025948687933,1,294.51,2,370.0,0.0287593893278704,2,134.19,11.23,0.38,68.88999999999999,56.88448541419875,179.96970677919566,0.0,28,589.03,203.7715737868368,3,3,0
32177bc999b300283bd330549be8085ad6dddfeb62ef2dbc13dab2b1c55f27ea,0.057927871946074,0.7872472512866452,1,167.18333333333334,12,1019.48,0.0948573395003274,5,711.69,40.08,0.2658333333333333,37.65,39.99952398495832,105.33663768913186,186.0,3,2046.2,183.7306256508133,11,2,0
e748f99a3ee33bcbfa8bf550aa2f4c7c85a6e8779edebdc463163acc3a717ae6,0.0,0.8139873093669474,2,63.7225,4,694.0,0.0609581843942493,1,377.97,9.42,0.2075,34.01250000000001,35.363048628438726,96.52826405776898,90.0,9,254.89,299.0387635236859,6,4,0
55e23fc101e7ecb08bbb0414b472f6c1d3db55b300ba24ee11c0fb3f0ecaabc9,0.0139594682166361,0.8768096590023137,5,238.0833333333333,6,583.18,0.0393217688316131,3,845.13,36.24,0.5633333333333334,50.30833333333333,31.525689629723217,113.7167549577245,0.0,2,1428.5,100.96845195892888,11,5,0
4cac7a7f5332192c80690235bbcf7933c8bc67466cad4378eccf0b1a373047ec,0.0522520639565261,0.9152637775758076,0,105.0,2,847.0,0.0188383045525902,0,577.32,11.16,0.15,21.535000000000004,33.073815131271175,76.75733413732569,6.0,5,290.0,148.95267039641496,3,3,0
70767b4990fe8b25bf0055e46f6327edf9f8604ddb41872b0727a564bc114ae3,0.1438360723047396,0.7485616887043454,2,141.8,5,759.0,0.140846268512371,2,284.8,14.13,0.27,45.564,41.93612103959843,113.2989857632966,9.0,9,709.0,173.90107193318212,7,3,0
68bfef53645ee47b9dde60e90ef503649426a8ab2823a487eb6b5bbdd2d1417a,0.0,0.7958333333333333,0,101.0,1,325.0,0.0791666666666666,0,67.89,1.69,0.55,30.03,61.23024771524008,124.82236764229354,0.0,19,101.0,0.0,1,1,0
7ff2bf0108823fab8ded1eb18bc6aebdc8c91ffe41f5647402e9aa777769d88a,0.1003310926055983,0.9140625,0,24.0,1,385.62,0.0,0,167.31,1.91,0.05,31.81,22.723414564119903,98.1137663682574,0.0,16,24.0,0.0,2,2,0
5313621b7974401baa60a2a41e74f95ed85c9aa946d549f68629d33353cbd305,0.0,0.860438876458485,1,129.765,4,350.0,0.0201335006542541,2,269.48,11.51,0.12,60.5825,25.588684960789564,116.16052340225986,0.0,12,519.05,409.7049929607896,2,2,0
ff5ec6dc1c791033beef66632697c251ffa4b12e273e9ec8a7cc959fb760d180,0.0,0.925416252729954,1,100.56,5,521.56,0.0024608501118568,1,879.92,23.42,0.19,9.544000000000002,6.720189294511608,24.07748555017441,6.0,3,559.8,98.12048959938572,5,3,0
d20a9ce2cd6158fad0daaf235d790efca86229d75770bfd3325db1d76da5fa09,0.0258758991874967,0.7902512032361886,1,111.65,2,498.0,0.0654859450202261,0,127.27,4.01,0.145,37.095,29.256165697338627,75.38389495951259,0.0,17,223.3,71.14188189035204,2,2,0
a51b5368d608922d1e56722db2e224e4adfbffe2cb8c17c148f7825d94da0d5f,0.0692041522491348,0.8186046511627907,0,297.0,1,350.0,0.0209302325581395,0,222.1,7.05,0.22,177.01,57.92799427980392,213.07712285948887,0.0,14,433.0,0.0,2,2,0
7816cd1e876ba8534906708abb2dd76dcefd37d212f571faff19158200291938,0.08215978489836,0.7295900466212155,1,170.17857142857142,7,707.0,0.1226622623965165,3,1057.81,37.19,0.31,31.38285714285714,31.1402038247863,91.9607112184938,224.0,3,1191.25,178.80863305025238,6,3,0
52ead4764cd3b960eb6c29c94174a481c43af1d992659165d108d1c5eb06fa5b,0.0,0.6436563168193188,0,259.3333333333333,3,1005.0,0.2022053035995924,1,303.04,13.66,0.3233333333333333,72.85333333333334,55.95463994502296,138.92927405388212,149.0,11,836.0,582.886979363491,3,3,0
58c7f03a193ba1587a471d4c8f2a2dc21ec1120442e5b736bdaa227eba4af00f,0.0589553118735998,0.7050535456283225,1,173.66666666666666,3,415.0,0.1219263385120131,1,130.54,8.52,0.3133333333333333,68.33,56.83640561877621,165.3671012541755,15.0,14,521.0,39.91297259987338,4,2,0
fe4ae77ea215fe8f0181a3964f633444935183216f96f526abace2db2d54204d,0.016512185993263,0.8714520967188645,2,181.98,4,459.45,0.0448175904994736,3,634.21,22.46,0.2325,19.0425,21.348931218947783,55.22076552605053,0.0,4,727.92,186.1389125480161,2,2,0
b1cf9f621d8d9dc239a6e483e5cfbf65088f995170297390bd1fe38404fdf2db,0.0351326828515837,0.728854116681393,1,65.97444444444444,9,521.0,0.1666427996755804,3,849.59,26.61,0.2822222222222222,38.782222222222224,38.66584385914916,96.58164619733732,21.0,3,653.76,184.3090848465996,7,3,0
3f77a900f462777842fd6b8d5e4a770ee97f7ea73b2e9fa748dcf82c607bb434,0.0140005150527246,0.809542903854009,4,198.89,10,881.8,0.0878817652673225,4,926.66,44.38,0.345,23.42300000000001,26.722692859067656,67.34425538677338,190.0,2,1988.9,152.96204277536364,6,3,0
187af0e1b59228f6271955798722f3bc9584e706731a64ae9a968e5b2846e756,0.1220911726234991,0.6175613353761743,2,167.67666666666665,3,484.99,0.3065063869640821,0,318.79,9.56,0.1333333333333333,58.303333333333335,67.51878817096566,156.40945350798657,0.0,17,503.03,154.64569357121633,6,3,0
3c9f75c3fc1f589cc6d004454a4f288ea9b3d9db434c31787051105385106b97,0.0,0.7776023324682552,1,120.98,3,412.0,0.1043631921354512,0,514.94,10.83,0.4233333333333333,59.32666666666666,51.01670145496593,154.20127869349895,0.0,16,362.94,154.59570778912587,3,2,0
90bde096231333c371251e6e1c1f20d79a3684e4f3ac16100815671104fb8757,0.0754678678434832,0.7838895948818452,2,211.7733333333333,9,555.82,0.0707806556496962,7,504.85,37.51,0.3411111111111111,34.596666666666664,29.56697197972386,80.43440134992015,8.0,5,1905.98,274.5144107892858,5,2,0
71899fa28a110fe8b9391cffd1701e9192a58be651ad98893f5953dca07c3f3d,0.0722770641226311,0.7245658843297855,0,187.52,4,1162.0,0.0778587449538464,1,512.27,16.14,0.285,87.9975,62.588453866927935,177.54070627444358,262.0,8,750.07,87.4637758951959,4,2,0
b1b37322bbf7e5c23c3db7817198794376ec7855e91ab820cc8ab5e428d3b76a,0.0,0.7849293563579278,0,231.0,1,375.0,0.06436420722135,1,128.6,5.1,0.22,85.08,46.22291399680712,153.66399587959373,0.0,19,231.0,0.0,2,2,0
191b5787870a99557e71f71faae439dd009a9bff16f05bb58330a715b76b52be,0.1180637544273908,0.6136363636363636,0,116.0,1,350.0,0.3140495867768595,0,62.51,1.79,0.16,160.92,102.17104912121796,243.9646621389996,0.0,31,116.0,0.0,1,1,0
125b5b2ace232e2780ebd14c1fe7bc75a774245709833dc2b4baa0470e734b54,0.0,0.6721715876483131,0,24.33333333333333,3,405.0,0.2481213171364142,0,406.35,5.51,0.1633333333333333,57.25666666666666,33.08666012673202,119.39405692890698,18.0,6,73.0,91.55548096144126,2,2,0
20f17d784881099a4c9f78869efadd029f26f040546111666ca2b6006b9b3b4a,0.0804026161077352,0.8037088951185867,0,58.21,2,350.0,0.1118342010412494,0,133.59,2.5,0.11,11.815000000000005,19.62574457063402,46.761286416242136,0.0,17,116.42,75.71953547667864,1,1,0
ab1b3e39a08c02bf9297810d453942cda7e437ccc7657db171ab8b8109bc222d,0.0376904478466794,0.8181828189549538,3,149.01615384615386,13,727.46,0.0897497070212986,5,590.82,38.51,0.4123076923076923,30.68153846153846,31.34215149343408,79.7091105933464,70.0,7,2041.21,141.62591899273076,8,3,0
18138cf03e73267d0827801b74e1dab77a4e79afb24ba0f2794f35eb69fe07b6,0.0623439100073688,0.7844448594436264,6,89.89875,8,966.0,0.0881416993801365,2,573.03,22.35,0.23625,37.43,52.98066258935665,114.5878026637552,57.0,3,719.19,245.9694252641896,4,3,0
c6e68278dcde549e28264e7d206449f07c29f888d7879a562aa039da3fa7acf5,0.059839248252932,0.792502524384683,0,293.825,4,900.0,0.0925150711278175,5,248.31,21.77,0.51,45.0025,55.76570212169751,132.98656736279418,0.0,10,1175.31,71.07082577914636,8,2,0
8bd53c5b6b144f11dce02f3d0d996a1a55987c7b2f230f2e09c58d8073b2cce5,0.0,0.7740863787375415,0,72.0,1,325.0,0.1362126245847176,0,70.7,1.43,0.21,170.07,53.188002100434126,291.4566416556572,0.0,18,72.0,0.0,2,2,0
42098e6afaa97d8aeb9725d7fecb801a7fc64b2f3d06b31aa904cea2cb535459,0.0496224161141702,0.8346057530320703,1,216.3333333333333,3,1021.0,0.0055154027988611,2,906.71,26.67,0.3566666666666666,64.19000000000001,52.498101381627215,161.91513477954013,223.0,5,667.3,122.10329088213255,5,2,0
49de0aa6f105c10cdd79bac78bf8324544aececa3c2c72f1a64deb850ca9c14d,0.0652452223072187,0.8428927718846602,1,73.306,5,464.62,0.0560696053336465,1,568.74,15.47,0.084,33.992,38.52848999606522,99.47897040752667,0.0,6,542.2,140.50252107585578,3,2,0
c1e408fb0866114f07a69236309e99f64d7fcacde52fe7e145f29ff1bdc72f59,0.0,0.8724774123482729,0,65.33,4,750.0,0.0476877937926096,0,363.49,6.78,0.2525,42.4125,27.03727203671483,103.23319535478286,0.0,11,261.33,93.3443292542022,3,3,0
4d7ac2c8b1d009da39fcf358f3021ed746ebadf2aaaebab82d0b65bfa09601a2,0.0909581928534049,0.8719833368250314,2,82.28428571428572,7,1034.2,0.0405147242393652,2,640.81,19.61,0.2514285714285714,16.205714285714286,12.112331179561124,41.10168293802904,148.0,2,576.0,90.71027070859472,5,4,0
9b195dd7d29cb58f3d794d943d2cc35dc3589656776f9a4ab13e634da4dd5e02,0.0,0.7281861414011322,0,217.3333333333333,3,364.25,0.1135880449473205,1,131.72,9.84,0.3999999999999999,39.15666666666666,34.21540210749928,93.20267144300588,0.0,22,652.0,204.13758360216647,2,2,0
5f2b23b5e725a01c4f0cf58b788934110a44837a02089803648d662c2c79ca3c,0.0,0.9016257040450588,0,104.0,2,460.12,0.0218253968253968,0,389.37,6.61,0.255,36.72,23.65806354884317,90.1717730171714,0.0,11,208.0,62.40963760415523,2,2,0
09620d394449929b070f3554e805c32f25a0e702330a9281c07e1ea2207ff469,0.0766262516554593,0.8958968399317611,2,124.63,5,741.0,0.0003960396039603,1,295.37,12.89,0.348,39.574,35.772539028353954,97.9748239877438,114.0,9,720.0,111.66311256563648,1,1,0
2c33414b7a30550f551051b516e3e7114c53987bf358a7adbaddf286439db731,0.0408391189656725,0.8300608099115846,2,105.44875,8,1309.0,0.0526190877497389,6,960.33,40.27,0.2775,21.525,34.12233265056699,79.97073858503356,473.0,4,843.61,106.81760012367695,4,4,0
63dc7d6f43c847c94cd76df89fb7a52486ca401d4c5eaf6cec3e93279205cca6,0.0,0.8093286244292237,0,166.95,2,400.0,0.0424122431506849,0,129.1,5.13,0.185,90.87,48.27973670544999,175.01534481030043,0.0,20,333.9,34.26432330335221,1,1,0
391f090db1c9413346ee15d6ba7e05bbec2504dc5d44988059319bc079dcf5f3,0.0,0.6984441086847448,6,79.22133333333333,15,1241.29,0.2043692218935022,3,955.16,37.72,0.202,43.61,66.19732819554137,144.63260906653065,161.0,3,1251.35,253.19572591768767,15,3,0
f5807a8a386574e4c7c7dd46d017a3d02375f6db5c0623b236fb4c9e59234ead,0.0,0.8749943177995502,1,120.975,4,859.99,0.0219588679125147,0,225.01,7.59,0.3825,48.5275,43.348750704022784,113.51810042245832,100.0,13,483.9,72.65576834182203,3,2,0
c48ecde170b50c6a263a98bb3b44a03bedeba57cd905f12be5dad717a286b9b9,0.0,0.930816891099246,3,101.40833333333336,6,592.0,0.0206023308044635,2,563.19,18.49,0.5216666666666666,24.683333333333337,46.43798556942949,80.2482584740915,42.0,4,608.45,88.62728924554878,3,2,0
748df03f43697ad402e011cc2155e0e6bb2ec3eb6a596937ae03c30945ee3693,0.0222617987533392,0.8720235353704924,1,73.55,4,487.0,0.0534973226238286,0,131.89,4.76,0.23,60.14,56.84615116517562,147.74558080637095,95.0,18,294.2,127.07517282929749,3,2,0
a759ceae12f5731f378e8e47b54e5adf05a4c3bf4040462b2472d5e5760a584a,0.0638814360546825,0.7473684210526316,0,95.2,1,390.0,0.0526315789473684,1,221.39,4.86,0.2,89.10000000000002,34.01012176834365,140.3912480930265,0.0,17,114.2,0.0,2,2,0
4e9ad11ed31e3c9625d844e7617518a932d67a1663546b5d93aff6d690b66e0d,0.119580152565378,0.8477124348078647,1,42.5,2,680.0,0.0587771028804505,0,910.84,18.35,0.12,18.870000000000005,43.48614409325173,91.3189278859324,130.0,2,125.0,12.731075758448164,1,1,0
8d335aa5db376298d7eb511e634bf5ca0dc3a71cb966eac27bec27f9396580c2,0.085235284710681,0.9057387470166376,2,45.53333333333333,3,487.6,0.017156862745098,0,461.63,7.93,0.3133333333333333,7.040000000000006,9.242249157205215,22.311726670842063,0.0,6,136.6,110.40506073606876,3,2,0
e6e1f57427ac1da32c3bea845f4bc1c0e40a457d52b0cdeb4c2e7b9e0011faf4,0.0611648049514978,0.6976042975345128,1,135.42666666666668,3,375.0,0.2104006376282134,0,222.52,6.79,0.24,68.81333333333333,28.34543221327972,108.3895142314612,0.0,14,406.3,324.8211633246074,4,2,0
db359d68a8c44971aaf89ade65227eeedcb0e3ce52690abaae9e828eb42451d6,0.0688085735783202,0.8498592726189301,3,183.128,5,400.0,0.0395783837180108,2,699.42,25.07,0.152,63.16,55.26715486090961,148.56073991405157,0.0,6,925.64,133.47784891430143,5,3,0
7b93bc31f15680b1b9e4b8b8ec945f00a454185e1c2b50ea680bed7554e44637,0.0,0.8967455775505311,1,63.336666666666666,3,189.0,0.0214424951267056,0,227.6,4.68,0.21,41.38666666666666,20.59259747183749,97.28477093624952,14.0,20,190.0,56.941855465243854,3,2,0
d63f856259e532a45fcfa85b29a0752a716263e75ce4ce798ff15d3674fa0222,0.0771804005377576,0.5936463774699069,1,46.5,2,350.0,0.0936265046559163,0,116.73,2.7,0.125,35.535000000000004,49.3776358556821,101.66634124898688,0.0,19,103.0,84.5264443372128,2,2,0
f2cf992ff01cf2afe66ac571a939c484880e0d91ec9b10a64f0e03132f5725d3,0.0537790231042107,0.864548747773864,1,95.3,4,681.0,0.0469934147085613,1,497.04,12.39,0.19,23.745,18.21857074697962,58.69412279753449,81.0,4,413.2,74.09178454226051,2,2,0
4eb4fde8419817a660e0d643d38bbbe5041485f92a96c09ea366a72808cd9596,0.0442575791104226,0.8913693897087331,0,119.20000000000002,2,457.6,0.0,0,639.4,12.2,0.21,33.099999999999994,36.08409976523942,105.74944866817069,0.0,5,238.4,78.12442434291383,2,2,0
8028f3ec345d3ded3373616e94a0fb9600bf783cc7b412c32ec81861ea4d8e20,0.0315232713881192,0.8608530396004382,0,123.945,6,641.28,0.0345732508306733,2,937.58,28.7,0.2783333333333333,46.08166666666667,21.74161494351631,84.43613234902847,175.0,4,743.65,215.8689602599245,5,3,0
99d560374083372fe138bc6ca7d706f0d707aa2002ae585fc6747feec0772652,0.0535568955047021,0.6316234052309326,2,154.95333333333335,6,484.37,0.2419724321671303,3,840.74,31.59,0.1783333333333333,43.76666666666666,30.89792463857007,96.9173037592942,0.0,3,1124.3,134.83138525778176,8,2,0
96fa40d083027798686707486cd56fc38c08057f60e118ac943ee26c05eccfb1,0.0292963028065858,0.9188181268986702,2,83.0,3,637.0,0.0232389251997095,1,672.98,16.64,0.37,27.95,37.751713749146646,85.86790446413734,262.0,7,249.0,86.55983821683249,4,2,0
b2f89d9a4f1595fabf78c9b3a2d775b980997ab3345f3a9b61268044dc581b1a,0.0738417089290874,0.8316193727330916,0,130.905,2,795.0,0.0802858971623639,1,264.83,6.87,0.645,56.38,44.714234509628064,140.4250991072734,0.0,10,261.81,19.04241582338207,2,2,0
19ef1d83c5b481afe1a79bcf9db2ee516bf5a2ca380f7ac9a1dd629444091108,0.0,0.8278525868178597,0,47.825,2,725.0,0.0529411764705882,0,562.19,9.32,0.1,60.065,25.17401210166937,101.60317378025998,0.0,9,143.65,68.8727927796879,1,1,0
b635a4728eb3920eef326c636063c39bcf4f0c0ba3a2f7b832bfeb3826846d8d,0.0,0.6898885350318471,0,20.94,2,350.0,0.1723843199700261,0,219.32,2.61,0.09,100.885,48.97148948292484,199.5346075719264,0.0,17,41.88,224.95458517410964,3,2,0
a593499ca900d9d05de56bd7d1a0a30ad2d33377191eba1ab941c5e92fd63332,0.0,0.8079577030403526,3,178.16666666666666,6,336.6,0.099964015854499,4,765.28,31.15,0.2516666666666666,32.943333333333335,27.33588315702725,82.49393373424641,0.0,3,1069.0,125.60192852413338,3,2,0
314e1d1aa9e69d9b577e3f7d744882b972179b9954d90c979697f7575f6b797c,0.0,0.7214208034073425,1,153.1775,4,490.0,0.1499797441375682,2,438.55,14.86,0.315,63.20499999999999,32.871050411903354,124.79773539493908,0.0,8,612.7,142.3991198929914,3,3,0
a7685a2327fa76a8a0cf8743c1e4aa09bd03911e8753259642796d22c5f37d5d,0.0036028246144977,0.9374183069841944,0,113.30375,8,606.43,0.0266305317207367,3,474.47,19.31,0.63875,30.97875,23.870480883919708,78.7519599044852,55.0,8,906.43,145.6085743574673,3,3,0
b062e2b8a244b446f54eb65f2d00850d76f7bd3e472729afaeddcc55723005db,0.067497188685136,0.7404708919957375,2,128.6233333333333,9,925.27,0.1308758001882665,4,1076.11,40.41,0.2488888888888889,40.40111111111112,52.38613492833584,114.72857068743753,2.0,3,1167.61,149.6471287115075,10,4,0
dffba7c189255b911a1e34273613254e3f2bb0b812f04bb2f05ef025efa8b070,0.0710389611812079,0.8015042274971623,0,77.53333333333333,3,375.0,0.0913587276599426,1,226.98,6.1,0.2466666666666666,46.45333333333334,30.3952951944996,97.59702766374544,0.0,25,232.59,126.65400573123677,5,2,0
345fb7a71673ef29794f4c6a30c1245a1b6578ec51e5cc1217b0019ed59f480f,0.0161519576172632,0.8496309173679808,0,129.75,4,442.75,0.0348173515981735,1,227.6,8.97,0.21,40.05500000000001,37.75008515927884,100.95934572302338,0.0,12,519.0,47.02964637193983,2,2,0
917c8f117798b460405a644e7423f0ef3e46289006412357bf19702b4a46fa28,0.0115262507160302,0.8588839441678864,1,140.32285714285717,14,57.75,0.0493645872567242,8,1082.58,53.04,0.2485714285714285,41.30857142857143,28.1792329945959,98.71060617232716,0.0,1,1964.51,178.8463011994783,13,3,0
d5594d9a48c3a1f82bc24b6db30bf9d6f8866c2e76af2606c4aa000096062426,0.0,0.8236912304341842,1,168.15,4,726.54,0.0753304042960558,2,620.99,19.58,0.315,34.27249999999999,27.20617236191997,79.38773385679677,162.0,5,672.6,199.2435145259128,5,3,0
4a2bb9dbe584a3fc740f0582a0911cabd9da1d744d6661c9d7a827e10e3ae250,0.0162071927521433,0.6938136134791599,0,149.11,3,375.0,0.1989818196405895,1,380.25,10.38,0.21,56.01,50.7285411968868,147.19356136811376,0.0,7,447.33,164.68639416084986,2,2,0
b385101172a73e9f9b129ebe92fbb43a8c0a992a3f177aa7fe7a4ecb67534ce8,0.0,0.9056603773584906,0,105.4,1,350.0,0.0,0,117.89,2.23,0.26,54.32999999999999,40.399253059769634,148.9333534020901,0.0,18,105.4,0.0,1,1,0
27c72e636b4beb9f2b9c81da43a4f1c5534763fdfc9e0d5a395b5f7494114709,0.0,0.6915887850467289,0,33.82,1,412.0,0.2741433021806853,0,850.47,15.43,1.0,53.64,67.05344647249942,135.39958015421504,12.0,3,33.83,0.0,1,1,0
1a2e8523cfe48c2db32c05bb9fedd37b2add22c197b21c32c700112afdb024ac,0.0558085058965686,0.8648699735539533,1,143.372,5,914.95,0.0301545353481351,3,584.11,21.0,0.258,22.565999999999995,23.358167762307065,66.00343696127653,392.0,5,756.86,217.4264449178148,3,3,0
0bef6c5491d81373ff68f09d5ed95be0069417e9214757c19319a14c4784368e,0.0184829342928282,0.7314362158891334,1,136.1788888888889,9,488.48,0.1999987787670153,6,771.05,34.86,0.4388888888888889,51.20444444444444,48.24021793395731,129.99659608294266,0.0,7,1225.61,101.28750507931632,5,3,0
ef8be2af3982b841adb5fca99c2b6ef768f70764d5e7a99fed073e5e3d1434a9,0.0093269233888794,0.8182813524009483,1,146.74142857142857,7,669.0,0.0656065585965984,3,489.93,21.35,0.2257142857142857,38.23428571428571,28.2985140411572,99.95849462152908,244.0,5,1027.19,198.43413426879184,4,2,0
44ff6af9c7ec64a742eef84c90845669ee5d91a9c85de4a80436b45467a36a94,0.0,0.8489920278814689,3,206.37,4,409.0,0.0366436771313836,1,273.0,15.33,0.4525,37.925,43.54110294852149,103.43607826402751,34.0,10,946.2,348.7005925835363,5,2,0
e9fe69213e49ef90df508b790aa770fbea14c4a8dfb91f30d562806d54dd7b03,0.0237588773050672,0.8348127180268724,1,323.33166666666665,6,221.88,0.0477887901333849,8,561.36,39.76,0.2083333333333333,33.92,27.7856580834168,76.93092751625956,0.0,1,1940.0,307.9661440010155,7,2,0
0e14e24d82843bd4f78c0632e662076d445ce84070a475fae2edb11819255d6f,0.0,0.7543624161073825,1,413.0,1,350.0,0.1369127516778523,1,81.39,6.94,0.3,43.040000000000006,43.383949323628414,119.74436523333868,0.0,16,413.0,0.0,4,2,0
04ff379a63b1074ae7a01e8d7fddc29e08ca1858f6474ad6678863c684679f3a,0.0,0.8242597451274363,0,67.4,2,350.0,0.0689655172413793,0,235.49,3.7,0.12,44.43,52.03499507217144,128.06753950092394,0.0,19,134.8,15.454587592538454,3,2,0
0ccf1aa623ce467e814bc2a020ef56c6a25b952e0385f5b2cd8c7da1fd2ef5cb,0.0759873573705954,0.7128655088618965,1,213.1683333333333,6,430.0,0.1399406370352164,3,290.69,20.91,0.4483333333333333,33.10666666666666,39.37128303179585,94.86032086297632,0.0,14,1279.0,247.53237942747344,12,2,0
2e6330440f53d2dc481084d3859c967ebe8a988ae172c8760dbf076f7c8dcbe6,0.1207620587949434,0.5661862104577805,0,252.0,2,375.0,0.2273186502323701,2,391.44,12.6,0.49,36.28999999999999,28.371223621493943,79.05534668588622,0.0,8,504.0,17.948250749065327,4,3,0
cc2568304b63821044ef5de7d1ac479c0d39416f2fdb7d2fcbc3f93c5c5b090a,0.0134428477328637,0.8329052092749775,0,158.11285714285714,7,464.05,0.0291454096723947,3,436.39,20.77,0.3442857142857142,28.57571428571429,25.532363692144365,70.84676481599556,0.0,13,1106.8,116.05836471471125,3,3,0
f53e67d5c18b58edb1b910fb2d443402a78e9ec2395b066716c5281168092d56,0.0163153429485087,0.8641782831988262,0,156.5,2,398.0,0.0319148936170212,0,145.3,5.08,0.22,52.18000000000002,62.62490198095677,132.7270664719448,0.0,9,313.0,10.20984896545698,4,3,0
75bc7b992cd9f3c81141edd0d182f5ec8f0379b54b9525ff6e6ebaec78769b74,0.0581968974877976,0.7560584232590736,4,95.84545454545454,11,1162.0,0.0847562233263719,3,956.65,34.79,0.2509090909090909,37.62,45.58772438159513,117.58660213541432,210.0,1,1054.3,250.19880623736444,8,3,0
8e31dd452175c75a6cd964ac04189ff5cbb4580554f28626db7b7eff86f8660b,0.0557200100590231,0.8090752548343669,0,42.2,3,700.0,0.1066697986402014,0,219.36,3.46,0.0999999999999999,48.15999999999999,43.307868829278846,124.14479144609216,0.0,7,126.6,44.88657365419011,2,2,0
0261a21120a177d84827ec419c1dc62185dced5affa965d5ef33bf06636c0ebd,0.0334470533146029,0.7107510849904358,1,30.0,3,870.0,0.2231687469223499,0,281.88,4.4,0.1366666666666667,52.26,60.56611737002245,158.69145004601754,70.0,7,90.0,11.33701788959724,4,2,0
cad64d01c505caaf5aa5034a4c349532704f40b812c7607b06ea669503be06cb,0.1414529785870895,0.9138802353755624,0,55.855,2,652.94,0.0,0,276.28,4.04,0.11,35.379999999999995,57.9405718356239,146.07194110620782,70.0,13,111.71,140.8324844179034,2,2,0
3fbee3f730666df16b2f323a8aa563747b5247fdde7121cfa8e568ab7926ae0c,0.0572646855557649,0.8073476654465697,3,118.81428571428572,7,965.47,0.0753099224715057,1,825.24,26.78,0.3828571428571429,27.44857142857143,27.72664200177007,79.36919026466036,60.0,4,831.7,94.84689257780674,6,2,0
a46719aad0ad8b4639f7d30db00abd759202cc0b398a17108108eb825732e347,0.0631253811969685,0.8336249038437679,0,53.03333333333334,3,880.0,0.0339912280701754,0,334.32,5.55,0.7000000000000001,106.39666666666666,46.72952033705128,218.20079123847685,110.0,6,180.4,109.43812603434031,2,2,0
5137af3ccf315ccda03728b97065a9fb921ac81b28d5d2b247da71fa652fddaa,0.0,0.7789686830778364,0,173.0,2,350.0,0.064538144308038,2,164.12,8.47,0.18,33.32000000000001,13.479494490610398,50.693036940552,0.0,20,483.0,472.5739823345427,2,2,0
1e33d54c246e29d0ab2ba58a41e9fa8637ff53be9761638bfcc66fabb1e5d628,0.0,0.8237774327712384,0,131.1577777777778,9,916.0,0.079330515007623,3,724.3,30.93,0.2366666666666666,50.68555555555556,34.80153370508,99.5138670192728,70.0,3,1349.34,177.29116385964608,7,2,0
bb7d94a20d92066c92c37a7e67bf056030f86c6167d36ca1d0855bea5d476cb5,0.0,0.7320388349514563,0,181.01,1,350.0,0.1184466019417475,0,95.09,2.76,0.21,54.77000000000001,40.1295357479101,111.38883243255638,0.0,17,181.01,0.0,1,1,0
1ca85bdf19912442d0e536824da2afbf9f640ac9e92676bb786c7381e50aeea2,0.0312061907743555,0.8624348539376523,2,113.24375,8,826.98,0.0407984827768566,3,991.46,33.37,0.21625,27.70625,22.098221823226,75.23129523539143,0.0,2,925.95,172.17700608316534,6,4,0
f35f58de938dcbbeadb8226993099dd6d08845d26222b44bc2392669284054d9,0.0506457027813293,0.7687527961021723,8,179.89800000000002,15,685.8,0.092637179433179,11,762.45,60.51,0.3033333333333333,25.72533333333333,39.43805718254634,76.87191300309671,186.0,1,2712.48,335.0453405456365,19,3,0
c7cefca18314b26a799ff7e963b0ed61942a836e04c5553a8fc06771a5096116,0.1003009027081241,0.7936507936507936,1,11.0,1,459.0,0.1523809523809524,0,242.02,2.64,0.07,13.590000000000003,24.024087263368727,52.76432276307134,0.0,26,21.0,0.0,1,1,0
740969809fd6f80a7cb967ddcb8f0fe0c2d6d23857a0e2f63f3be4b6e5753f30,0.0,0.7814569536423841,0,200.0,1,375.0,0.0364238410596026,1,296.68,7.03,0.59,35.59,9.142070293506942,57.59092516425141,0.0,13,232.0,0.0,1,1,0
86f0c12a222affb75d4cc648803752be82c9b3ac945d66a90bb7db6ad924b898,0.0,0.9188961582646962,0,72.45,2,1051.25,0.0,0,666.79,12.15,0.27,148.805,44.02629020387073,261.5186022152911,0.0,6,164.9,0.0,1,1,0
8c5a83af252d41541760a258e97a52390eff2b212aaca7dc09221d4d1f8263d8,0.0943824351880958,0.936418580339052,1,77.98,7,793.8,0.016387983810651,4,692.31,26.11,0.4114285714285714,34.77285714285714,37.91895691301689,102.21069086826468,127.0,5,747.16,185.30658686111823,6,2,0
3b868daa4fd6d591731a895be4f28b1b7c04abbe9d671750c3adcf4b496047e7,0.0089660274085713,0.8366900508033717,9,118.465,12,322.1,0.1001178801713227,2,1097.96,43.99,0.4825,31.9575,23.2030469688501,77.2610709949293,148.0,1,1421.56,262.51525099705486,8,3,0
fef9ac52bcbbecbc873a9a9b1a4b13922596d242bfed029648b6566730424486,0.0244397194320209,0.8195356344275861,0,45.833333333333336,3,419.3,0.0681189521647426,0,183.82,3.21,0.12,34.653333333333336,22.70341707116654,75.35446458585143,5.0,18,137.5,15.542725139587272,2,2,0
6fe1e222a3e7f30d53977a215be1467097e9ae2978bc74364b59ea90a5802d84,0.0,0.6363636363636364,0,33.599999999999994,1,445.0,0.109090909090909,0,139.5,3.53,0.25,69.93,83.4876856325614,226.1646711912605,70.0,28,113.6,0.0,1,1,0
6361b9914dfbc7cbe05c63bb7000ff9bd4273c9e5b39494ffb2e8ee9c436c8b3,0.0,0.8459715639810427,0,406.0,1,350.0,0.0876777251184834,2,102.92,7.59,0.23,125.45,44.04368238286746,129.86888142998282,0.0,30,406.0,0.0,3,2,0
f9be570dab2a39034601363ff3e02935a3d227318faeaf2d13dcd0d194c2d9d6,0.0583907509050559,0.7739832007073386,0,323.8,2,367.2,0.0,2,1034.97,29.5,0.5,27.130000000000003,50.430400278304624,106.75732497179482,75.0,1,680.17,13.295423553627392,4,2,0
82436867ad3bc0cf5b7d9d5b43353d85a089f052e03ba1b69b2a7ba97cf10ba9,0.0129013216827672,0.8027003735877597,0,198.0883333333333,6,646.84,0.0761075570221824,3,505.81,23.36,0.2733333333333334,34.30166666666667,25.68955681358791,74.7754988432791,0.0,10,1188.53,220.25070757310544,7,3,0
2a80d714e517f862b47eb9f51a5915a2060409e802d48cb2222b80d215b78814,0.0,0.7135549872122762,0,28.5,1,400.0,0.1943734015345268,0,165.72,1.94,0.17,43.23,25.93430527445224,78.80829370120529,0.0,16,28.5,0.0,2,2,0
5ffa3dd43ed3b9ec96130e1c697b66aaad12b9609c6ff2e20779f64d1a48d60e,0.0389926955968837,0.8239096795782822,2,52.6425,8,587.5,0.0394995912059475,3,414.69,14.61,0.1875,27.58999999999999,42.314185933273066,73.72607858716572,109.0,9,421.14,163.61393769396088,1,1,0
7f2ee273f0bec56b45d260d84026c87e53b259a30c4bfeafafdef261d7a1dad9,0.0674603234583779,0.8128723128723129,0,161.53333333333333,3,478.04,0.0893487722756015,2,861.02,25.25,0.2566666666666666,44.74000000000001,23.460809883631345,82.53509416540805,0.0,3,689.6,58.14507045753529,3,3,0
0655c187d6bdf200f731fecc959d4238f5dc8f5b011d9d2f9bfb000afa15ef53,0.0429892804203701,0.7254689241638012,0,117.66666666666669,3,516.0,0.1836547215749482,1,262.11,7.75,0.2566666666666666,47.67333333333334,47.83257602536751,131.07606172017694,91.0,22,353.0,163.10266264655797,7,4,0
c65f9b199947a332bd0426b7e3e110fa826c6cc010897761f081edb347654dcc,0.054389788688802,0.7989668106944176,2,92.305,4,514.0,0.104089836030405,0,171.02,6.98,0.2375,36.8575,57.03548142734908,131.65332884710654,14.0,12,427.22,168.76777929020315,4,2,0
25b4526cc8bdb0eccfae6ea8b62716c164e42942d1ee76a23a9478f45750a1cb,0.0,0.8564296362690438,0,198.798,5,569.4,0.0493370105597215,4,525.85,22.91,0.21,37.952,30.8102750738762,92.68124873410842,80.0,1,994.0,117.53760230896,3,2,0
02e98c66d26e40c549137a4d3dff5ce6b21d34fa377654dc631edd63d9da232e,0.0143546164446486,0.8984382667085791,2,107.6,7,460.96,0.0129625357737584,1,684.12,20.96,0.2571428571428572,41.88857142857143,25.753089885989425,96.77262217846994,51.0,5,753.2,61.42791218090223,4,4,0
0486e90066eb8e9d52d8d0b8128bbe06e810ac85bb670d1dbfc9b1a430aebc7f,0.0076363858513042,0.8036411006315877,6,128.875,8,681.62,0.0785398118800882,5,925.66,40.8,0.27125,48.79875,36.48342714248382,119.72790033792865,0.0,2,1333.0,257.564718958831,4,3,0
700a68d1f5a12bf044587848aecdb75dd3d7edaea67cde8056f5ea4bf06af103,0.0144466917075989,0.7834791369805492,1,80.345,4,542.5,0.1280039422463159,2,510.51,14.31,0.2675,71.08500000000001,40.919416869048064,150.71336365587354,70.0,3,321.38,113.91588107650016,1,1,0
317003672f9911f8169aa1a830bc6fe508e10f3aac97ebd7199e56cca34994c5,0.0121194492922241,0.837910275059818,1,250.4375,4,572.0,0.031039039700457,3,262.49,19.37,0.44,16.432500000000005,27.57123686026604,63.91477252181234,97.0,12,1164.95,214.9961396282124,6,4,0
bc3bf2c5567850dfcf7c9ae16f3934a303023a71b722ed7f5f22c315dee72d41,0.0325499641950394,0.8579054909635087,0,110.5,2,350.0,0.029095199723725,0,96.91,3.18,0.2299999999999999,42.65499999999999,64.20387361580897,149.3264003576365,0.0,20,221.0,90.6199317261639,3,2,0
046a085609874d34a38be6f9632685149304393ed435c001e5b0de89eb8d60d9,0.0458792609950135,0.8619458853808905,10,101.556,15,435.03,0.0424360310509697,6,943.3,50.02,0.2193333333333333,21.447333333333336,22.312791505909903,65.04753246594319,139.0,1,1760.94,256.6279457877894,23,3,0
8ca8284f1baea25d1e77c9b82dbb7a8b7c73781321a7dc68a538d00695d9a239,0.0228294052959623,0.8283338933298693,1,253.0,4,470.76,0.0521950012154856,3,672.66,25.77,0.26,36.0625,26.68475618552376,89.96384193131067,0.0,5,1012.0,107.04283944107068,4,3,0
eacbac2c0c5869e117d637b735a368721dd8ab654cfb06ce8d97e2228e526f00,0.0357656646140863,0.7902740702855842,4,133.46533333333332,15,752.86,0.1078315368771661,9,1095.51,65.61,0.198,44.74933333333333,37.97894280153591,121.4682978431082,148.0,1,2889.18,144.09890916354075,16,4,0
51ce71c5712b7c6311587b4efe4dd80ed53b898ea365a865711ece6c85e8d2f9,0.0229082280113972,0.8639261232339811,3,77.55,8,677.0,0.0465908549538797,2,610.24,20.29,0.2025,34.7325,43.25233096603486,113.29694896344596,123.0,5,620.4,192.3168623641349,5,3,0
2ad2e1f2c0bc5bde73fcbb40abbf01cd2bc03a6d5821c748ac232bc5eb944d62,0.0436201383229462,0.861593178685719,5,136.02916666666667,12,1507.52,0.0474536729429643,3,1046.22,43.59,0.2908333333333333,30.91333333333333,35.05177236950524,85.42881575109253,233.0,1,1660.37,118.4397830643267,8,3,0
fd56e53a3af0c098a8876d7a06a5a9aacdfca547c691e4a1368d0182a56f6e17,0.0200440970134295,0.830052793900653,0,78.39,5,438.12,0.0703846506305113,1,484.33,12.19,0.146,38.26399999999999,34.66370570190782,95.87361695828444,0.0,8,474.95,86.96989037412942,6,2,0
2320a45be2408c09693cdf3bc3798b23dc2c87f0f6ec6752b1637534a0278409,0.0145522279460985,0.875861867179772,0,194.66666666666663,3,515.0,0.0502964375163545,1,146.41,8.8,0.4533333333333333,46.0,82.41630520357958,139.47117204593243,140.0,18,584.0,108.82251890741917,4,2,0
71f6ba27a7edf33e5a3bd88bc6c41810a56f85d757069b058c4a225ab2acc8ae,0.0,0.6494464944649446,0,28.56,1,375.0,0.2583025830258302,0,140.07,1.84,0.15,70.78,69.00746709707282,173.36930936350407,0.0,18,43.56,0.0,1,1,0
0b1a650efa60d8c99c2aa791fa52c42b6bc43f581a19b1ac9b680938a9b21d31,0.022831903629264,0.715367781560624,1,177.72833333333332,6,521.52,0.1544429429821984,3,600.55,24.51,0.315,37.67333333333334,33.34726446486803,91.196326092072,0.0,5,1066.37,199.2454543983387,9,2,0
b0cd8a001a8aa879a56869314a603624901da4fef7b20710c527f158b7ac4e6c,0.0306655657062386,0.8211538008640835,0,84.13,7,990.65,0.0814855997664018,1,943.0,24.79,0.1628571428571428,48.14857142857142,31.15750228968336,107.61644822479629,77.0,3,588.91,176.14485003040772,5,2,0
a25dcc57ac8dbc23b82772795345ef944a51a24018bfacab1bf784a5f8d9c346,0.0,0.8212638794333107,1,243.3,3,473.0,0.0294973915369505,1,308.41,12.68,0.2566666666666666,50.796666666666674,34.48412754034617,91.878305713847,48.0,13,729.9,145.40755537746816,6,3,0
c60082a5a24e32fec1f3cacb24f66310e90804327e1bacec7b025ca9c900bf0f,0.096655712352601,0.5492537313432836,1,32.0,1,375.0,0.3761194029850746,0,611.7,9.94,0.16,123.44,81.48714443114696,348.6481195074245,0.0,3,32.0,0.0,1,1,0
8938455382a57229b8b618be5dd3627c9654d861a8c81ce7ba6465a6b322f2a5,0.0515799398523016,0.825594811966414,0,116.69,4,442.84,0.0629300148796276,1,414.07,11.55,0.3075,48.9275,36.88210931480842,132.5267438683018,0.0,9,466.76,227.00169898937327,5,3,0
fe96736ccb160ac47ec78293c14cf7cd747dfb493955efe8d613cc916989673d,0.0,0.8331264069361161,1,113.0975,4,530.0,0.05743051572839,1,389.38,11.56,0.26,22.9325,26.03352891558564,64.64711024070729,130.0,15,452.39,81.25794619072356,5,3,0
63f8ac82984ee96ad8102cec0dd52f96eb7bd74eea46c78bdc134f97163fce9f,0.0448888586284016,0.8261982748776161,1,264.56,5,638.21,0.0334177226917253,2,320.2,20.27,0.308,47.45400000000001,39.90090516949165,120.56173364534057,142.0,14,1322.8,203.4088545858557,9,2,0
bf0c7dd62863968d1c9f872800b4a3644c06a2c6664dfd7db8a3e04e005a9421,0.0222808169078663,0.705514675886376,0,335.4972727272728,11,850.74,0.1444800043781848,12,654.47,66.62,0.4472727272727272,70.88727272727273,90.9303432138275,191.0951673428159,186.0,3,3742.55,242.9546780447511,17,3,0
adc3f3e045f49123c5053a153673a6685b149244176b3235175536bdd2b31b50,0.0669202067012917,0.7638017601507326,3,143.42111111111112,9,811.76,0.1276894839653297,4,940.19,41.06,0.2422222222222222,39.92666666666667,26.34078661004125,87.7600101988877,99.0,1,1622.58,115.15141553479208,8,3,0
db4a4ce4b62cfa00d505a82de0b8012336a5054e8529df27a726601ab44fce97,0.0209669979452342,0.810590728247708,0,65.15666666666667,3,479.0,0.0797829095312229,1,398.72,8.37,0.1633333333333333,75.34333333333333,48.03618606749342,148.1438475558787,0.0,13,220.47,118.14057955406447,4,2,0
a817f7303651f2bc766215c03f9eb19800e9abc35e995864f34ce6e301f0efdf,0.0455973056041006,0.8575676502298497,2,122.06199999999998,10,878.16,0.0454934308450391,4,543.23,27.62,0.284,31.823,19.764293535326303,67.2885723797087,180.0,11,1220.62,282.5306431521976,8,5,0
2618e753b417b9471c72703476553228e28ecfd72488abb5ac0060325ebdba0b,0.0289653574325105,0.8081229377775019,0,135.51666666666665,3,1181.07,0.0492802024340836,1,794.67,19.26,0.2033333333333333,43.06666666666667,26.4050021890541,89.64006549844504,305.0,4,406.54,101.04345246355612,1,1,0
d9f32c4d79ca0e4fdbfecd786a71cfec7e27883c7011f851cbedfe7119fbb133,0.1330180477367967,0.710386591949088,6,283.31916666666666,12,198.5,0.1670486459839753,14,924.04,74.93,0.3416666666666666,53.06916666666666,64.26058640275522,148.11304018379582,65.0,1,3399.82,235.19756281111088,20,4,0
b23527778fc7ffa173f550f3838144b845385857527d21aae505e64ca85ea035,0.095029934429345,0.8007584313420049,0,91.475,2,350.0,0.1376810888698496,1,321.54,6.89,0.165,35.33,36.90886329856163,102.75939402260286,0.0,11,182.95,0.0,2,2,0
28077efc5a37aa283dd4516df8e1c82f367ed87d923219b0dbb476b74c3877e7,0.0230351122833332,0.862659153287894,4,107.742,5,375.0,0.039653871329543,1,439.63,16.02,0.158,40.644000000000005,33.443100396292564,102.94715260283115,0.0,16,726.47,270.2757903407916,7,3,0
80170cd3863bc2f77c05330ea1c5350bc4b67215d449a75fb83b3fb7c1c6c87c,0.0,0.9118773946360154,0,79.0,1,412.0,0.0,0,141.81,2.21,0.38,100.94,57.41634260612803,197.5806330076711,62.0,19,79.0,0.0,2,2,0
bc0dbd0fbaebe381d748645bb1314823c81aae98f4001bca548cf9920551d54c,0.1005126143330986,0.7660256410256411,0,11.0,1,300.0,0.1923076923076923,1,787.55,15.13,0.57,64.21000000000001,43.09637033581095,157.72791696592932,0.0,2,11.0,0.0,2,2,0
1d482f09dcf22e8ae471f45a6c1e929c696f73efe45e12a2247a2f7699058ec1,0.0530930761795293,0.8043138870658149,2,201.342,10,86.94,0.0608096239853168,9,800.79,49.51,0.363,44.871,33.13476973609046,110.4845019522243,0.0,1,2116.39,240.93962480353483,15,5,0
13e7d7e1039e159ee1c0182073e72948ef5ff4a78f96468ea5a00a064b8fccf4,0.0222036256504332,0.8692137337117087,3,194.515,10,512.93,0.0346881250424705,6,684.31,41.09,0.315,21.905,14.846616995958136,46.59992590129519,0.0,3,1965.18,174.010756510803,17,4,0
529f8b653ceec5bad05d87ee0fed77185514731554b0ab5fa91a35bc3e95bfc8,0.0,0.8912850402442409,0,125.85,2,468.0,0.0222222222222222,0,134.59,3.86,0.175,98.66,57.90961837303187,194.0071276591005,68.0,30,251.7,65.02023736389036,3,2,0
a230cc46577e4a726083b4c352b422605fa8af83f54eea0566cb50c9cbaa06bf,0.0988142292490118,0.844311377245509,0,33.15,1,519.1,0.0658682634730539,0,483.03,6.24,0.12,34.190000000000055,42.91500074377053,104.78438369087858,70.0,8,33.15,0.0,1,1,0
d72de8c5f4a12b1c41f929d3202c9b2635e76609f160a6489eff1e8d5e5ec4eb,0.0111229756184374,0.8834560390727093,0,137.17666666666665,3,520.0,0.0498084291187739,0,201.39,6.56,0.52,68.36333333333333,39.45026071070608,119.65521993468742,70.0,15,749.03,74.63890612541526,4,2,0
8d3cb246ad0967e6ec211f49f1ad0ed3c45f999af592e224d79687233aacd7a3,0.0,0.9681343784055662,0,99.66,2,375.0,0.0,0,416.45,6.91,0.5700000000000001,7.719999999999992,11.434823960091624,23.33960605360081,0.0,14,199.32,298.6454231262304,2,2,0
80036f94057eb03f867155418e9c036eb2392bea8c3c3557d4c0de4cde8c10dd,0.0487490126941112,0.79104946945761,2,176.00875,8,814.05,0.1081211591598808,8,1007.5,46.13,0.4362499999999999,32.317499999999995,42.87247919755686,99.07467213280285,21.0,1,1411.11,312.76532046529206,11,3,0
9379c2d5a28118d3eb9e6dcbf15c76898baf73cfbd0ac882c02ebd3cc92e22ba,0.0,0.8382352941176471,0,181.4,1,350.0,0.0404411764705882,0,167.59,3.49,0.29,156.3,25.222251851483826,192.2310506929281,0.0,28,181.4,0.0,2,2,0
89b4b6e0ab2b367f9abcfa28e0ac314dc4a70a3b2f1fcde8f181c56a215c9830,0.0127346356620737,0.8036523725787651,1,112.44571428571427,7,1767.28,0.0565529654445731,3,866.39,28.36,0.2185714285714285,21.457142857142856,33.762659722381656,74.5099333968202,157.0,3,787.12,108.20897041100125,9,3,0
dc77727d65bbea05ef54fbc65acd49b4db88a93eba148bb6500defe4919db079,0.0288841126943669,0.8060206443232044,0,281.22222222222223,9,458.2,0.0771386582768359,10,492.27,47.81,0.3644444444444444,33.87888888888889,22.240707483823968,66.54907697610544,0.0,8,2667.0,174.50349656525688,6,4,0
aa6d2f3acf70a1a2397b76397ff35bf544436c500f907436e2c0a39a48d57001,0.0354911981828506,0.6502756172664282,0,248.0,2,350.0,0.1500566373882458,1,299.71,9.71,0.32,29.55,42.82362950518406,90.72941024407916,0.0,13,496.0,442.3538666961343,4,2,0
672edc59ba419bdee3665185ec178dd27fa6c3162563ac509be8d357d787773b,0.0240425482024845,0.8405679336739778,0,187.35111111111112,9,564.38,0.0639285195173616,7,617.97,36.64,0.25,50.85444444444445,34.8036723111218,108.6274739057539,52.0,4,1686.16,240.0982925768349,10,2,0
860825454f01738f1c1b79ff87d6c82be0107f1c64d121d8333934b346cb0969,0.0116931711880262,0.7885190547331873,2,154.216,5,410.7,0.0762898287711723,2,489.92,17.79,0.1679999999999999,36.328,24.28042764725321,78.52288793312715,0.0,9,771.08,62.34360036908807,3,2,0
a6e6a13116bcdbfadc07cb4dacf9110d62c23f3770f87c81edd9c48f24d0b0ad,0.0369795133496041,0.8455224501245178,2,195.6,4,663.0,0.0517532197648201,1,533.73,17.5,0.44,23.415,32.16489519492164,77.29610193008034,263.0,4,782.4,199.51171428931323,6,5,0
