
Optimal Parameters for nomiss (lowest FNR):
Best Weights: [0.22745833 0.10250814 0.07576998 0.04091726 0.14993397 0.40341231]
Best Threshold: 0.11832948832091206
{
    "TP": 421,
    "FP": 918,
    "TN": 5273,
    "FN": 45,
    "Accuracy": 0.8553402433528616,
    "F1 Score": 0.4664819944598338,
    "Recall": 0.9034334763948498,
    "AUC-ROC": 0.8775768577257724,
    "FNR": 0.09656652360515021,
    "FPR": 0.1482797609433048
}
