
Optimal Parameters for nofalse (fixed weights and threshold):
Fixed Weights: 1.0 1.0 1.0 1.0 1.0 1.0
Fixed Threshold: 5.5
{
    "TP": 309,
    "FP": 60,
    "TN": 6131,
    "FN": 157,
    "Accuracy": 0.9674027339642481,
    "F1 Score": 0.7401197604790419,
    "Recall": 0.6630901287553648,
    "AUC-ROC": 0.8266993205560058,
    "FNR": 0.3369098712446352,
    "FPR": 0.009691487643353255
}
