
Optimal Parameters for nofalse (lowest FPR):
Best Weights: [0.01744014 0.21598645 0.55553494 0.06582931 0.04310256 0.1021066 ]
Best Threshold: 0.7935191652754631
{
    "TP": 373,
    "FP": 78,
    "TN": 6113,
    "FN": 93,
    "Accuracy": 0.9743127534925642,
    "F1 Score": 0.8135223555070883,
    "Recall": 0.8004291845493562,
    "AUC-ROC": 0.8939151253064984,
    "FNR": 0.19957081545064378,
    "FPR": 0.012598933936359231
}
