
Optimal Parameters for nofalse (fixed weights and threshold):
Fixed Weights: 1.0 1.0 1.0 1.0 1.0 1.0
Fixed Threshold: 5.5
{
    "TP": 473,
    "FP": 96,
    "TN": 2708,
    "FN": 262,
    "Accuracy": 0.8988414806442497,
    "F1 Score": 0.7254601226993865,
    "Recall": 0.6435374149659864,
    "AUC-ROC": 0.8046503052005395,
    "FNR": 0.3564625850340136,
    "FPR": 0.034236804564907276
}
