
Optimal Parameters for nomiss (lowest FNR):
Best Weights: [0.19891737 0.08276722 0.29597929 0.02029492 0.22032865 0.18171254]
Best Threshold: 0.14333510843360964
{
    "TP": 646,
    "FP": 431,
    "TN": 2373,
    "FN": 89,
    "Accuracy": 0.8530658378072902,
    "F1 Score": 0.7130242825607064,
    "Recall": 0.8789115646258503,
    "AUC-ROC": 0.862601288732326,
    "FNR": 0.12108843537414966,
    "FPR": 0.1537089871611983
}
