
Optimal Parameters for nofalse (lowest FPR):
Best Weights: [0.01675686 0.32920055 0.14389958 0.06824331 0.1069632  0.33493649]
Best Threshold: 0.7555354021654102
{
    "TP": 594,
    "FP": 106,
    "TN": 2698,
    "FN": 141,
    "Accuracy": 0.9302062729584628,
    "F1 Score": 0.8278745644599302,
    "Recall": 0.8081632653061225,
    "AUC-ROC": 0.8851800634661853,
    "FNR": 0.19183673469387755,
    "FPR": 0.037803138373751786
}
