
Optimal Parameters for nomiss (lowest FNR):
Best Weights: [0.12957619 0.1932671  0.56101423 0.01101506 0.01627003 0.08885739]
Best Threshold: 0.0939244090809882
{
    "TP": 646,
    "FP": 399,
    "TN": 2405,
    "FN": 89,
    "Accuracy": 0.8621079400960724,
    "F1 Score": 0.7258426966292135,
    "Recall": 0.8789115646258503,
    "AUC-ROC": 0.8683074228264772,
    "FNR": 0.12108843537414966,
    "FPR": 0.14229671897289586
}
