ID,Predicted,True Label
9a62f4b8b30fe62540645745d328627bdca014cdc190cfdba18bec01ba391ee5,1,1
120eeaafa6a3ed1210a494377fec71bce1a8cdad7e38dc62cb6dd9eb1740498c,0,1
b094b7888ab17fb8b33b4d4df54fea6347e44f504e56206c14acbf53f23e6ee0,1,1
4701b2d035d452f3e00001d83bf56e5e91a3672a658a1b30d673a08449f5fdcf,1,1
ddcd8d40da92cdde3896ec4ba5005a738222553bf5411802901c7c5cf79d12ad,1,1
5e7ba560190b92892f9035a5ec983f7cb692f97e94267be7086a87b613617fc4,1,1
c3a229c691b4f3314e05841626f510008e88d4d250770a9ced6d7394e7d23753,0,1
07170cb948c8dfff1f28cb0dbfc2ba686c17a9584dca6ebe74c2822f0caad05d,1,1
1a723b33a357d8a58f55359658c1c2c4ce3634d50dc42294e376032afefd32db,1,1
0eee59d406a9480919dc9321775c46100bb801c00b4b64e5501b86e3f609eadd,0,1
7cf320aaa408dba4142d0850f38f3370dcb851822d5d4a980d8c4bd55e73bc3d,0,1
3cec51cc852b870ae5633c255a29160553f751972f6ced119951626d324acca8,1,1
52d1872beaf582ade48153a04b67408aee33e34c3c103df1b21566ec8ffaac6d,1,1
0458bcd5b305efed243166b07064fe56d318682ed2092df5b5447679136d76cd,1,1
1670bdee2df8556a329d6349876bfd621f5274855bf29eb90bddac133c7dcaad,0,1
a5a05b76132a0b35e794edf7969ca3a4df08e849dde426548b825e1c3a5189ee,0,1
82c434212a334204a949e817df064f99fbb54be6a64f6cae9c846d8e9e0c743d,0,1
c40cdd23a106d514baf5f4edc2f5da77ad9d9cabfdcc12aeb8652bf463f342f7,1,1
997c533f727fff6d108d890b0276af3b19c6afb9e3ebfd9cd4f4a6fc241b0589,1,1
fb463dab45f8eb631de6057bb29f6b50ea122715535125bb9f1879d586900cfe,0,1
93fdb3c203eacd5212d197b593b3aa9231b98eed839e7e705bb2763622b70b5a,0,1
d176af183bdccbc59fe8dd1f4d6928c5ba26ac79f432f82eccb34e21b9351623,1,1
f153be7443c2f482cd86bca8c17ed265bb8f66c349cfc3a8ea9dff7be95547f4,1,1
0eab19ff0780f26f3bc2439778b69c6191fd744998c93fb50c3ee08a3fcabc85,1,1
bcc95cb700f27fdc01433749b5d134cb5fa215b83620a1b43b6c173bf33021e0,1,1
73b05503578acf8d98b9d27ac343b6173d3edfc56f3c785e93d34e0b22e79dfc,1,1
4909c136e0a99372c632f9bc87619af01251b1efccb95e6bc67dd1b77c534534,1,1
6bfe871c136abe4717907d5e6ef940e2b9be2f18c4e724ecb8cb872808c6fdb7,1,1
5b76e3e0759e51b3d2a931b9f5faf54975d69fa3e3658ca0057116a98d9447c4,1,1
fdc757fda2ddab76f0b5358facd66764ad8f5bb55bbc7bfcb0e1d985d5cead4b,0,1
09bcb2cc69a081e5c122c569102131163a5eb8b2a0ae90ce65930a2274404007,1,1
9e331fb218d3a5ed717d9b51d359c8ab97261a62c69d185656b2701013ea4a45,0,1
3a0ad1e791476db81fcd4302191935143dc38dc75dc7d1c22d8738cf5ed3297f,1,1
612946b5c779f6f6c545bf173b6788994aeb1739e1e2552d2139ef084bec8a63,1,1
6ae839a5a015ff929ebdb6708cb8abe0042b261abb8907051c53af35516ca1b7,0,1
1d37a2cead0a12ef7ea387de81e449ff1f0290fb46b15bf3d2a2ef7fff3bdca8,1,1
e3086e8bfff9c9b92baf947ff349c03d53fffc15421eb2051cab7e49edd189ce,0,1
3a861e2d7c9f5eda72f67173c9c444b84bd4e588ef9880ee00303b5330eefcd9,0,1
4f50a5b317572103f3aed79c2cb13fbd66ff50bd1186aa205c7192442b269653,0,1
ae5af311f6b9911db36ef1df5e6d5672f285c333e2325bf58673e530c021bfb6,1,1
39ec17d193b5af37e53c0861991a6c60f1c6b1bdbd8d09fdd0694bf892fae02e,1,1
5cd901dbdbeb9f314b608de13699412ae03599229aa1f194f884ce3ff178be2b,1,1
dee30ab5e9afd7aed98a164ca1fd2d7064963788c064282394c516ad7c5a1f9f,1,1
4bae89f2f637e201b1ebb60c029458c128f663b78830238217743f5ce1d196db,1,1
c419f6689bac14de6987d7a516c3e09f71480abddf2021133d6e941924b82f9f,1,1
d2288bf3d0b68249bbcc52590265d8a3f4c6de74a9d4a2af81fc66685c1624aa,1,1
b9b6fd4a3204000c859d06f60cf3e90ce1c6e59f2b09c25d6629dfbdeaf81fc2,1,1
a2a355ea25f4e6b4c867b6ea15c0b72d290bf45dcfe29d16abf4cea1c1ba5c5f,1,1
931b7cdec1341b46e74c264133188e0489e0b55fa3a8e745658d959559351b47,0,1
12c9426f6f284c0ab8a65d77712ff47a8f8ec1428bb451091a0af30880ed324a,0,1
bd38339106cfd5bbb3bd09197c6f77bf00fa89551d0491a6b2601022697bdf05,0,1
25b392148ada0a3c1a493b70221e46e55c9ce5b5284e1d69f4b85540509cf2bf,1,1
0f60249257495f8d9e4ce80deb170cb64655420397b5d39ec83aa116ba75ac44,1,1
65ffb254371162b2e5b263efe5f7d91d904aa902ab8db67e22edc555137fdb0b,0,1
f4fa096bac8920e2c62841ce2ef6d68f580b23f2b8155c8d31d3fb9bcae9557f,0,1
52170eaa14dcd3e81b22001e79b158cc238db66683a54cd9f02ce4792de39c34,1,1
f3f6a902c434af91ccdecd7bf8dfca1d24e10942e1864377e0f0a44c0bc499de,1,1
4348fb64f8245a50349280a7383eb6366966fb626ccfa52cb57a70af5ce4b867,1,1
937389c0e86b7baf95c7868de9033ab6cd8dbd306a64dac42e481ec474dfef82,1,1
fab588d475ae36df768c15e321e9114dd87138cb9b751c28977653716b238b24,1,1
4a45f50054a2430a866b7cd245ecbf12fd51cd9e72cc18e96414658c9d7eb49e,0,1
8d9796f22722c2aecd4f2493ab4e3254a0c4122400b99207a068d2f561ccf3c8,1,1
dd8a39b2476c7a470f06940f2d84aba3e80325dfaf646940a6d68bdf7e219c8f,0,1
56f2cc9e0668ec20c66c9cff731b51ad5db7b4db176a3b812b667162a42725ed,1,1
a9d17445aa68c33c9ee6f889c3fb62b710e9c65152cc4fabaa510a96f90ece74,0,1
76b20d436217791eeb4bf95f55a4b8208c3d10f4932a204b4d486f3f542a0755,0,1
c9845b2dd14e11c749d1713b5e184e79d90f04c81499c2f737f12bb89617a85f,0,1
be8f72b5c56e0062deb10b0be66676d18cd4070d206e3267d99ddfafd04f6e9c,0,1
0f1ca24988dbd27266a8bee036ca17bc94af829d195aee9dd6780d9f971d9365,1,1
623a0da2a1b16fc523ed70375d50f1de961e6cb6513047fab5d0adef1d211d21,1,1
5ad3568e08a8f300b78fca6208564bf4cbd05da817006af8ff58c05cc7297310,1,1
a6a229152d81408467072909f967e8bfef278e398ce47e5a5ed1c349f2781e60,1,1
166bcdb19b6ab4381c47cef767fedbffa59ea4185e90f833b54e8128c126655d,0,1
5172745bb3790f97e0035ff2795d7186b30ce6fd83458415c74b88dd5191e9e0,1,1
e4500b84ddf69b9140f42d3a42ead5879895426955999bf47667495885bea734,1,1
c0b1c6a6ec98e31f82a49d963f64853831c3324f2071a0d32cbf834ae6bb1adb,0,1
f407bd93a27d21b4e00b8b6ab6c9a9dbf8487b4202efe6f0f9b143bceb697a64,1,1
80f14a4cc36463025f3c9b1b5770db4272308a93a7d40e20e874bfc861378e9f,0,1
ac391b477f77f30b16b19d6a09535956a6292e81574759c50138b96d15535319,1,1
6c794ce5ae93b7090da1c334d824e368dd97480f305b4b458064b7c98706c470,1,1
09f1ba378ca75b58cd1e75d24d49b2124d63dab1f7e1d84363ec895e4beac7e7,0,1
a7ccf396e5de28371f08bb9abf1dd4f86933d11cf32983c48061c75bb50a8462,1,1
2ee809a13cacf9504190152e40ce945f7752e81f92b372551768db4f74249ffc,0,1
1ad0bab2b3fb69c164e7d670d10b5c63fecb04a736df602680550261c0714a03,0,1
8b99e89c470cd1ca9a8b70004c8437e6a2a51cec83042474631580a19e0bef21,1,1
68a6d77d81bdd5c16b89509c4b9cefe16db6b09d6b743464be0bfe8065f5d5fd,1,1
86322238906e38dfbf8137987cb4dae3b7c9c588a829afec749c769a6a47d94d,1,1
109375ec2aa1a9e37c1a6edca5c131bdac22b23f13bf774c55674dc71e3df6a0,1,1
5bd30ce69b7d9b85fcf66d14d1981c63748e206423ff1953c7de015c48fcf7b1,0,1
3b144498a71032a315ab304a3424def246eff29af3a06dd5288fc70ead03140a,1,1
44d4c1b4149934fcbb2f9cdd05d06db1830bafa5d5f07dca5e86713405db3a46,1,1
d63f95dcf0c56040314ec093cbe590fedcd8be8affa636b5e78343cb6971eb32,0,1
de74eb1de7a0d0d44ac7c3dff1346294cac1b1b82926f5ca5c6776757ae3b3c0,0,1
432acc618c7326640d0c7850a52196b9661552a7c6aac51d93a561cd3a9e4adf,1,1
6d9bf75aec651d27b2d6208d3517cd3f0bbd2c9a5d4af5d1f9b3fa07e6385591,1,1
2e3f350e17c6127014d413d0a46051f78fa549ad6650a6c9572ce3fc3483607e,0,1
8be22f22a868efa4e4b55a776e7715033ed41d555c50a6078bfcbf588a5f63b5,1,1
56e89ad2fdcaa32cd2ee05eb6492fa5d4376687cc383cdef8a73638a33b22a7a,1,1
98738fc6e1bfab86a9148b37d96288053d62d8e42b5c407a0d791fb5d8b92e2b,0,1
13cf2a1e8798fce9684c135c4e54d80cae138040104eab6750e6562ef80355ee,0,1
60a96d375c63bf95309fdd80a66bbe4f41520b5f82476d8974d00e3fe26cd94f,1,1
4ebfa8e679b9a2f10c3f18947dda1af607ef7ec534bcff5f0efa9a9dae0c915b,1,1
31e9d34c6729e837e3ba726f0d164704acd8d92c65b4f78ae4084a9b3a824b7a,1,1
5064ae520ae1ae01c724f34adfb2ed1c419efdb1308ac9a9c7f02bfb9e484f4c,0,1
03a29d5b4127535a4269ab7933d4f01950dd7cf9e693e768ce06d5a784b4890f,1,1
682c46df5a0ff3e6d2935b67ee38927a062d74beae4d57f6d725d5e98f60487f,1,1
7ccb8d4eac359b2d3294d7fd943407b61eb76d08ea919cebc221743b74c0c0a5,1,1
3eef41f07fe2e96b2e32a9ab2bdd3683c2ba481cd6a46cce054ad43813a46eb0,1,1
4731190229ceb68b3d04d751f9c53634b134e7a4af6dde28f5bbc5aec62ccc1f,1,1
8eab3fd8bb583767ae15ede69cf060ba5ae47fce1f26246a4532dd25bde1c0a6,1,1
033b0d50d41ec8a7ef15b557ef8af4f3d2f6ff7cbbdac8dd341d01dfb141f290,1,1
5a3502d86c3be04994a2e9a2ed18b731da6386754848a1bdc22c48593a37d78b,0,1
87c73a3ce4234fcbd6d47240d93b898bed750a34941d52b21c4acef4368c59ca,1,1
710e8138af1e0620f672645c7715d00145132528469da909ecc36b30b74a6bc7,1,1
8cf3f6abe42f9e4907b1ff6286885fa982fbb46dbc6520eb1972b141000e324a,1,1
c1323015c9710aae5d57b8b9f8fe1aec85d02d02323e92a47131dd920c936902,1,1
02487bb030afacb2fbf38a0a33ae53386de4138753021096409c2ec82494b32a,1,1
caea0f4babb28c42d04b95fce067afc59d7c7bd8173e496564d611c040a7e6f7,1,1
c19fbc8c050f7b07518707a3fa60fc7456a88a165df87c9e37b1f548a7aa920f,0,1
dc13a569773d8de25414580bb48f8a396567256a976f29581c721921bc915ed7,1,1
313534046d419f5d797c49797db343715733f1a06d2231faf0353cbc4606c718,0,1
9395ad647455723669354396787daa63065e6fefef2339811cf27394a8176428,1,1
7d0f5a603aacc54f6d399b30d9489f7a7ccb81b0152c14fe872e1d2f13e42b44,1,1
a59c93f8faadbdb4ae720e95acf6d67cbbcb08d0d2190b3be341dd6bea2c68fb,1,1
009a4be048269ecb17f4254f61c19fa159cdedbb399a00c2bc00da3adba8370d,1,1
66dd42247ee0efb8add5bf8e7a43a6bdad3067156d4c03b32b8ffe6ba85337e4,1,1
a689aaec5487665ebb1be23bcd76a1b41e2c628add90b530c774220407613bcc,1,1
789d606c51b34ce038f584dc2a08792215e5e18fcc6473780a30de1ed2ea6cb8,1,1
466690fe9f632d19640d03b20ab0a5c0dc5ead5ddb5ccf50996c97924fe8164e,1,1
5e9370fc9dbf1b6dbb355a90fa70ec580732cdccc2da26452c6aaca37afb6934,1,1
50ce7d4bed0bcf98cc844482aab4beda4b8baadba0a399c0dc64281f4873b814,1,1
408f5e4755ece1d6f3b7e2bece05bbd6b70f42c6d85c1ac6658db9217b3dbfcd,0,1
c187246ea47aac5b0fb74439fb4e87504a378b06e967dee639b9a9af03783974,1,1
9ada223be12e8bd8d8a6db409109d3c72a10081bac98cad4317027b0a75c8414,1,1
82133cbc8e427ba41142b021b7c8e5366ff2d203e1c976c5434efea52a07879e,1,1
8d5f9226445732548bd120ff9a3e56730c2e042820f24c8a13581d9831080c16,1,1
6d038532d8be79da07f1ea23692496946999dd16f9b781dbd3bc40cd830235c1,0,1
5634913873906f9bba5e6fb31e87c9826bcba9e892920117178312d6cde122e8,0,1
fe3c66d775a50bfd94ab4f5dcf9090c9e2dc06d9b155337328ba0c41d913d29f,1,1
930bf330f0059219c1629c6bf05f2883521f4af470088b5a5863ac3787ac5bcc,1,1
0318815f9df1ff19d8b5bc56069f512b1cf4ab98fef202c6117b5fb0b7bbd579,1,1
8162ca4a95b151d7cb71d462341d3656b624c3c8f652ffe60f9ce461db8327f3,0,1
490c2c9a18a1e3adc23b0b94d55f7bd58b5d848df861ef1d6441dd0ebdca9c15,1,1
0319ed7667692a7c6ce6be77537dc3083ba79d842695e986abe2ddf83fe8452c,1,1
41ae7451ab406c223fd8fc2cf3f4732fcfb2bcff6ad1611311547b1f12b1e753,1,1
7e91514bf644f064b8c452a56cdaf6e6f9494809d9f1fc91316af291f69ccdac,0,1
4acc406df56a9b577b3dfe2a7e77280b603f78ec3951c3ed58d4ae33d6ee4add,1,1
8a9f238e7db54ed7662dc84ed52598d12a0f912962427f6054b812b0248b4211,1,1
e322583f0800e5e4f1297d935e60b2ef4072171e5f9ebf49a0199f759e4b7fca,1,1
506530ca78b4c68277fd68d62778630816e9ecd9664ff62f6fb0d2f62d294c3b,0,1
a93087f35519cb9f08fefe568da68a24e877ff480bccbc269bdc026654380568,1,1
2f417b753e0fc03f49013fe7833684b3bde9f824b0864e07ab0c19344481df68,1,1
963db9fe429caa7c17d1dd21a5feb8338063c616ba93b3c013ceba16cd33c1ed,0,1
e9f153570fc5eabaa8c9da5f6689a6bc8a0b92aa4a562c23e267774f4d286a11,1,1
5dbbbc2999ed652ba7c5607cbe6c98cca6cc3abbfcd4a5363fc1d9b9aaef1de5,1,1
81569c58ba0412d1ab9fb12495a07ef70dd5e1224663943e93ee31131cd43dfe,1,1
ea2bbde7abc31795954afe134d6ef366a164fac08b2d828adf4c693fe2f25edb,1,1
d52345c3bbfb3a385a3dff0f312ebe2334378d624d7ce882357a62beedbc11c8,0,1
e07b2b630d43d8a54b022c08221d033d089f0dea4e95948020f7756444de25f8,0,1
1306cf252670f061c469b8f0ed157d0029583b7a5b33177e8c7cd7573ebb2543,0,1
f1b768f3b75529dfc0034eef6711a8861e2c72d6dac2397a1a622e73a0171065,0,1
e29301ce2a40ab11bade0d2cddb78416fa95f4accb103ff1a054d6ddbfe4a0f8,1,1
9ca2d856691c640c2dd21464b3e71b0a1b2dbaca3f73d8b5d34f1b4941eb75a0,1,1
9ede4ba8f59c5ac706efb3f169553c440bc5f155b5479021d69584770266149c,1,1
0546d357da36a0d4125a1d4d7a7e7c8470d0ac1dd7bce774f90b192085f8511d,1,1
853c4bebbf8980df967c0600aa213691c6ed35bb55a2daaf503e277e82c4825f,1,1
77101f542a42d2f1476b99c66bf60666a4250771a57b4e57cea14ba4101b4e55,0,1
7d9bc6d0ebc14190b911acf603da18a48e8bab90f4294749b17eac0a80ad8b5f,1,1
1ff2c295713df178c43e6da6a517bfd705587655e747df5e3e8acabc4d1c3142,1,1
0284aaa05d5c051f3f733d9e9bdef5784d919642b2cbcb6b97c03389342cb246,1,1
add462ae09c091ec473ff89be2ea7a34f17ae90fb0d964d86885f92602a3cae8,1,1
606d87d53e838ea89e6d842a46818d8419fe6c3ad96f1f993087dabbb6486f8a,1,1
f8bfdbe12520631975949b6e9f2552a27b74717476e3aca6dfa12476dcf92963,0,1
e4a7f0a9a670de2952ab6ce12f1a930309e8d1b2b5bb6c30a65aad85922beb8a,1,1
da2b98015d85fb0f84c4f5d459e75259d7a5107afaca7f0e5b674d49afd98245,0,1
4681df371e730076a6419438cfa40631a73f111ea984a28e49375bf628cfbcdc,1,1
9bcb3399287e1448d5c6466335d40e6d73ffa173a76cef42c18f3245acc0b166,1,1
5a7df8e23d1925f0ddf92f0a2a753d6724431baafb97893e0bbc0501dede65b8,1,1
1dc622b922befe0c135ab640d675e4d2ce17e732a9446deb701e616f43e2b211,1,1
185cdd0f384f2c594518928ee945bb8a6567e31de027ba83d5e8010ebdd3d7a6,1,1
b0665c921127edb0d35026fc2605b0b8e2ee3c3b5dbf35bde64e75814ac2d899,0,1
4ab864e446c4ba2cd156e37e3cd2531752f180ce66a9db9c7fdc1b146cf1642b,0,1
f6c4898c167ca4325a3b83a6cee17f4fe4717689081d4990462e7e1b33dc6d96,1,1
329243148d37bbd596ef58225e42cd3e1484655e21a0154d289769f7e6c2d83d,1,1
16e5d2f90789fda4cfdd7b5b9a4f52e50069812ca70fba1c1521cfc5eb0a7010,0,1
9ee2cd2094e6d231e961af1b7a42217bf148d05eb71b9c5d06df67dd680cb5b0,0,1
a1992c321d0b8156ee21f971d0a91db4bef8072439130f50f7003a92b1f7b7e4,1,1
9bd74ad273b66b701e633c4d6c5979364a441eea8a212bff8bab0222d9b80a21,0,1
c1c6c286550a89bb21987e82bbfada7adfb6b9ab9f24b4793cb28635fed85a5e,1,1
f517bd9cb91148224e19d661d4ed101d057320f35958fac1c5b14cf9dd3c48d3,1,1
fb8bb8ac89d98d343a054863fb5b25accc2374bf8ea9f756bed402b0a5233cc6,1,1
27a4a32d2bbb76dbe42b2d37778a52d662b24b02eec6b993bbb820aa0550f723,1,1
8559a5fac2250d08ed9c613ec52fab9abbee678c8df23e0b914e7fe10691b50a,1,1
ed546a4d208b811c7e07bc355858464467366f8e4ef3d05401a3f64c439ba857,1,1
7df00f863948440c855e3838b60bfb2de7f1657c58e527cec64ca89fb447d39d,0,1
1cc163daf551e81fd2c2ecd59df81b007bc90f45f03a95c5581c46ab293140a2,1,1
f57edcd3fd5c3033e32620b4e07d0f60c2d6b3d2c805b282c0b8745041b7f130,1,1
36874791d7a2df2cab9f5403974f87124e231f9b6c13cda68fb61f49397cd57a,1,1
cc168837e8592bab31969f9d188f5b7247b263381028c1a354fb69c0e7dad997,1,1
9a773e26ce8fa9156c9cfb643b4fb118d7f7e3accbf066c9b9754944b891c9a3,1,1
d06a3d4e6e8459ba6b0f52b4412e99d02835aa71aee8d8e14cf3ebc4d3f50966,1,1
31be152d35b5acbd811ce70c61ed01e8e0f9df544b9baf7b59a111330e6442d9,1,1
7b8d0eae9a91907514197fd62c2d6c849bf1c84eb59c198259eef7f06e145a7a,1,1
c5d1372c95beabd9d78c96329aa99192069cac64e54026694d5a1e40863f9818,1,1
18c6b1ab8637fb8b578fc350209439a96d5cb1944987d85e73da47e888b445c2,1,1
1b2019806a359d97d6408122f20bf91b58e87305a59697a612995eddfb0d3dcb,1,1
ee7b9094a84fa60cff8335938c61983b1d9381859597b5312b933420666d060c,1,1
94a3d55a62fb111a30807e72fa785273e18fa7a14ed3b75d66a653b5abf7d7f4,1,1
31f72af9acc0e3344d40e501b2204eb461df8f0f52b42e3eecc76000489eb606,1,1
bc9eaec05f276c22c7f969652a457cef81f8b341c0a8c0487ddd1e25ae267347,0,1
5dec5a4c82c2efb68766e595690eb671acc021ed63d8b17e30becf4abaed845f,0,1
8051deda5a0808114278c743a1085d44fdbf88f337afcae57b063174d63e635a,0,1
75e9bbb205d6ff10762d834667d0d1aa9acd123fb16b009de36afd216f3f0b51,0,1
bc729a3888932b403bd6d6431f1f308f638619beb8e1c627a40c3de88711e15a,1,1
4ba9d7e3b14a3bc77a343301b1591236e81a862351d97d19b9090e46f06dcbe3,1,1
a4d4104e058d7d0b9f11bfc0a8cde06ae455749eb1a8d4df210db10bbb8966d3,0,1
61ddfaa81dc8a612f20614229954fdee265fac1e081ab5a72df00431fa78b9b7,1,1
f8469cf10973ad38f7e89495bb75adda2992ae5f1e9cf9cd10847c2d531f0925,0,1
71e1f4adcbb2e7da7a19ec8725928d6ad551636728eca6ad5ed9384be5105b42,0,1
a4ed0d074acf0d83de0160be703d025794136c6525285b0a203eed26c6420d93,1,1
b199721216191a4d0c873b5303cf95d7b704b25182002daca2b03d0e76185b60,1,1
f757b0a4396ac3155825646335fbf77e0b5a9ab7cf25669a9e4d5d32ce33ffdc,0,1
f96424957ced88e90da479fec2c01231276861c7bd1f9e898c18b8b23393ed89,1,1
a67e620bd7b0e2e9033ecb3910377c119c131609e77519303404378c2137fb12,1,1
5e012f3ee48ef281139014405836d46dc3bdc3386337f910b2dc383ed16dfebf,1,1
cb0b71dcc36d36bbaaf9166c2239e97d620d7feddd525abb04ed51cf7f408a02,1,1
0713c76d6d70e5df2c856b8f80cea8ae34e8e626108b3efc3e5c1869420a1e11,0,1
f58343add4f5c794acb0dc917b55ef279a427110b3249c93d40c02a18c26f3e6,1,1
ffed490cb7ba3ce6055b5b373b72ea500961c2bcf967a47741d942738664f27a,0,1
47d22dffe903d17da1c49449f559fd7a7b253ce8d7fa3cd9995a65443672d7e3,0,1
0a6c5d10f308d377e7fdce5d40a5f26e1a76cee4fd5254c2e8aeddc0b6ef9ddb,1,1
fbc91e7aa34fa2079df4c6d0828e8dcdfd55271448c509798626b1297c3346e7,1,1
8bdefb324539a7f56d89936ffe77ecacc69a46a2fc5818aa6708cc5da17a3ca9,0,1
38743d2c0dcfcbe2271d057a7d40959d6b6c9be1ffdc57baefa195fe940a449d,1,1
750322b41db1a8dd4c86b74380ca982ecd9ceb69c0bcbbc7a208459c98f0f2ce,0,1
67f239b0740201c9ec56eaddb79adcc28cce129d80e75a1695a4c703899393c8,1,1
7080b4608d00cf86b7c244ad342cc81f8ab31377c2eec47462bd2db6a19bca20,1,1
dc58255d10efc3e52ad30accc47fdedf19351e3a4517f6ca4836425d52bf0136,0,1
2b663e38386d0ddabaaa35581ccd31ac2a30a9db3bd390207e05b2f6d3d59bdf,1,1
61b32a5547575d9ce6f6bed72202c041c5fbd3bbe93846d6791af4d06b6a789f,0,1
a36bc34aa5092addae84df627635690bf6dc3ea317176b8da88a0125e7398c28,1,1
454d577ce85173941b10817c8d302ffdc8ad5150cc8ba081189d56584e4b0686,0,1
2562fa58c180a4572689c0390c2eca28c758d65d3c0b2a1d61ad8eeb18ef98c7,1,1
327808a13e4a6d1a5143e4cd633a1e30ec84ec9fad32ee0c71ed90c1197cc043,1,1
0908cb58af6ff6bd9ede326b8916465b6f393f0d04b200b54d21cc4894943751,1,1
933e617dd279b98f481daccfa549cf057108ca7fd8050cd3ba5f12afd308b20b,1,1
42ac7051774a674669392200e9bf02615b267dd58930973755176730149d008c,1,1
99ddf4ea79da65d5ae636aaba04241d49b77efd980efad71e0d67f73a926d3e3,1,1
76bb3d40a838f69ba7983a377373b10f45224636c7176e5b0cfa0408f307b514,1,1
6a1748662f8fff24a99f6b237d9d0e5820795453e0fc84495aabe0a18b7b1722,0,1
047d903876b78f70e21ad71113e8f82a86dac7a8d245f44f4f54bc748f9a3a8f,1,1
fa440bf39c380bb457c33c0d130b8eceedf29193cb067705388fa3216ef6d065,1,1
b1d9aa36f247cf0c1abb0348c671457624e04372da945786c7f2f48690ede52f,0,1
688d350d7f45d1e7381a9c78601597ba6b6be549c6074d483c16a3ada8af18db,1,1
3d78c1d64338b274c8df992fdb3c467207478e6080a67b39c7618fb1cb6952ab,0,1
5f3d6065e8dfb6c7e2180f415a859be1d2b2925917c29084ac6afa7608b6f187,0,1
32619cb6613303f94ff6b98caa0a6bc5ae17f97cbaa2752ccc23ca1e60b8be3d,0,1
b743dc4cd99b841aeebff5c3a68ad879603ce1dcec3d69a0d53cdc693dfb596f,1,1
d6dd3b306d8012454a832a3baad6fef9dd39427c6521f396f1017df19c01cae8,0,1
aa640448119a957d939013284b8a16bcd2e83372d154ec7dff085220d0e31112,1,1
92515ae0a7c7fa08032ce7a7609872e8952b7332659c744c8088f0fb1a693b9e,1,1
8ad7dd7dd45b0efa1b1ea493826b6598ae40dd69a76301dd55d1262b2beb54bc,1,1
50c9d031c416f7e7d15b8fe9b3a12b4859d698f3989576a31f422539769d4758,1,1
956de4056faf6af5bd0d95ccbef7502ef84cfb915244a4e97218adb0fb6fa48b,1,1
e6a31f0c608ce13b66dd5c796500410c8a0e1f542aeff30863d2868be6d63189,1,1
bfb6ac28c5d87abf4777d3ee1ae278d8ca3c52ce72a64113cbabbc90c34a58f0,0,1
dadd801577353a8dbe1460eaf49d16db75810d3c93494cb09c7d4644e220c112,1,1
1e150415c85277751492431cb72a5e53a497a7ffc18dfe3b50dc4ecfa00f43a6,0,1
83403e0b716b35b001bf521ae8e0322725986cf97294f5d61d21859148df2c95,1,1
f58cc1e61424427b9db91ac28015aaceaee5a85bc0f51dd3abcd00ca9d3f605d,1,1
b8c44f558991813d8e0f8f76b2e17c89e073f817218ec8073a5a24a508e14963,1,1
04e199605a9a8954839426f88252deb0e105975856b50d9edfc528cc2667ba36,1,1
528c6cff935d10f9a2f1a2eea88d750b8e340852c9874760b67f13c674a965e6,1,1
0b5e2ea4a939a53dfe224dea95a2d39ce7ef49bba9dbd8136fd886a023a19914,1,1
025cc34ec83af7a5f45937f70c675902fa2d630c3c5043e7ecf9578967d35c22,1,1
1cc23681de3fef4c006461d4e2a28b8dc8d248d14c4aa314be6492d3d62bf708,0,1
930db4525b2f071ba362c902930926985eb1343e27c20f3e35bd6aeecfd46913,1,1
005c6f86e22a51ee3174a2c8b62ac798b5cee98b1e025073dec7b6f3ba1cc476,1,1
5eac9ef69d4e43ae8db7f4def1856e5981a8ad23b6bcca00483b203ebd183d45,1,1
96a115aae5dd7d28caecaf7dd116e1849c875207ab2c2fc7d0c5c2773c38aac0,1,1
e456c63977823be288a397aff29605c0ede89bdb5d35fd12317f970d3d334ebb,1,1
308fb2acdefc74095704b49c0799a1cfb67ca784150808bd798ee9a2bb83c2a6,0,1
99e2996ac9c034d6ab60e262450de855f6f1d28dd86e1b77008f81c7a16c733e,1,1
7dc9c1488a515dba33eb37b052857e249510a863bc56602ff415698dcb54a8a9,0,1
9c52d8980e40329ef737d1bac9bac350dfa6594fcd4b83e805770c8247ca68e7,1,1
0e52b1fe55e53d1d38efba6ebf001649b23480ece00d1a27c00cefb4bbfdfc97,1,1
7d01920d1d33371c1688abe22737c16c1887c233e91eaa2c0764a0fe374828cb,1,1
f4d0a482775186b1e826c0fc09cd0ff8c1075e1056fc41943c23ae1924dc1d55,1,1
1a61200a9124b68fb710f2277ef5472008e4cd0a73ba34e0d105824ee37af82d,1,1
8b2bd60f4740ec948c0cb1a89ca6cde7059613b15a47e0f723f56ce69341698e,0,1
c991c65ce1f458cb3cbd8e90975c895f8d570ea331ccaa48b3e6be2107c7c156,0,1
2f35055028ea9f2e1a14c18948b690b6da80731c2b3431c506f56dec37a26840,1,1
11928c15c58a0a2ffec627cddd26e1b00aa651a526bd22d66072358728a92247,1,1
7ce24c9e991468efcd9de66f9b9c3e85f1e3e5c84c75492dc71929c07fa6f5ce,0,1
9f8c8513c875ec24fc645173bbf26a14f6a9803baad5f82b9307165907eac463,1,1
b4f5af10811496a2f9f6a4ec778cfedee5b01333b3d049dd05b9ad12e9662ad7,1,1
d59c534c8cb9c192e3fb8e26aa4479255f7c7808edf547f90899e2ce6d3bc392,1,1
e1b13daff36cb5adbc75489095e398fb6a0f050deb338c80501381701ff90ab0,1,1
b6b8027903155b7338f31a1365e1324a1c804e5b61900d22ee6fbcdfc1c655b2,1,1
49db17770b06da1367ca26719f2c4c46b171b193ffa8a0a7460d5862fa0c811e,1,1
4f06dfe853acd518450b1bcc908989a208ec95d9bc933cc3bbd3d9b045f6f5e3,1,1
c636529e9c2f3888d38ac5000b3c5f704ea8b3018877914b0791a81ecae0d25c,0,1
6cf48e1d5db94cf5ae6ed55c047f9400a18e6ce86ac32198f3c464794fb0ee69,1,1
fe5d36d0d5a9199a7f26e357b8c14533481f70a657606dbe6705473b583f4a7e,1,1
1eec2892ae7946e2062247f4e8cd18b3fdc82d81456a27726aa1ddd2bc66d6e8,1,1
29677ccceb1f7502851dc990e1da0266c191648d3f20d9af03433f260ca56781,1,1
d399e4504c8114be5d394f431f45d9bd4a580feb59fbdb1d28b28baf2a786577,1,1
03302ae17e792d798c1f19cf80f5a9578ef5a89cb167ae34d9abd199f8d2ec1c,1,1
4bb80cec2a59b9ca9a804b63f3563cb5b99d718dd7e1da0db91a7deebdac85d4,1,1
bf7f55394d9760f399a0c50b95b0e585183e1f8939034d93c02e1cea6938d2be,1,1
818735405c510db8e38dd4aff2d3229cd49d79975a4e08fa05457c6290f7183c,1,1
1f16ecb34f5002fee2111c90ab96457391259b733c38bcb34b8f46423f59f3fd,1,1
a759aee81df0b47f64384befbda4f6677f38225ab9fa74610e5e0feb27cf4722,0,1
6e1eb62208d90f29cc5bdbb8efe98f4f6128ef1b1c3f7a588ed011af880ea609,1,1
cba40bc41bd95c947ad3f7ff29133170037b8e9cf7717266df8a177cc002cfff,1,1
5d64641cdd799987294a834fb1ccaea942afd0ed8e5b8bdec0151301b4c33530,1,1
549f9d48bf2d774452a1f199ce0fadd28e9717b06cf90ed3a64320516f55a9c5,1,1
91b7de12b4f5ff89a9b0adaa631fde6665b5c5980e0de5c23d3777e0fe3e6e72,0,1
33ef88f98dcf7b44490273767b924dc846e94865fa42872fc0d130bc604ae81d,1,1
1e27025e6f6787864dc5180c10188e46b1fa1c4422ae95ee0587223654e9c2cc,1,1
aaa53619283068d267ecd9249255bd4fd1aaae672ed701217515ee45d9e3ea64,1,1
dd59180683f2e62a3a80fdc9ef2d03fb54ba8f50c469fe64a6850736fd41402f,1,1
ca617268c26102ac63d2a24f94b832b73f16e7cbaac17404e206d65b9656a568,1,1
a70816b0e69eae7b51f32b33fe51d02ad7a826bb8578496cf467f0e743dfe983,1,1
443fae8b91049c2c5f4382fb893b3ff865aad95dda0594dd07313e4db450b90f,0,1
4c2a63be6990b00ad51b851676ae92e2917b8ecb4b42de99d9923db0f882476c,1,1
bac51e3f798e27a7b59d2e7ded4bfdf9878b13a0677b435f4176903479d75756,1,1
e281c2bf084d6f13b20aea032f5c8e1c9cc0b576bac3f092a8ebc2094bf6ffd9,1,1
cd66996f7c6dc904439ea84a14b4323f7e1530fe4b1c1942f1a44d0647205518,1,1
c1a9c5404fe9bc7d344d50407ad20c9509ca8064b1203161a76018a20903f6a8,1,1
98e7e61b3eae5eb24d2f21a0b69e52af92db68a7a30646ee5c5c759a7e7e033b,1,1
c564332a723c737dbf98df28b36670aa0e1a1fa7e4a806bfe62f0957fbb9b1ec,1,1
0952078b1c75fcbeced44edfe5df5c9aa8c426ddf385be30dccd3b56a5944452,1,1
3fb837dcabc1f95935dc847a6ebf50cb1f8067504a75381168c66af57d7cca7a,1,1
03acd54c1887122d1846f1a833e7d2d218f3a0ed0be7930457a57cb62e7302c1,1,1
f6f0a15c22140975f1c3d599b195bc019080785bbd67277062df1f592dbe527b,1,1
e0efa0dacf461fe38bddef5e6f8dc12c23f5687770281d84b77c9becb83fbf2f,1,1
fa5e21c6067960420020cd8b6c6b42142dafd6946cd746209fc7e3e1b996c0c2,1,1
388a9c13cddfd974aaafe754d71767bb24141e916e19f74757b9c23a36c9e94f,1,1
d676db6ade848f2360fef44f50cc062cb2c71632f7714e4a8634a785ab9468c8,1,1
c94c5981cc51cee939f2ff8628bc363ac18bafea2e054418e64b9c593cf74281,1,1
ece1f9f1828a95c1491cf0eefb6e56f9f0108f4bfdb15cd348e535074e6fda80,1,1
b2659db7d7a1d05696b0ba18d4c037c21e8d5972b6c0510e018a4440b1135754,1,1
dfd58b114347d4a3bb9c64a0d0c038768565cdf8495bdf01fe0b5097f8fe73a9,1,1
f62d65e1ad971d9b8f8a625853e8991907447873115c88e9fd75190c7a13d7a0,0,1
c6413d232f604041da6d5227c89a4b5ce27398b67c8d25a338e1bda714501a76,1,1
c7900c8ef3776baeb04045e3e64e25bda72486e95d0ec0377cd6cb8ef7a9e002,1,1
943e11ae3dad0b5b585fe2848d385b416f71e1a16f09fdb91d7d08ff6f0113b8,1,1
409a784001ed69bb40956a87149881c7f97a6e56d7424e49eefc6722856d092f,1,1
c8857338a664dd7d8f07a73e00592669db7e92df19ca54a188b2a9dde60d5167,1,1
251de88cca49836a8a55a80704530380b29deb889a49532ebbf63f12fcb2c9a4,1,1
804cf75422f9620441bc0bfb54adeba830d632bac561803ffc8d246bdd3324f1,1,1
31ca45a21c5f1d052d2b737a995dc842c3cae81bcd59a14495f1d3d37b0daf2c,1,1
5bf7387c9b765900ddd488acf057ac1184d585ad88d41e81464890cdaca6ef31,1,1
772fa9f6d62021f37a699a7ffd45e558795678f3e54a89566014f580cf59328b,1,1
e4c75a0b43adca234b666838db62390add7b5b90bcdb7c6bcaefb55f57de4aaa,1,1
f83a3192179bf35d8e7cf116433fed86f1933c1fff3fe0499b1e40f7b2548dd4,1,1
d7d52eba4b5899a6f779a6cb8174b0dc4886510f645049a35a1e191f06de7f51,1,1
f7a13f8ecb43517b409c389abc974787e19328239f376f0c14500990b9e64578,0,1
17994dc4ee11a85201b25123cb8b1fb64efc9fccb4c556891040481529f287b0,1,1
95ab18abf0cc6427a245ce23044b37d95c9de3910e5262c6c81d755004a2a686,0,1
a53784c06d86112be13fd9d370e395b0ce07e53685016c73ca719ca5cc4e8ec6,1,1
e25e43d0352912a8d2b0ebe9d9ce09fd5f9924e1d13282608904f3fdd6630836,1,1
552c430521a752583d5f0666cc343720830a0cfcdd5e8298b33f472487ea4011,1,1
22b11721248ef793ea72c6bc5f448135f6dbfc22f4696d3625ad1a2d57b27088,1,1
9e3f80a812a3cdd1751bbd673c703a0f9ab8a6e7fb6594daa3405caac35ac6eb,1,1
a242079c4fe0e57b2c7b4a46120f49090673badd8bf1076b41f9207389226e70,1,1
879d051ad4135074835d46fd86c9fc14bfaf9d20b1a93ea27c0d9422b82c57ca,0,1
3791689225581401e0f6009aff4380cea3512630297bcf91714c388ee3824027,1,1
aba86a23e433dc45e9597cf2e16b97dede26a1370d016ba1cfebdac47ca1508c,0,1
34eff79e0e62b0a6bca2f84f5ddd5f29a26e24b07090a199c6fe45c383e76ab4,1,1
ed33e67f9bca8e7a17f0198a4bf888a942cad46d1f71fd8bd3bd56ea28913161,1,1
93a078dd7215f4807d3a534b1231dc509956375b23c5732fc3a9b7372f3a1e63,0,1
a57e4249e707e327ffd71cf822092b4cb98c14bb622c553a897c06132e3fe1ff,0,1
77124f52b8c87653ae94a74157feed75c57801d4cb6d063f580fbd23bdb594c0,0,1
dd0e6f1808f480bd7b9a094a359a5f4ae2522d3dcf03bc4a495d033bd6116146,1,1
3399e21942d90da07508ecb50b0363d6447f314ca06eded86a47abec09001c1a,0,1
b36a350633909e444e9dd97d6e15e21670b558cbc2832ebd87e94e30a72e9e09,0,1
a12948fd9b66d10a42bfa1594eac57d42366fdd1582767c2dca8b16b6d08ae03,1,1
3ceedae6498b37f44cf4b3ffb2c68ea7a148509b4f0ac5c9812e2c83b670e869,1,1
bf14ab4a41db83885145878d837cde6dc36db7fc3cafef1036948ca156c12ac0,0,1
55fa9bdbbb0e5e120b7ecb3669ca1ed45350aba67295ac26877e8b94db6a6409,0,1
4602de5ed15416e4c2f4170776fe15f2f05ffbbfd283a1849949dc467e158fc4,0,1
7b58fd1c1f81262b5eefa1558c840b346cb938d3f00b285ccd206ca9b7311c45,1,1
d0ea2da689bab04b52b2f150645e8db4c9db212a17e3e95ecf870f7cbbe2ee43,0,1
637bd7482de219dd6fa23b3d7ae746c2e3bb37c5a2768f17de0cf1fe3b76dc16,1,1
eb5a3756fa41ab2bcac04322ff0c5120b6db4f7fe058609643d40f483a83715b,1,1
36194ec7925b9245863106df14e70e312cdba101adf7de028bbbbaa0b1131221,0,1
b23f42b4a7980a2fc8eb60094038443b712556d2deee577703ca7d6145415e06,1,1
63d31623643d705a6739547bac8cc41fdf9a9a34db987a96379af152c236209b,1,1
f712e70dfb0622d7259349b1a8ba1aef5aa6d18d040a0fe57cd38781e2d91a0e,0,1
1bed83a64c563660761c86551ff1cbd221ad91fcbdce4384f40939695baf9413,0,1
9cef4a42248b86cd0e31566d4f65fbd82da386cdee9e008144019c2186a92435,0,1
a1097e4480731fba5047eaa48f66835a7e366b72f48435e32b5e2109425b7a8c,1,1
5d94ccf3f3e8b4abfe0422052e665b1a0cf9bf1fc93fc29e38df00999d6a1932,0,1
8c78afc74807c8171bc5a92e185f15ce961771f3b45643b1f225a9b6fba88ac5,1,1
2413233068099b4604e13a9a4b59f54e2fb995022ab67659be07536738dc11ac,0,1
1e9b28e4aa677667d6b90720ccfb9a74e8d0c1cfbbed538c1e3ff2019e5b6906,1,1
86f97681ccad7489b9c09de13ad93bd7a47449083c6fe7ccba1696e507ce6ac7,0,1
5811ac2d59b154e4c858810529003141e5fc7d01cca0c515a5ade37b4f025f53,1,1
2f7a24e21f9a7e87ac3fd7047c5a1b3ea1d04a3a23fbb4ca74dbe627bd8875d8,1,1
791ae34dd169b372c0ad421a2676407625ff8e2d0311e61bb622a3e35a3d0655,0,1
5836683ab705450d2ca65c60865b5d00afcf725d91fd2fac2fd5ce7b9dbfef25,0,1
0cbc049f72a9a30f3e736b7bb719133d08d17f8d2a20e6a4d43788676dfe9427,1,1
e3a0029e0f337d2625605769ae69d6e37b461fb1d943c50c5992438f57c30c6b,0,1
e87dbcafc9e72e05a7cbed0112fc1e7f1c37a3a8bc932a808181b88f5f6fd628,1,1
30bc9a7624dcc7de30119cbf0c09811b64b55d77d2de1116b8e4d9e1fb87a592,1,1
9a59d388174f4ee1e15e09cdb5300ac24d515a67b5a255b84b236957381de531,1,1
668e3e4bf46198b4360caebbab9323cbb8c788e710bbca4422782d6de7848140,1,1
3d242f79949d190e3de5d2a2f7eaab494ff9809e1817d1e200490de3fbf84b45,1,1
f4eff6091649e5d1cac62a212091b25d8c489f03a90de1d30c393a4b1341f5a0,0,1
d39fd858b2202690c6f6e798c787d6e569d9621f052b30aece89ae434554136b,0,1
75761475911a0a47e6e5e0b1a3f608f29593d1b5013034ea0163c3ed3ff46de1,1,1
68f5c95a5d8b39e2da1964f64cda957724845abcf0502895a5c168adbee8ced7,1,1
850e26be2ff768f404301cc22379432541c68c29b77c6e4aaf53895044431b8a,1,1
83450a708bd2a23bb44a23c2c2e686b4bd998a3287b9443fda7fc8b39b7a4bad,1,1
70705b1d6861773b7f1677797c091e4775a04c4e346070d8f28c0f16fcb8434b,0,1
9cebe40ff86a733942f5ed6d44fbe2e5a4ee9893c8873f4619163f72a7fa3b71,0,1
e5488c526f1d5ab81e2d25b1e44bd47b3d0f66b6955b53f08c7f5dc813ac8ce5,0,1
76b201dc6172193b0b455ac6166153a9f0519d2ead1ac03029f840da05b6655a,1,1
f07f98e57c9b773fedeb3553a114e6e5c13f07cb0a2c5566454e66673d3d7b4c,0,1
64020f35a8082627a6439758ad5b0e7eabbc4967f9a79f1bfeb4496fe5cb51a8,1,1
11f07d68bc7d447e9fafb1c8600422e8ff2083a7edcc5a25b1328efb01e25440,1,1
132596f48ebaf5dcb3935ede534c22570dc47a31ab1bcd251acb290305d1147f,1,1
e92ecf3b5349bdcb81bdfc32f7a7fb19fe8cc2d4f71e17797eb3437175b21d2b,0,1
06a2cb045086327bc47a6b2a18a724befaa82d57e8135ccf319219025d261543,0,1
435fe9ff6534259e7b21147cc161e3a3bb8e40a8b59f71cba61ebfa7547fe30b,1,1
9dd543f9c5e96a1ede43576d04cc7205b46c18d60749aa989ba42a8aefcd2cbb,1,1
c54befc93dbada52f23e9be81544e8533642d4a5531bd7120aac6f938bfbd038,1,1
3f981232895f23f90090ce1362987a1a87aa28ba5a879de3f5e5e1bca6dd590b,1,1
f7f51621d3c656d46206ee3cb846f3b9101079140c0196eff76dc8ab3b807cc6,1,1
57b31ac3b82dcb426c505d611bbf3a7c59d039c47f79cafe29d89757ec1b16b5,0,1
31c8fd4a019a522d1c020a43a51a917cec884d753a155d83b9e6cc9f260afb4c,1,1
dfae1294ac31d5aa287da03d4c2ffedd9e089fc769e0524c0454c48ffa51702c,1,1
f55f69ce75651552d22fa5bfa0cae79fc9b0e97b9aede572ff6d5ef0a49a8573,0,1
25bf67d8934c2dcad515b2f04ef64087804c05ca87d3e1f7dd7c251ffabe4352,1,1
1cc4aa3438219cbf6177707ceab5bd784dd303e1fdbad10662ed26d35038105b,1,1
d77ce3bcc44e9f8e2a3253513a78b221ff1a17a5a7e01861034eac9a9c8d63e2,1,1
849e316576235f7cb5dc88479935580bbb6444a893ebd9ef79068115bd3348b3,1,1
ba453ea2435d81ee89d1df1e8753f41fca5e893a6ef0cb5a719cd1b3da56672d,1,1
c986dcf590af40c6540ace91829b1bbc49416bfe715acd80b3938685d1f8f54b,1,1
a7d46bbc382d3ddf11e3ac5234bea85706cbf01b8d1914361a4193143afde038,0,1
0f39baecd8cba444c808870c048f88b676395720ee514683c095ca1c19590183,1,1
da1e0915f2ac1a42318ebc194de55ae22c56d80d0c33437b9240ea4eb363840f,0,1
7abeae0810970e6cfe0610f2c76f760a55e271a9385678f01fed0ff96ea6c02b,1,1
a179edc8c4d1ecaca9e9150c1875b29cb3e30a7fb87afa21e9d0f4003ff8b458,1,1
c7533cdb9a47746a3c1bb563b2e7c086ee0465ee8c401baadbeac5b61238a785,0,1
fd0029000f7f677440a2162fa58aacb4839f2f943f4e92529e08fba0bed1f3f1,1,1
38cbce8a19b3567b57c94c82b8160c852a017a5b555392aaec6d9f168f36513e,1,1
cd84ea7db80d48e33e630d80ca10304f5857682b0902d9c3a892ec5ae00f595d,1,1
359bb1716355f66c55a45211ca964d03e72d9e47746a6e5e3aaf3acb9409964e,1,1
a26a28e77c1d350d331243b792e131e7d7429570d07381958016c10cecd6421c,0,1
1562a4f71f2ffb462fc7830733fc2758e40c695bb714967c865962c96e2daf5a,1,1
481d31784027926a7126c47a5c6606da85ae38fda9308598793d4c4aedb0436a,0,1
e17037f3e33bf8b6d0de8f73896b6b0f8e42d0154f2f61cd9cf359085c40e177,1,1
1627d22fbf990775049ac5101f66ce6e74101489f297f8ff734edf7017e581e8,1,1
6291d383be3210e7a89ef589044d4be05ea9905f60c5c45e005ca58a48014076,1,1
b35ce808f0076f435f199795b0c6625adb532993e2ab138f28e3236eb9db4558,1,1
4e500f87fe85798970e3a924551fd24f3b348242d19891d10579f3c09e15c663,1,1
da1c5edab8fc5e6b7433fc03f2c7348933e6b6331f570a738d15673d7e25f68c,1,1
a4b3d836a04a35563b76884713b5d824a419082c0e837fb72923146801d802e0,0,1
7a4716f918705dabc176898596deb88f131338f48c21572c59158deeb1dcaa48,0,1
e52ecbcad2c3ca8f67fcd3f27fda2f398ff36824f40f04c370906fb42f0c12c1,1,1
a05102878254a81292a2ef9ae4901db9b67e7dcc2fe9ddd1db4f1ace6510ccf3,1,1
a46e8a32edf3427ae9efd2e2ee7ae360d2f16c64bb0a961d308edf6ef00f895c,0,1
c60bbb641a1b3c57278f4266b233fd66bb17205a2afda687f28aa5ba1de4c0ad,0,1
d64096f9bc34e0716df8f00ffc2953ea01a6a7794ecd3926a8deeb8eae33d1f2,0,1
bbc5fb70a4364f6d25fbcf6f526a36aced1f8a84de1d5dca03e06eaaaee56fc8,1,1
8578af58986a8b7e4b72ddc29e1b5e692d45b8a45c0c7b424b0d755f5d3db3b9,1,1
74e5b7946f4907344c885b6c2098ff20f113af23dae3cb7b1bb577a15fb8d26f,1,1
f7edc40cdd339e86c397c5ca62a0f9d70fbd72e31957203dfcfb8799b0fa1301,0,1
b9f2bf83499557df1ae3ff580d2f061d5662fc312adf0ce62e97c5cc996c9a1b,1,1
33b92844357b2452d15166ec5bb0571869617b99034334c97e5270dd407f1ada,0,1
9493a6a341263d1e4a87f687ceda0b1ebb1ff43e25515d9dbd2da8e9a44d1ef0,1,1
7ea051042f06c1f064d00a2d28a08117a44c3d75e3fad5fd9a028cc685b87927,1,1
b5f9663e85a1cd661abeba5d82a7e0777d63e5469276bfbd950105ebcd9c9320,1,1
917ba29f318e91556dd3939d23691ab1c60d1a29d4cc818b35e17f24f9be962b,1,1
1fee52f474f5447ca3fea89d5d75bac2c7e77b4a7108de2b3b6bb513e0fd9305,1,1
8cef8e8adae25b1e7f057c96adb93bf5708a37de6cdc29d02db86d49be09515d,1,1
da848d28377d4d78745d16c75063a3b60c3b1773db805cf45821451a756ce81d,1,1
446998402ba4891b59ca80d92dfa79fe91eb526e79a5d5fd1b1e8ae9e592dedf,1,1
8166ad20186745916ffa3213c52743110103c7c8f0199221d07de0c6109f7ec3,1,1
d74a05a9525b110d081156b582bea976117dc5c10c6d60879ebd6eef644ee7aa,1,1
c9b5ee2c96d8b539b98648b8864df82354b067717755ccdd8d1e0ab43b511672,0,1
c7174442bd54df66a417a13a0e63e91b32e9ec10d4d4f662b291a99467805940,1,1
f9eadf069b96ce4be5622a809e696d321fe8418612dd794e6b196a0d9b043669,0,1
66a17b1723826444ef6f59e3aef9c049fc92d2859c331d68798c1d21992a0fa7,0,1
272e33b2f1b1e51c241eecbd316d6e13bdf0463a419c10c6e2ed505c8daa7b25,1,1
2e398808f16df16fa5a37ec3203dc5815048a96d7c2f5bf22d5343a0dff23f32,1,1
5040a2dc744d7ddd0c0f21537b51a09e6ed11763b90b19243aa5c98334eb1849,1,1
f50f0f32facb381a1718c1197eb5b9f61faccce8799a79b7488cd22922334d5c,1,1
3cc4bd4cd7c14a11a9c94b2c307b02dcfdc92e3d24d6d3286d98d29ffd24c296,1,1
df18ae85bbc0f8538c56d58d21195820dfaca86f0b187c08909f240aca82fcda,0,1
3505c0cd5e6a841a68cb853803600f31d3af8731b22d07f8b829162cfc11b768,1,1
98e5f762a21a896b6f45a20fc08a6572cf07df1fa0d91e7f1635d533cdc50e4e,0,1
df4927be8ca852264c98eea9d0abbd33b5bea7bff70d87bf85e1eb25550908e5,1,1
111266b2956d46fa326b1f8ff4bda6e57fb283bb28e7a39edd107366efdf81c2,0,1
fc279625719eb9b2790292e141a201fc869f2b3719a7c6dfab1f21c571b80fc0,0,1
f37ea0770e444d689b02266815f1b48da9470ba9b1fa8ed0455bc00b3bdede1e,1,1
c5d37c33d3c8659bc7854bcec29d43177f7d74c46e8e935b069a213e1f5ca100,1,1
022ce5baa77969894c0cbff2525f09c6efaa459c6f93db06b4a30b9465404385,1,1
fcf40ba671aea839502e6f00879b805fd18a53416a16aa32f109ab681023b4b9,0,1
24798bf2a52b693d6f272a0744f03921ca1190a5433d87b3837551c9cb691ccd,1,1
8bcc4002d00ef0ac96eb1a431057ea6ee24591ee10752263836548381ff0a3b6,1,1
7fd372d11fe13ff08dcb8b7b3ae3336631d2728d13b9f987ea42c3573cdce235,0,1
ff810e9d68b82cfd2091812bf95c28017ddff624606999a3fedc3409bce7a59a,1,1
ac10bf93e25cfb3b67e16b13a33d38cdff61f49b815974fa79e51729a3d939e8,1,1
4257a39c77cb80cc8e17f53f35697e109ce5489c9e5124c5763ad3e43f0c723e,0,1
af499ee6504f7710c88ca1a105ee7c93095a1e90ad8ba6fdfee5bb8a707e1156,0,1
62205d8c987fe2fbbf1b93cf622d4f8d134ff16a655b62ada3fcb681d6af256f,1,1
6deef0a0252186e7c80955a9c7e6e7213af821f4b8f0e78d858f7412b32700f4,1,1
2ecf21b5a3ff1dbcaf2e94f01e87d66ce2f6a4cb5f745b4dab0eb87044a24b16,1,1
a04182ef2d02d397a242b3fb151ef0dc6db269d4b4d80b14d959bcc830423e24,1,1
5227f2df8bfa4b1216a9332270555cbdd0f9e0b49c702ba33dc5be64de181690,0,1
05609f4d4c969b084e6a6879f741c2feda58d0f00f55cb14b4c5e9c445455a1c,1,1
85939f57b8d7d381a4fa49e7f11aba4d83f926a01547b4ad80cf0178745df587,1,1
000a8c09c6aadac1c08a6bf5173f6ecae46db663147648c37cce52df9587658b,0,1
d26c00929ec1c93d733064b66bb5a55c1100e1d23d81546c7ca0ac7896dbc204,1,1
7f3c32ee79abbc4a145628781e619bd88a3fb91487b29317f9fa62269dca5055,1,1
bab573331381ff85f93a82956255f954c87c384fd54def83bad14dc81e932f12,1,1
d51a0612efbf1040c6776caff254b3d2511beca2a84b7a36e83a1324c97feabd,0,1
c93c9a32ec6b1765fcd4085d2bab62ab14bf74539821dd1747ffb3e785f0d2f3,0,1
879eb6f005ce3f53a96d3d0b85804f0063247201e9132c43694201cbb7f8dcdf,0,1
b99825292280332f553960561f5b6f533920a7b6cd94a4d4529ce521d439ea1b,1,1
3c6bfc223077eee493538bf24aa9a107b8ffed14e4006a64f62ef7fb190cdb46,1,1
6de695447dbe6abbd85f5eb17abaa066ca6d2b6732d671e024e932508c4a0490,1,1
5697629b340de0985ad4051c2265f79ce50d2a0c47aed5710ae9b322d764ec61,1,1
a06603cd9461b2580afdfa8701b67c9fb399ca6b7ee12d7df0914d3703174d93,1,1
5bf033f08256916812be123ea11d36585b9fecd9e19ecd50589e145c47e431a5,0,1
39081713e6d25fccf85f5043b5e2102afc6da34cc61b0968a12d81b77f23f483,1,1
050a5578d5c6aea2676cdf1216f151238af84b0ec909e517bd13a29f246a6937,0,1
9d380fd50a0de1c86a0fb88a6b1a1c18f49af30f79b23f8fd7256ed117f730c5,0,1
34e183d2e004d9af3636bca35fa36b881fffbf8afbaa7280701fcbd6952e47b8,1,1
af30b0013bcac1862318e7362d319c05bfd3e307543876974d13aa7efd35408a,1,1
97b45f5556b4ced9089b613bdbb4824781bdb67ce74334c7bf4699018c2d684a,1,1
be4c7497ad40190e9103afd046b63a075f10be214c61feba6c32c608c7a328a4,1,1
d510d87308237a5f52e876eba7cdacb73780e1afc72eacfa41fe045c53179008,1,1
e3838d68a72a1cadab54b5a8a91eb570c0a6e3a948db3fdad61e5af51526bc1e,0,1
fba8e38104fe69d34de9d2a9fbc4da8a48f6fdd8802d60ad1e9ab05d2d9f4107,0,1
1d779d8d5ccd39505581cadfeabfb75008db3c9f62faf311fec824ba612fbbbb,1,1
7ed0fe1dae865db4cc1db8533c9f6cc74f55cfc1a55a773455fc2b0bb281c7eb,0,1
a7c70f85a4c87dc8d891527ae821875571258e09d588829d63463529865dcf5d,1,1
ad4510a5db14909e07ec04562001f0b9049c18f2caea9bdf94858e2d8073e6d3,1,1
965c59391c0ec583db919d3b86d1149e4ab913bd3545506f936645504a17f0f8,0,1
b5a4304b6a323ca41993365e7a5294d97bef5cf5398dfa0fbc27858abcf0cfba,1,1
234cc3204c840e9eaedc08b6376fdc8400f32b0e8b8f63cf38b8d468bcb33e50,1,1
106c191c3a313adcd531d19488d8d0298cc1a43ff7a213862c660de0feb777ba,1,1
8fe44d8bc0ac5781a5993a0e6abea1b4b211c617908e13bf981a99c8e4b6b544,1,1
f256608589df962c0c92fa0fd437990dd29a46c66e2b7fb700a7d6b51e774277,1,1
e433e265f77780e136e54060611fb07d3e629360064d63c7758b73eae57cc9cc,1,1
e643864321221e9c86758cb115a2dadb890e3b090d89ef5ce7d6cbac3ead4108,1,1
3ab858cbbd9162eafedeea652d601ea687609cb5e68ec4ebcb6aee22a8a4d005,1,1
c5b7947fcdb203fa7eb21f5f64dd41bd5e3f00fc1749afe0d3ab142a31eb4ebe,1,1
4657582d9fc2c6ec621307ef0788c0bb46ac41b0d59d392df6ccc0c0db55b360,1,1
13da81e18f9e8841a0aed76a261f082bb4edf703b5b1b46882137727171c7491,1,1
bd231662d69dadd1911b789c4d29a956cd1ae9cfdfc3cbd0dedd3732bf84a09b,1,1
f70808d96890ee1cc9ffe22fe15cecdebb1363859bf4de8a996b058e6bf4dc1f,0,1
541d7b2317ab5d8518eabcca833ac116e1ad2aeea6e984f5f9bc83ed57980df2,1,1
fc2866c30567e0deb3d315239288b96cd2d1dbfb01f31f8adcd39995123bcdd8,1,1
b60e433b41671b0cf52eed9005c9974675a98f911e4856019afe38db3e60b260,0,1
d038d61cb9174ee550e253e6a3b98106f86b14cd61fc552220a00c3c53618bc4,1,1
647d9991f9113b94ec4ff98e5938437433818833f2534b544235660f7c6dd8c8,0,1
0803729ada2f963e8b14ed7dddc4402f68e7f69ff974585a9d146538565fe5df,0,1
09360f0627ee965574640f6f4cb3f2e41ca4dccbc444704740f96ab431f2458e,1,1
3bdcc74a92cc7e2d56e5d697734a7a1a15ed6bff5bdf2e36e02604699ca71eb0,1,1
820181ca0aa7cc314d8b3ea3c657dec374a69b0e7e0ee9860612a8bcaa881f9b,0,1
acfde90d1d06790d9a8a4eb436be4bc0a1441daf74604eb227f274aa440501ed,1,1
c4a29c7d2259d018d2d5c525debd50cc684dff2c867e43557d4528c4169e9547,0,1
fc42ba573a1ba4a33954096ef040040300bb6aace9b58c514c0bb4bbe4488ade,1,1
09ac2f038e6ee79a9d4d7fe23762254cbc077f81fc6a85451a74660a1af35357,0,1
53108919ac30b5c807886832842c256e1167c78ea9bf32d3768014fe08682ae6,1,1
7ae8802ab28e5f30928efb3a3b48b818b4c75b63065738c66456e38655b4186f,0,1
acf284064a8a1be196d378d6f352b3942cc82b167c5c533663de5f87a3999846,1,1
952208be131b71b0a9620f155cd38a7cf0e926b24af060b9ad1724772aa3d35b,1,1
890c732e16b17ced58a5a4f5675c655a1a418bf696d62aab6d39cf235a001f05,1,1
960a221c332c900201fe03ed2026890dccfe12e9c97ed55ebebdca0fe95e34d6,0,1
b5e8fab609cc3f76f23a1c083a91dfc67a2d7e335b1ab81abc100fb11d244879,1,1
075309a20c5d3502f8c2ad5885beb7b7333451c6cb332113ccb9de761fd48fb1,1,1
88cad94eaf3f8c41a0bc9f99d2eee73922245cf0a2cfe9cb197a408f0bef0734,0,1
e914dc939a43c7c8cc244598d060a5c61fb3a1d0cd65fd1ac4dfa71ace479c76,1,1
2debbea915658d39e66ea9d4860bb0cb26c0daf327efd953236b6f9528f87b17,0,1
e9f969989d91358801a089ee0d5e7ec796394750be97a7e8e126676b0813901e,0,1
f7d94b0cbc5d39946856616eee0dc75afb2f56b7e4ddb11079d01e3c4d47b1dd,1,1
e2707680b27a45b36ff958e913f6f401afa1ef6a40980e6e6d29bb242da3ea77,1,1
5e33f9dea186aba4da5ec74f2d857603363c1b2698d4908927ca6c163ce70663,1,1
26fdf0eba32c2841c7718da113b4e8921d9797e85458c47e901dc4fd56b597e4,0,1
9072146e38d07b04064f87d4a3f38f0f9ccf70137f5fada84a23cc8b355cef9c,1,1
1a4bf5b9e9bc2d0b39890f7aa6c62ecacd9a2639a4bd462ecec0079cac8a0a18,0,1
207526d163a66dca1868511bc7e732809b82fe95703cbaa36579921b5f438e9c,0,1
c1501cd4538620ec35df571049b111b8840d8f63f552c9e4edf7c38310cc394f,1,1
ec8f9c703182fc813fcefec5f7fc5ac7889cf8a5962fb8fcbca3b1e24dd50e89,0,1
ea830c680a99669a8943b158bf84861d672ee435a0d2c908a7f5b0cddbc79948,1,1
8616bbd8db1aaae7b0bf5fbb611a73f4d129b1136cfba5ed35caee7362a6ff51,1,1
115792d3675ffbd2ffa59faa9b54ac135f6d594c24c698fdd98cd687a7d95bcb,1,1
11677192e67258c42d390470300ed0781d1442a59647d9645f91aad91e7fd1cf,1,1
cc326e56f057e2e474aa384cec0c0c1766861737f092b960366951ce8f7a80ea,1,1
c96d05e729131ffbaf739d7301674d51db689036fee44aef60955882be91d613,0,1
f5e62b393588c9aa2f72fc9ddfc1b65133c9b08cf965318603e033b55e48f49b,1,1
8b19afc39254d2ed87cabe8e56f67bebbab74dd27a34dfc0263e3d6ff4094ae7,1,1
b4a0c977a50f9fa4a6c0f2b6721d1f7412b7839c81432dec7cabf02bb67339c0,0,1
4f806a9fb55a7f623d75c5552661e0a720709c388f9b97e88d233e0b250b0e53,1,1
123c39ba0189e8d794fdb9332f9cf6a6070ba4fc5b40e9748907c832cb3982ff,0,1
c1290719fddc510849a1c1d857f083add039f7fc890ae929423762a00effb9e6,0,1
6baf290b07cd899f79934c554909d325f4f0a09f1d53afbdc24c7451eb626106,0,1
951ff4a771a00cd80dc833a0a920ccc1b313cbf62a7eb4f2776f471df5369963,1,1
cfadbb5f4f79f60e80948972f398155d1b754e5b1625d8bea07f664e397506ca,1,1
0df35660ec69f2ea764d8cbb117c7ebc787db398d773b39c6fd4b79e3601a4bd,0,1
82ee7cf28e1ae8f1637635c4f962b451129282e287cef4b43ed6b5bbbef3819d,0,1
2b81f34e59d4ce557cf90791fd5b4335a57088a6e57d7f689713b57f05c57edd,0,1
180134f7d19a82677a6b388ba2d83a5cc35dc2f52b3326b520a1bac22e7d957c,1,1
b17307f2907c78e8e2baa88152169287c8b3abe9587014d71d2ebe3c9fd24870,1,1
fbcf0dbf54eaf9c32ddba2146250feee8a9a95f40f0d32b0026f27ea760b0f65,0,1
d3f0bb589db9c916fb1555c3060f3af9c680ec22f33f39cf73b361e718cfed45,1,1
ca4bc1c20dd40d91644bb900a55efa209d9538b2359ed7060af4cf75e6ad74b4,1,1
c1f3ea4f93cf76cb42df46c84753b81aa5ccfae4d5c3673f164b236cb6d3056a,1,1
65b3c3c213974c635e4d4c34ecdd23bbb9d48906a0a1d9dd9b787037135542fb,0,1
3d418c669a7bce3f7518ee1903f77667c031ac656929769e667015dfae6a9be2,1,1
9376e72008ee28e8fdfc58db5d7aebecba8e9c9736525e42d6453df37d9f9c47,1,1
3d55a37c27db41ef679979661d13051447fc4f4dca207c5a90d05b0af9746777,0,1
9139ea8e367d1b96cc418c1848adb7b9257e6a727ab883be985133387dea884e,1,1
0633d601083765833c504694a3fefd94bf053bbab78232bb2f2144ffb3b787b8,0,1
be72e275c0310e9b97d6a88ab23d6ca148673179d1d17f74c269500c910b5a23,1,1
f3fe5e54d0393b84d9c67f5fdff1b9f062452df3c4d2b1a43379b70674df3b32,1,1
97fcbe678bd58e38f790074f0765f04812b8096d113ac4813f8b10536f76c859,0,1
18869f5c11d99a8a3bbf83917e43ad87655c9e20ed14aa137c923a521c462496,1,1
fd57fe965cd8bd2be8cd45255b385bf3fe6343f3314226a37e18db232db14957,1,1
0a2871da169b1b768fd1e6376c272651050d41d5be27d1c75afed46805898a97,0,1
bd7541649647ff189173e8c37e71afeae3f5b7761c462000b5dcfafce64a5d71,1,1
1b929c73848704dd021754db77f98a0b66c8b1dc4490dd3ab42023cb2631c12a,1,1
b1ced15eaa9942489b972008069aa7309e61a98b9d78038039ba3b83b45935ae,1,1
1932d2f6ff781a32d1085b3cb9fd0a3b1a06c9b43a39c2a1e9f53d3cb22ec36f,0,1
b8a2c071f271be3961e3eaafb1a1bc2431076aa579fc7786180b3816aa5da38e,1,1
772397077521f8ab9086e88cfff6fe57929166cc3857f50965956910f328ba24,1,1
dbf110dc9dc7ef53e8e2d25dd328d5a5c465393631370b33136bb977c2c5ff2d,1,1
80e67742825fb122a84f06e4527e6fb1f94d4f51b83d98e24e94bcda10199f44,1,1
55dc20a04fe734a31cf502cf832729d841af682a1cf1dd12a8abb052b6c2b292,0,1
1b540ad5611d3bd439cb6e513bfe01397a3d5d0d6ceb620525f7a8a54f5a2cde,1,1
a3b2fb4bd05317d277a524fdf43a6e6513b89408d00e3f910711d1f7d07742c4,0,1
06a09e1df3e6fb2e12837ca479fd1d963115cd1b0979a114e2a48c89713293ad,1,1
255d581b60263d084caadaf330399c2a2fe18f67b720be0503ae57ad68c3d186,1,1
821e1608d22703708a645a8958d6bd51b351e78a9eabaa5479cfe9ab23d8fc0a,1,1
7488dc0dd29bd2f5036bbbf09047af880e1374eb87302c636bd9f3cb67f63098,1,1
0057ea4440b3a51b3d6bff069593a4c0e5c1541b3d628f32962e46cd67308118,0,1
0a9cb0f6d0956fbae0ebf09d10bae5bcbc5720dcd72448d246c7436fc922ce8f,0,1
3258c98904c8ecc294a230256ce8a00adb413a14c9240fe87e3ed6244ad7addf,0,1
f8f6e9fd994364ed942fcb6843ab6a4e9479d165816bbfb50692c3cb7207a2cd,1,1
066ee170d8a4fadab84dbdb7a517550015c303923b0a530ad888143154c1f651,1,1
62fa47d15f44977fe95879f1e57d082cb21d782f288d0ff22f29d9295b4afb80,0,1
e5f839551fe38477d015bb2b3704036a6f20de0066228856d66cd7227b7c8b09,1,1
915bd8f4331f117e14c808f0773b8511dd2a2d92c9c523d7886cbd526a55ce35,0,1
5f563de34e70560b1582ebfb7a4d46fedcdee2b91d2777edbf6af6976de185e4,0,1
02bd83231ac870c37b7e6727981825b1a513a8c94c7fa2b7046a2d602997d9c1,0,1
d58a1f1e544bd4ec04d419c563303c25af88273604bb0c7166070740cabee3d1,1,1
588a99f184cd35fd9df3af4b615c39d9ba0b545061aadb6dfe29abb64dee5f4b,0,1
f6e477367e438760e860312657780f7c4dd46143fc16f44d3937052328902ba4,1,1
93e443ef81850106f3a84987c773b864b4bf52d3983f5ee5a92c775eeb80e4a6,0,1
57ac6a084dad92e60dab9f13c965620d7ae0cea897a1aff15a98e5f0071724b3,0,1
1f23d8ad5123455a231de3a994b590ff64625b9d3430fbe1eb28c3013f51cfa3,1,1
5f2b1a324dae85e17ec6593d5a5ce9fdfa990de1e1824ba0e37da1129e227658,0,1
c3fd44679e974652852fd10472e6147e8d84011c7bd61b8babe6159c0335d6a9,0,1
783b73aa8d98e630171d61a3586a8ebcc742d81ab8d546d4c1fedf712711577b,0,1
fff9f8b036b7501d86391f07ab5126523926b4dc235b004c51b70c5adf5fea24,1,1
caad04cd3963ea116e2f13c3fd27f728126b1a1e62cf40f62ade0ac5ab9fb0ae,0,1
9674786f1e7e8111fe8073672c5ee5f6ca5e64938f07c5a7dc41548c16434aba,1,1
3ba8e9a83747caeecdd5b4c81b06f5a9941aaeb1da730c02a7a876c1c38129b3,0,1
926352a18d176e444789bf2fdf00b09aa3ab541b7797c43a2a7dddffd9728f1d,1,1
86a11c865d6710df87cb75fda055ed0b2affbee7f6499d02f7d2d7667386ac7e,1,1
733dd5bfcbf937b0c68933afcd21347f3f15167b07d11e7d4cbb0f6467115ee9,1,1
7489c0857119ce190ba3f4b9c38c72216af342e82a04b966f8a7a5809ed11d53,1,1
b48dfc5942d7601c8c18a9869e66d780294c75973a6ea3c4bfc3cc31a60cdbec,1,1
2e1b56101fc41420d4ad806fd20a82c406e311eedfd29a6a7b19291e73570b4c,1,1
2a84b7b519c59042df565ce6fd5d9408b76b04e09379dce543135270fbe413d5,1,1
5897a28aed94423ee03e27589ce0187ab4f3eca39e3aa095989759c5ef8b8ade,0,1
04003a5b36cff10e24e378770e90e604dcdccfcd8a2eb8f251d9fdaf20ec997c,0,1
b79d02c21f7babe3d9be04b7f2937e35883dc43d98c868f1ed185ad9f9631aae,1,1
b0c8e7a6f625df45fd55b72bc5d667e6c1bc9c9becf659c187ea18efebdd6dbb,1,1
3def52da2bfa0c1c2e13449ae35ba85b14ec7178a22403776dea0290eb03c227,1,1
dca9549134d1d2066f2d0b3309e0974408bf38bd1fefb617b5b7b381c010612b,1,1
ce1f6be728b18e47852570b8d9bfe8135442f42eff4e87620a55fad07b83ca6a,1,1
18a586ffc183c43a9d48967d4be284bf36ae31c4e4dad8f9b223946a3c298055,0,1
f2b74f80b54685822b12ec169f9f05ef9ad9502119318802e84a3edf4c77c63f,0,1
75b068032febe99a3a1224279faa60394339213b4e77d99a1e5b2ad36d36ba1d,0,1
4212fe110a2d8316f1a61e790d4247a52dce4bde0a69242750a30e149151dbf3,0,1
341c54a03bbdcfb9bafc073d075a73d01b5b7a9f8ecc696e06f46f7176d8638a,1,1
9d4e4229fdaea027bb5662fd3db29ea846040673963343565cb70bbfcba7eff8,1,1
8d7dd23b438d57ce6f487ca3ae12ed905f3eea137cbc49f889d8278238ef3931,1,1
bc0638c3d58ff3377432bf8fdb3f8286cfa3fe605ebe1e57095c9288e8ff3230,1,1
784083e9e139edf2e59c6645012d4da3c8176cdc6af72e39edc66274e17c2de5,1,1
8e1cf3afe37b1d5bcaeb2f2bb76651d473dce920073061363696fab226a6b942,1,1
f8e3480ed1f0626ea6e63127e1361f7e6658263b12feaf23b7b017a60106b0ba,1,1
3ccb63cca9b7281cf6ab42b27a7e8e26a04b559674555e66490c5ad34c38beed,0,1
a074dd87fa366dc8c8591f8752bc906c7c4196fa43fe8894ee60b5a3069ad1d5,1,1
748160b98f4bc6974302ed538405595ba3341170a42e5c79e0b79a8de0406342,1,1
6110ee8a0ee47a2ff11e59af9ae3bb7411a7342112f8e521958691d480c7379c,1,1
8e102fc1d700ca1b8ae1efa4a330f88a857ccc2d23a7ffe79636e1041b3d60ac,0,1
ab50f243c7a7de57d498dd2d476a4f828a6d63519fee0c68d1468e56e3d9d1a7,0,1
6576a6fbe69e6954b13987f20d53acc256a158916f445d043513c4d498547ddc,0,1
22763ac261297b7a3cb83728f03d13f97abaf55765268dbf27cd682ca9d186f3,1,1
48e3816e8f9dcb9bfbad8c9c0383a2cf5ce7a9f068167f7ed455cafd4d74bc85,1,1
d5b8b0352b84378e5855a5bd6840920d16e73934d2f7b01861cc70f697e886c6,1,1
c749d08d136180e940a54191b7a89f076464504bed8444a9b9c8c56d634dcd44,1,1
263646e043f0fb9bf1d1c00fc25b8258ed0b3379ecea56b495ddd2874bc727b4,1,1
28280266fff58924c24017f0adf0862788ef3f5b32f8aa02598692e7b53acfeb,0,1
beab90e1efba2639ae74ad34c21b7cd39befd2e391c043b55eb0e84df8685329,1,1
5209dd882b785e27ed3461aad6d228d94d5618c5342a21ec161047b5c64494c1,1,1
d493a209e4c64fee876eef77ef9e2e049872eeb2fe2ee68ca65c0ed54e5484ee,0,1
c1c6589a34d4fe5cb826c3698dfc67916b894a6323cc6af454ffb461a7342424,1,1
54f3d4a2415b81e6cd4f5c1e0ce2f6e167f47be81546b420cb9396f21fc1af2d,1,1
80613bf933bc57e4d7c23bd0c119bc0f3f94baab61d7625fc7a55577de197593,0,1
8679439f1334d5d92a06774c3d34441488b6f8e8be6c76409a46738d64c7438d,0,1
70616e6e838c65b0c70aec4b423092fffaadf058b4cef1f3c9bc25bddbe83054,0,1
4303943f3871119e267ecb6d4b1a1ca82b3024f15f2ea4a0033a598557698120,1,1
d85bd80eab2b7e41299f0f9ecf57ed05aff7fae4fe37f165d1cc12259e76f7f1,1,1
59ededa76ffc79850cd31f4d7fd8c2a8699e0aa3c1c094aba531af16d410c957,1,1
dad4aecd9f1b413c3dd08928515abb17acc55b2a86eee00bc4486b906dcaf4ef,1,1
7d912ff83d26f3f222b29cdf1ac7b27ad54560e01f3746ec25266861f413e1e5,1,1
d9a71e3ef6f48311cda82db3561dd7488845eb2da4d6bc8241325dcd39eece58,0,1
0e7f6a2d8927a7f3f9fdb47705d7fbe88e07d9b777091d9a8387c00cc018df59,1,1
f6ce56ddc06b169277a64321f269bdfddfa68669e5425deed8ba73c1e5366c20,1,1
b66d3a98884cdcb6f7e5ed2fb03d595d17ed77d0094b311e64049637dd6c4fb6,1,1
1376f8d355f6c7d7773b21aa2f1f88964b5b186e7d52b937df1c2a33938908ad,1,1
fe5e7f1ee7d1eaa692666656dcff112411ddbb8434285bbd2fedbc11496584d5,1,1
c36853a24f41503eabfa7c305c5a29f80a8097340d0868c85d7d95735733a3a2,0,1
6ab8eefb1b4c065fa26db6fddaddb96b6b4ca1683bd1de0df7bc46006ed375c1,1,1
74df5eef69115b0924c63dedf0b0f23046645d69c1090923d7dead21ca7c1dce,1,1
ce7b04861614ba8e30c9deaa34f0f836ffbc01d0e71af9804e450c584ecaf9de,0,1
9a2d882623342aa043e46e7cd7bde1a89e71e3f4daafa9332b40afd9e9feadb4,0,1
6dc5cebe74dd22d5802f46a958b6387d8ee192783d22e41481a7580d7c3da0f4,0,1
e417be58e07a9f3f6612dc8d14dc78e845b9e0769d8c6577e1f0880ba63b1220,1,1
384404ef6ef44e8eb718abd19fd48c8a2215abc1ee9b70e1db0d9d7cf37829f1,0,1
868ed3a9baadcfb467339c0702d4fcbbe8334429f2e1fbc2be9b989ee425063e,0,1
0c0911dc7bb2e640791def12d5ce98fd88c9aaf43e5c47d97c2f4b9d712b5d47,0,1
f225634f1b96424a18f7ae8a6199fc5b3ccfc5e1998be69b5a1a1356b14493ec,0,1
b8d22c62e8962f9df5f764b2efd424bb9eacbded5e0100b5e0b77c5d180a78d7,0,1
8c25099db3716e15f068b5a4509c7d4a00748817b1e50cf23611177d513fec01,1,1
8d95fbc56488dbc9943c2f7f2215600fbfa17d007433c2606598653959a6bc9a,1,1
432842b7909ba0c1b143746df90aeab4725c288d819d95e68f0825910accf7c5,1,1
466aaee8b423c6dd21ddf94dc0e90ece6bebc63b75c1a3231e50ce62e9c6a06b,1,1
2288af4b54d3f50e018aba001bcc2d5c9b219044067eb54850c4c6e0655c2a21,1,1
d69bcfc2ff52e1415502cb3deb513a92b94be0e4373d8e644db1d559a638863a,1,1
f59267e97b0f7f6b77f94850c252f65f708c89bbcee2a6c286d06cb8daa3f140,1,1
e855cfe03b263e6d29b87f9564763dd4eea9173b15a85ee13f1df441d7b63207,0,1
447bc745088159f99cc3c775c07ac054a894ed8105ad85839832f34a3714c598,1,1
e034400f7aa4f98f76f0df0905cf6aaf02761a7bd0e985be5d07c8488c9bdf66,1,1
29c54ea3da2ba6e610ffe0fda7bcc58f2803d6511188bc3f598fb29d01795cca,1,1
74471e650a4e01e08b8da53c2d22ca27370be3ada8867f1215e7aaa20568b0bd,1,1
aad6e59a57fbb7d69c9b914ce82e886dd312c9d9ac7d22c358708b468aafc6eb,1,1
91411bf75591d31da5ea0a2ed5b98b667cbb51f500db3fee32c17559afaab36f,1,1
8e5a6485548d8b2a0e418df442350204a6167664de25b8435cdecfa81b5743ef,1,1
6b90ae5c3319dff452284056d51ec226fcbb2be46914a4806f4edf529385d6f9,0,1
2cdec3cd31360c242ad20497537547eadd8b1c69188f0405cd1a4cffff082a6c,0,1
0c83c17354c4a71722557fc9d3433566353b047ac50efe10ca4f68afaeb9ce39,1,1
42210f4c3584f088af96a64a7a812466e338403e9502b3785365c0142666b91e,0,1
ad67b0eedfd65466c0ce3d819a0af5c38569206c3ceb7163814f00aa66903600,1,1
8991c613be91ba5a8da1341233b18818ddf32158effc01e62177d881a97c0299,1,1
73e7c5887d34980a4b1259a3e82733a4c21d1b87e0f3193e28fbd06818a280c9,0,1
8a347c59f226fe0b3ffb46abe028f932964db6cc49dce6db35e142b50904fce8,0,1
eb2167b01688f3fc8d7ae787a8a3aaf26db2be4ad344f69d5186415d9eead67b,1,1
eebc1abb0fb12e616c673223268140897566d90a940c2ec1c2024a9d0b52d474,0,1
28418671bb51b9d953f30dc0e496a79f48a33af9e6f01c864fab254fdbe166c5,0,1
bb39a0c31f33c9cc7bcf3dabacdbbc1447ad23b9fa3efe032ba1c1be0fa96daf,0,1
aae8be92ff64ed37777bbc63ece18da9a3399a73d443d2150cd3cc4a34e0e5bf,1,1
49713cf99a1a139c0d084829f47c4ae305fd3a1800244ef60c38761d4e0d899a,0,1
4b70d48e34fa975b5ed74d8e9697f2cf8d3ee17ecc9b9f3be331c22b4734fb88,1,1
e18a856d2c2f0cf7fc3619303128a3b7a4c24ad3819078fbae675fe8ad3c7ad3,0,1
42ce89483b2bd246152d13bd29d1b7dc9139ac1e02aaf2f01eccef083b7a0f39,0,1
dee5bca3a27f47c4c2523ecd4cbd1881917f0430f2377f5d671e04ea5182859b,1,1
9107f44a2030f2509f40d8c1cb7d7148948ff3a98316098e43318bd1c15f41c9,1,1
dfec565cf3b047f06e0a1b7ce2f0bd058a6b27db86b437731bcd0c39ad69a3b0,1,1
c14825c621cb3472d1ac4c0274148f5fe4630547368b720880df27a642933b5b,1,1
0621170ff069d1eaa21739c7cfe2067c745ed11b99a26310a82aa8fec716c0d3,1,1
8c4cc75ca20d4c2119207b87c39edee33888c52cbb73b19bc21aa9fc6b9701f3,1,1
91194b82b6027bc3eadbe57f0e556c796fef471ecf5b681ae88c346417cf8f96,1,1
cfe36b87f4c4f9556b2f54f0d8464c488fc184f8bb53bfa7cf4d1d334e65cffd,1,1
32537374b0c974e61c73bbaa9ec6cc522a85a0f4dba86d2163b4f62808e5c7fd,0,1
2575c7df01bcc21f8d6dc7eaef1b642db7eaaeef27e29a3467346f3ac4671241,0,1
5ce3e275c19f578d84c85f7a81e09573e4b4a112e3b2ae8f32fc8f7cba609baa,0,1
ab8d9094e9b089eb01f67c6c6e87564e1b62626e5af230f0325bf54f9a6e30b3,0,1
1ef7c2cb9de3e62cdb71028dbaad419582b4be4d9faae6509a4219ea66640de9,1,1
3aa66e391349116f333951fc6357863a72d0d233d0be9f9901f36db4f83145e4,1,1
56fdf74a71a3f565056659b64d1fa5a0ba4181e4dc7772d037b9205255b1a249,0,1
13732364f7a9d6ade461c6d944c7581f313a844b479f4999848791e7e53c298f,1,1
6380a2b3a07ce6bd040d866a051fe055849541e7327d3fdaff13a4f9fd7a5276,0,1
6c5aa58e3e53c1dbb1552c549a70dd879c3ecea6f9b2c7b735c98babaea99e5f,1,1
d32a57e8c1cd4600458e31fd5324d5da7fc8a113efa07a57a84556b5682df79f,1,1
99e12502054f70869c78fc32fa05c3de036ce5665d05fa55f93859e7b8ea55a0,0,1
9e96d2c77305badc7a75c6a4a2b1340d1825d16669117d8043470843e35a538d,1,1
1fa95665aae59cd31c31d95ee629fbcafb8031941852582a5b4346e839a7a99f,0,1
a1845e40aca709892868198f24878dd96e65b96db97dd6a9dd9124532fe4c947,1,1
0785675267607efe261f819dc9b30bdc6dc6c7139e1404d34fa02f77a8d240e2,1,1
238ac4400d9ddb43697d57c18272c0cb6751a3f471a002341684462528903e74,1,1
e74aac629b9b43de6cd5b0191d6f299494c6957391d6309362aa55a890b0d6f0,1,1
1161baf1670bfcfc7ecf43423e28f09f3d9372db3f503a5de0938cc00c507b1a,0,1
d3bb695e3b87fbcc90e5866c2ba983ed5aa4b5aaa3315d3837d9dbc9558b1920,1,1
852c1ea43e0889da8ea1c67b0e1d9a7dfd7a87e781d7230ebea165b388cd68f2,1,1
90f8d0fb76f8cbaecadf640459e232b8f34e03dd5ef3123a597c552979f701ae,1,1
f94e51cd90cce53a2cb4de1ad426db4a8eae94f1d11735d0c39b6f75f21761db,1,1
0a6c08a3fff9025432f77a0606a51801a5749bbd724161ec20ea51ea0f7c0a5e,1,1
5d264a33d1c9053fb8ff42104abe80b06eabe8167cb0a9ba65b66b4192d6abc8,0,1
a85bbad363abb0ff62d6156816293772dff373141de000b0c20b4af18c2b5d88,1,1
d65d214aae45e9590a181ff695a037521f735e0c684b332d081f4501b1fddc26,1,1
5aaa21fe9b3a55a3c24274eaecc01ebcfc78f0e96a84c8322c1ed0ec460739d7,1,1
74269f7ef8e78752e4a253586f353a849b1184bb7d05f4a49d2c6c89ac629ab5,1,1
df9ba7302a1a936492c4571fa714558ee9dc1eee5da868f1c86376a5d0b60203,1,1
60db978c2109cff13c4040d3a838e4de0731d98781aca5493b7fa430be93dec8,0,1
25eb9f349b3e5849babe324280bc3b601a6e8d8fb648559572d0fc38754b20b9,1,1
872c0b696885bfa99648fd3d3ae0ea4f82b9d1da88f7590f38fe87d3c038f187,1,1
d801adc5c5bb3ee314605c4e3186632de311a44700f07e4549343eecdf7740e4,1,1
61be460e83bb9618e107d9776eab2681e23a5ebdb4603caaf3fd7c72047bc234,0,1
1378d08d3a27b51d280a1bd93bd4c332024022b4faf9629627d46ddbdba76d7d,1,1
75bc592214666b5b4b0f857b469a44f0b1efd13eaadbebfcf68103f70be14f3d,1,1
2824710865e73196a30882f2796e166e46f6a2fbff8f3b01f8f2b7790d50e781,1,1
8415d8fd2c33275b2c41795a61ada8a7be8fd64c960a0679e756f04cc409c4b5,0,1
a8d9fccec2fba0e38c51eacd8f6e9d8d420cffb8edb10d7d1820f7fe33532e1a,0,1
0dbcd44e71f02fe0514f8bcf8b2dfd0ee64f08a9b9dbdf4af07304d0514a8719,0,1
91c6526be1aa672a38590e8bd2a917646d1ffdb20a2f2369eaa464fd14776699,1,1
ce78f09fd4b1d14ffa36df1b0a9cecd576eeb62cba7e6732f96a5373b87c6fa5,1,1
e41cd6ec333c1aac6cdc4d1e212591774f8e9b3b9801dc0328dc5b0aa2281e6c,1,1
2d3cf6d0e56b58f79675de1e2c76474d4834e8001b16d8bd38eaabda927bcdf3,1,1
ed5dca8a3c33b3736ddd86d446e51d6f2e87a1ecd816872203a23fe12a5b4068,1,1
c13e109df000eb0c040ea4c778bc60c55040d3c7528f6ab12711c0c7cd640dbf,1,1
48ff3f029f4306c3a72f075f777dc9180ce7e4c6bb4662d7a75a6fe032bb10fc,1,1
f083b6ee7c818806ca81c631a75cf040a439272e2c0b4fd4d3aca8feecb2d5cd,1,1
03bfba30e1dce8b57c92b931b2f66750efb49e99d7a87f8843342e50732da4ce,1,1
74eb9f4e90b9e267cf61b54e8bee64b08479f1ee764d9fc8ef14f232047211c7,1,1
07af24cbb8e9b26392e0351a8016c313fb863f218a139cd0652af6b351107630,0,1
e28356b5f5c4d8c31dfe2a2a0cef08ae532f18b0888f47d3ff1876245358eab8,1,1
51a37c74310ba7da1d7803883ba587016a052ffe15c5cd073c6c78df4ce7bc89,1,1
e1d75098f346383147d8676fbf9f368de22b94fee65bcd7247d2663abf930680,0,1
0c74bf1029a2337445c86bb42eb3cefeea85e795b4bd550a578a332e53fbd3f6,0,1
47c43ac1663f9358204f9b2efde92a369869f54460fdbdd3ad4dea7999f71870,1,1
7f0ea06e8fd60747228efbc4c880451035950483578087a2b9265772dfa17bb8,0,1
b99c9998be071c2d449038108d2dee5034da9afff42990d045ec5867258c0e39,1,1
33c51a1e1c28f06810b222b5f4e7fef94f73eee94b85785e9f1dcfe65fb732a7,0,1
d041165b7135663d3e5081cf6af53e4cb5f57d0ae4bf01962bf1d6aaa8d20aa0,1,1
f9566752d214ed950aff017244cc4d6cb82cf5259754da089ade0d370999c407,1,1
3567183660a408b3c0d9fa022bee09ef41fe026b0b6d984f9b24835ab133aef3,1,1
e0ebdfd46eaa14110bd3cb41e032849e3de737ad9b41076b044a3a3170cc5802,0,1
90e46aa0f8b0d0ecc549eec962cc601d2de983442803e913fa089dc508b9bd9f,1,1
e8d781f55ad19969692be12f5830e0203bc404d9243cedef3c712b390a3a4fae,1,1
2b795d4418976598cfec07885161715c675abb055b949b4d35e70d104723546b,0,1
302b1eadeb9406f86a16bbc6c303c4c5c66d29e1041396ab274d71d85760b666,0,1
6e2ec7d7918977223eced199acb394e02e36e5b1b5990891032892de77da61e8,1,1
5ac590917023a24e34a048e915b50ff1c7e573e13fbac5b71e5fa35d4dc4c558,1,1
0f4678ea3e6baf69ccf601e197d89f76e442ece60e99222ed27e2ab6c1f04285,0,1
b8ba4c698c5ae31fefdfc5dcfcdb73cf3d9942ce33adecf27554d6c56d89fd20,0,1
025468ab86ea455def4db366d0282905c03e9b514a23352e85d1b5fd000b9270,0,1
dda26dfb79503580a663bb8c7e26eaa48888a196490a6d86e08e75626544e599,0,1
f8123acdb986c1485501e7c651eb3597124d50a41161931c0f59301c88ff9638,0,1
ea84016892b52981bb023079025c9de87a23d30bbe3237f9fbf45154af4decdc,1,1
5f30372c317607cc6d94216f975692b48a3c753f6429cdb588dd2737ecc88dba,0,1
546ba06a43bf6c854d87b7b9dd385f2cb94ba0e419f8e8dcb07c8c511d8eea55,0,1
83d701456c94c8c6a44e44c99b3ecb27a989b1d04f027a742e061a6088093374,1,1
e5fd1e4ecbb0d4cb2019b6e3292a6990654cea8dab7d4f664faa0213d3999590,0,1
8bd17abc86b6d806686ddfaba1ad19336861b0eaa91d557816180c4e459e18ec,1,1
6cbbc5127283b3c1835c43b8e6a81c077d2bfb12564b4ff22dfb47b183ea5eaf,0,1
6267d6c8b534462474b7a87361b1301bb1ffa7a8bb202475d0056592743b4d71,1,1
176477ca7d6589768039cf276847e0523578a1ca4d74fb0c0bc2cbfbace81962,0,1
65a2370aea2b09ab8cc7e866557728ec4bea728cb53b89f009ba515ba6de0511,0,1
6edb41a979dbd22ebd000abb20e01434c85220e7122c7dc3739d47bfd08e9e06,0,1
ea55e3c1e9bbea0767cb8eff767089ad4dca73d252cb979be978ffa61bafae42,1,1
60bc0d72b3868e231ea3cbfa0102167bb95b3411525aa67166902589fa15e57a,1,1
6ff32d5319dadda6d83df84f198ef131350a5dad39e2b4573269ecf2aa0b9909,1,1
3d553283ee772b0f874bd5926bb6d96f00c9f424ffa4b3bb72c290165617a6e4,1,1
5c14b431b47b2bc9b64dfb38f6481f629d5087f9ac50df6cbacdead29c945177,1,1
8dd53c149add48b83b7f81274159a0cce71d8954b8379a6c3923f7cd2b45a657,0,1
37002217dcce8465f9d6c660100bc3e9d3b58a873a536a5e1f43c18f69708670,0,1
336ec8f77391a647f316db1ab51ae538e98e86dadaae4fe003fba9967a0f788f,1,1
72d1293797b783bd2b10dc3326de2eb4275178bb2b10149bc27919ca67daa879,1,1
b977f361c012c0e976251de1a19eebc02106dc6b7b34a062913a6c144cda7f0b,1,1
b1334a7dd6aa81d2d80707305fad3a6f8dc0fd368fcd965eed35511554ab0190,1,1
8a7228fd521ca3ff64fa38b1519a450d5718f03d6b975c29ffdf00d329956871,0,1
f757f80d01133a538eea96ae63ab5798305d60e7b9f302091e6f2161a00d504f,1,1
9cf893fe997b7ce2960750964ef37775f126d6c18500bbb1358c421fb4113560,1,1
57d6a769fb6ac23d30d8cc281e19c10624b439dea341cae3160a8789cd2ed807,0,1
93419e3dc0a7b6c48517a54e598e9a311fa982ef8207d3de7fac0cfb6e2a2576,1,1
1c5c72d88e9d9390474484d5a1b4aadef5f79ba3184336286d5335d4d8c61293,1,1
de76d2d4fc03ce38bff73cf73f46a7bbb3f0cd4dfd989cb0880c891c524e489c,1,1
4757373713837d5ec79984bdbd08d3cb5c27dd5beca061c46bbed7a9a82deebe,1,1
4d741ed2f9bcd9fbb0cdd5b571efddb539a2cbc141dc8e9dc0c777f4b8b49c06,1,1
dab4ce3b2e6cb83849eb6a5c244d31e52a7073dba8e9848ab7edecbd18958707,1,1
1ccc71e52fb0b8310050f9aa180a35422f092babd08c7a807413529ba14d3049,1,1
e29bc3b67d2aa450259ff0b1cda6e6233c92dba089198e0cf67dc0d36c5029b0,0,1
087a8ecfa83d9ef259cd7e1111651114644cb1a2f11ced29f776bfd5b44e6e16,1,1
15e9c6d0bd2a5e2c694af0e4851ea85cadfaa79835fb715c72de68e98c08cba9,0,1
37262c9f2a2caf0f6d292f1e8322f0b8d99c7098b790adaba8591cc273f3c31a,1,1
a486e0cb066e4b6ea113ce36e47f1dfcda9f8b2c07ceb09319c734a028dfa71a,1,1
f8d5adfd5cedae4923a6ebf36b775126de750e0a66951e700cf2981cfc215006,0,1
be3697385656cc3647f5b40600ab63164688e5ad454b0cfbb16bdb67d3a72faf,1,1
8a55b23ead1b59dc3c7fc77fce2e4916aeb00cb1822566f96de4d821c3f201e1,0,1
c558df665099e1623163046f9843eb86fdb9e9adaadde6933fb75f5ca6c2266b,0,1
65fa1f39d73973db2dcd1368c51771874c6f96018e675c7f6662375421e5ca65,1,1
1a7f56423356b7a0118ba711af8c4ed00596e503f5719dacb85a4c763b91d832,1,1
df9b333f062bab87774baa79d83e229836685a9c757db6f1ca2837b078d98b0d,1,1
5735ef67c54d4d98180631d35effc4b5959f6f15909b5e2e4f06a3359217a1f8,1,1
e0388e9f651a6c28cb9987d28df14fce5d6bf57c18312efd57483d1e880a2011,1,1
23b832d711e1b27d117e775fa2dd6dcf5a0d91165cab563365991baec5fe5293,1,1
6a99965b9da6d51e3f810892296c5cf9795e96062f980357f783fe8f6a647acc,1,1
bc55981e9b598a4134158b964ba85fecd4fdff639e709051cfe62fc0ae4cb05d,1,1
d68870949f04281abd096abf1e3b961a26cf0b730016cd587a866dc760bfe022,0,1
17cb3dd7b1f9f49f2437e7938b40cf63d71aed4f71529b69dc2bd158268e6419,1,1
3a73ab65f49544bd9779c05c76c883ca00bdf272b7a152559c431d1afcdb24f4,1,1
083e4e5376d1671f0864a29de91a1623a8cd42147ead79a2e85e112dbe2804d3,1,1
fe44d32e72806c8c0bcacc69802a3d18273c01fe9ab67dc1a611131c246fa6f6,1,1
0a06369b4c20e26d3a9b59a29591a8c936edef7d9f4a27a153b1a58489fc2558,0,1
e86dee5e3b3dec64e4da8610d165ad8ba3cb6ad05e20e9423b09d082192eeefd,1,1
9dec943f0ecdbb8ffaae0e14bfe12c806f4a3d5301f3c1702ae3e6d8fca8f30a,1,1
db092603dc789113bcabd7a8d3b4bd07907cc5732fdaf13d73e4731b57d760f7,0,1
637dffef0222cc5d3f014cbdc2059c3cae2b7f6c8e95556de084c9ae4c282799,0,1
61a97e62c1f8b8a60f76bb5d1d25107c57f2fe08ba8eafdde836885d5c974dc3,1,1
7d57dac6086b67ca7832f320c1f4c191748a8d030a271acfbb1986c905d2c485,0,1
28dd15f2b3a5f7fb7006817feeade6acf14cdd2782d4cdefcabb38a79ac27a90,1,1
752d97fe5b685ab5343bd089dafe2697b4929e5f202c5c36542d2e28b0e35d72,1,1
1f924391a1363264dfef5f6b55ddf004ac407d8f3ca8bb869346cbd42235118c,1,1
e3e30e307572a9439789762f745690fbe7743906934986fa4632572d3ad51037,1,1
cebf2c6d7bf0eba0074c228e52b03fbcef263585ada66789b2bce5e9268e09fd,1,1
94e97a3be8f4c05db0af92b62d189a3ef6f78b882390ac5f16821295b4fdac22,1,1
befc69123828d2af077474c6286d2187a08c64aba535243f67c7511cca797ca9,0,1
cbe2128f7acec37226724f25153c1b4b843fe4cf18334e90321a00d8718f63f4,1,1
e34641564c1a21cb605fce24ac4ca6751bc0750cf2e29a5e005d1623506e856f,0,1
ab2b157969904c390030e32f9f3aab8337a99c3db28038219a013b32794a0929,0,1
592d85ecf5863e172ce3d4d0edd08e90a1663c48040433941b82e191c27ed1da,1,1
8a59535f3e3ba19386b2adce8e67b7b2fd1bc31f9a736620add47f380915a58c,0,1
38199aea5724473bde90a1382ec52c1325168046fc0b20548cb555c402143ad8,0,1
d79e923216857f2e35476d7d4abe76555d849a4395a67d39a064d9fcb7156aa2,1,1
1271b7c7869bff579be386ce6a7bd495dd9edd248df8be3f961b74635cf85533,0,1
9e4d96b5f5b92beda80b6faa2257e76c4eaed558fbcbcce3436b2eab6d1e97cd,0,1
19623ad2bf3501fa9cb9b642d3c158b5fee67f644030cde56e12587d54d1ea7d,0,1
671103516904fb124c1b94c74d6ab55734b6913e972e445f742c30ce46637c54,1,1
f4b9343291a1e0d995ab85df725bcfc04bdca0928e5a7143e88e02dc1f850db3,1,1
12b447095327db9ab8834fe9b9a8121ad51436713c82b3bbf9fe61f85efb081a,0,1
e6f9a09fdf4ca7aee1339c90ffe6add651a516fc85f8962eb57e38176dc91e89,0,1
e7ba76744eb322df0bd90766033cfa9d221335605b523b30930dfdc118bf4df8,0,1
65928655728adc3ed45e5a7fc0778c3becfff7838588ea071d538e5d5011f583,1,1
73df7acd71244fe3d60b26ed2562b4c3738822e0d159fbb4c7b7932f84c4fd24,0,1
68dfa656684275f65dbf21ac4b1059958a6fa8cd2035963988a6c60245284d6b,1,1
8ec48ec22f019b23ab019fc062d878334e5170e66f7d83165ac9ed3b7542ba29,1,1
14078ca80660adac83e44a9830b7a612962ccde6527715a727fc1809b83405f4,1,1
c5c5e8344404b5fd18484c0ce2297d84faf6e8001df53d547903ba6ea6978955,1,1
10a7d909b1f1900ed880ffb90a630788e29b06f388e508daa76e54f3380968cb,0,1
bbb76df712308773f6a5606b6fbf82c1aafb6b440536c41758d39bbeeb794531,1,1
8a6970b25233a839549d8c8377130ff4b6e5a5c9e13014c18f0ba817576ed854,1,1
e1cb967b453d0af4fe2fe82aed86b2890acccfaa39baf805657ed990e4978b33,1,1
ee6c970a08d71122bed437635a0cb876aba2dd59b9a24c234ba70810b8e11549,0,1
3ca4036dfee0cbfacbc3cc5c149b5a2240da4b9176fed3e8ba4bd2d73b7688d6,0,1
30fa6b7e2cb8e8d87d3cdd85a46527f10dc0618939e4210f2c3ed5bdd169c646,1,1
fccbed896c8eb2f273887886f3d617c3e30a57218c2377863089a47e2c0a27fc,0,1
d9c4d6b2167911ed832b72f05ffcc4e921d395e6fe57cbe837528ec89ced7f98,1,1
232024eef5a07f65fa276626e08acac56630ddf826f0b0bd372d8fb3f464d744,0,1
475a1b13892bb1bf5e160044a24dce1ae601158a8b1e69a867a7b6fb7026bac6,1,1
9f343d791aed99983143002351fce6a80dc05b89690481e4e801d53f2e614b08,0,1
8da42fdbe6773b205ab58f8a51815063d0d4aeac83085d2eaaaac97e7b3ccd46,1,1
a8faa98141712ddb6c227cdd91b0f1b4792fbbff3280668dcad11dc48628ecbd,0,1
9d7e76fa7a34ee92c78983a108e5035774ef82836231434cb5d5d76177470ede,1,1
4b5e36cde8e3e7914de2b4bbd6c2a5b40b40d0de1670a1c00e1487cb68a1adc6,1,1
5d2c07ec8e611ede2abf59054a1d232f98173a28b42ca17e18204a6eb18a8d4b,0,1
b6d4fa09a5481269d2039c7904c3e8ab92528ab81188fece1abb61aaae893779,1,1
06c7569868a592fb1886fc3dfb62fc1d8d40954619e45444a1f596471cf6df45,1,1
cde09094f609fd79917eb63fbf99f96a401154b931df1559341c0c514bb2c1f3,0,1
9f2b0e312f42cbfdd97ce2caef56b5065fe1ccf48f85ca538a10c35cf27a316a,1,1
facc2a955fe05f6c16e844990dcdce540ec0bc21c51b2252a8975217f2943429,0,1
ba4597022243226def217b06306c13fb220b2d73f175cbadc6664e0a463922fe,1,1
cd5433ced8e5570b9fd3c24d45605c5d1898d26cba967cdfbb608ddc5709c9dd,1,1
99230eaacca3eb11865079b78802558b4547b5145b0ceab4f1d9c34dbce41356,1,1
723bc55c090e3429e23f8b5c5e5894723a7169a289c60e17f651d25541c96604,1,1
571513cdd211940227e915641576ab1a44fc0d8b0b73f09002b667bd684572a6,1,1
ecb740f5e852f4981ce094a3148dd30021c9590d1a5742744819180de991c6f6,1,1
c44f8940283acd4377c4105efe1df0bf5031a0952fd6cc168d1835091bd91fc9,1,1
94492ed8d2c94e14e212758fe0b596f7cb4b2e069189999d6b33d83a70f98f60,0,1
a506970abdae6f2bfb0ff29dd9cd8a7c578ba3f62b891fa2b9806d84ba514fb9,1,1
69b9a613de9e72ad032555b69a202bc0f29249eb37f7d6379062846b6e38c30a,1,1
9defa4da00a2ec3adeaee415195442ee7ff58bc536fbf6b03ad46c6159c12a4b,1,1
de4958dbce6e7ac584d276d416fd09ad828fbcf3a071523e0d3adc06d83777ce,1,1
98121de999635b2ed87045562e1090240407236cd759022e2852ac6efe774329,1,1
145a0efdee1d0cb5ff4ea82c8880ff2f99fea5bfa82925081b938d91a73ade27,1,1
6fca709c938e6e8c8030d967fa910f936a3264a2aa384fde5c80eae0a95561ca,1,1
856e5c8f3456312e2bc330167575b45c62f0d8d532e38f00edc220d0578fe14a,1,1
63d55104941c192a3fc0e97a411a01a601f6bdee2ceccbaca2f74754717e30aa,1,1
1fe5c027e3debce9fd9bfeff031f9ca8f42c8c532f29d270b55c08fa928fae2a,1,1
53231c8bb44d3e25a49727c1bf16fc6b24d64332f501e89e460bf6e4cd06cbc7,1,1
6a9816a883179652601511042c4ac9dc913f8f6faa7d8b8d3513e9507f49059d,1,1
7fcaaada084b2ce3a60a927fe64bfce5e466ac09e76e7c1e6cce9145a314194c,0,1
2b86a18570e72c87461a6a13fed33b8ba49341b2819423b0aa8b1f9ecd1cb546,1,1
6fd199017d5fad48eda71a50c7a160d3c7b7f3efbcfd358a14929e8a681ffdf3,1,1
cc351de363c20b05634aac5652fcf98c586a41c1801a300566034c7b24aa7130,1,1
fd28de063d03181a357886d4704f33f1d60249d44d4581deb9720b344cde41e0,1,1
f8fad88d4279f72820caf4a4944bcda1bc0babee4c6b020e3cdf35b1bbf53d00,1,1
b266bd7b3740bb8c1896ca4e3a1f05d46d13e9e1c47ee15a567270e549fe63b4,0,1
a0933aff3fed1a354a4357c4ac64d425e5c0b6584473ea684b43729344807ee0,1,1
467d64984c7a196ba08d1ff0b7f2c0f654323aad31b53d56d0b5e1c02b0ac661,1,1
7061f029b2ae886e309ce3539979a2029a338f32dbf28ccaf6ea4b786ac3cb22,1,1
f7e589e30445b2abae1a35b81940ffa91619ca2ef554c3293541a389f7e2ce06,1,1
b91afee0c17b744a301a8336341943e6268ce093cf9d7feb42108597a17d10e9,1,1
3b41c6578ebfbc2d03331c29d22a6aeaee4e00d066533b15e3c3807855b6d265,0,1
7e139613e01ed4c43456c3db025e3dcdd98d2928ebb45eefe0512bb7b6dbeaba,1,1
946483b5b7710c670525e58a04421e111023570ba514357de4a39c920be81d95,1,1
aba42efb035a18400656d9d25d889da351ff71e2730068ff12edcb648a526760,0,1
6ce35c4e7759362f2e27bcf5c6ecc59a8f01c174541c96810c4a463528669f2c,1,1
666b9a4ba5ab4d980b55de856e1f48423fe6e4cab46a3341f1a2b5537161ad27,1,1
866e6377d0aa14bf100ee60fd0e26207bb8b1819d4ff5b5175f1b2cf083a9519,1,1
14a8ad173b140352e90b6e18f9aad5962edffeb63d79d3aa170e0522d9d0b2ea,0,1
94fab642fa0a1dbe3a0be3ef1249580f93cd43e4369ed570a9ec164b3488145e,1,1
85cab832f0098bae1ca3a35b644702bb6fb6c3d722625398f5569efe433bdd75,1,1
562f87c446ed1931861782d07b38b615bcd8629689ad9e4406800c03602debed,1,1
ca8b553dc4f03276c449e5761658047d7effb04682bf9f35a9de87f4ed7912f2,1,1
a9fbd60c105cc1e731e3bcfd6cab684e992d968c2a246b55930632ee17b215dd,1,1
60a1007dbf6025640cfd79c420f642bc6be5804494efaf3d80e5a12006e3968f,1,1
cec9df4964c9a1a91e61fb57273c27834e55a13b1c1a3be0946ebd0dad9c44e2,1,1
1fc5b472f9868714d4a72f86040868d646dab0dc17758911f4c83a912aa57036,1,1
257f43ab8d2e1921e7cee5b7b35cc2a5ce7190c9e729a4067c558e7837a4aba3,1,1
a451ea28671da783c7cbc4f319028c02626d15ad6066107e55c3c837f1a3a655,0,1
64b825ec912b9f36e366847ba85192f683452e76e4de027e88605e94ea61fff0,1,1
b666a0bbfb6a010058c5edbe6c8ff42796229263f1ca13250d1a74c410789139,0,1
f94327f3f7a37f6c1525dd26816c4f39c1f66d7058e5bfc93b05aab1d2396479,1,1
5d15bf6d087357f703d4be82563d79aa67a66462930794c3695b1589d0024ee3,1,1
bc96172425e9d2ed0cf0b4532f82689fdc27d4cccf8516eb5ad4255ac326b289,1,1
18a264379d298bd09f833e727496cb6f02cf2e4a6cb0dd230de018e68490b165,1,1
51a48006fd0210597d34e7c2d264686f570f901a35ed2a635ecb22013810b29b,1,1
4ae1bfdddb9e88bedab6e3d1d0955c771831d9be6c0dd435e62a610f21d2de59,0,1
57fd7a7578def595d94edf785688f44dbc25697d301baddaa6c22a1646175c47,1,1
7e6f230969c3a0f06ea20b44d4cae6df2be6eda3ee70b9141be93ecb3ba64b41,1,1
9dc8946e655b9bf6736a38d216fb2532c9c95334b48ece2c993eab3b63d51f8e,1,1
6003c82d623ee0df40b26a6799578d6c03c3665418571bff37b06ed6d1c07901,0,1
f202844880e531b30cf8fb7fe0cce73c3cf2558ba50cf56e4a1523bb419532ed,1,1
3dcaa546270290688270caf5a810e9a224146e3fdafb71cf443e0ae4d2b402db,0,1
99e21f784e3639ec75d55aa49430471908e8e8f6d38f54da96ce730e45691a82,1,1
df338a8e6737505c9c8a1dc476c41fbca7707cfbf586ca5004a79bfe80af985d,1,1
e53c09c50d6fedbb5af054ecc9fb72126beba4b22dcc9cd63825345c307cac90,0,1
6f9ef481f04b29b4f0b2e76003c41bbe8d21d58c23b3982d2d5d7580956beb00,1,1
8a3f081563acca23cdc89d36683fda976458ad8c1055d37bf15b1aefd4bcf0c4,1,1
f0c8b2c2cabf4d40ba0c20284fb0d8462402c4b73861d0dac54ba11ba11864d0,1,1
db491cdbcb199da97ad2f55f6b5304f35957518ea9247081817c2cdb56aafcd3,0,1
31acb05b4c6b4785f5ca4b368b75d65117b0819c3e0ec493ae680ace14d1790e,1,1
201031a69d91f3df8fd399c82a7a64046488f2d7eff94eadc713ca1171e9f929,0,1
95235ba71b7079f993dc710cb67735a41035d22f862d01f9dd8dc8a3fc4f2e30,1,1
248680de3efb54a5be1140cb9b87677c1a4cc01a678c9a9b1fa64eae59647cf9,0,1
e2ee4e460ec9184e69600693c9a2fba1e76a50148cdf247468995f3cee2bd5dd,1,1
fe3084d5fd8548ef7f459a1e22497b509afb80cdee2bda6d2b3c9ad375d46c75,0,1
d7ea76637fbbd81163faa492dbf866e08f10bb58732cdc2e747ada5c57c07361,1,1
63b8dd6e9903cead3cfbae7002688fcc15161a92363c0329b04d566a87e0ff3c,1,1
c6e259fe2ca4abb5d4a0c114acc6d81ea8bf48920547a9017bace4d1c19c76f9,1,1
6220ac93ec7874d2cddffd78b24a720840bc4880e7d983927ceb14c548e3274e,1,1
3d9b3a18beea24407956ece104237a93284fd71e5dc9094d18093b445c5bb496,1,1
dccdec7d1f239cc9456024662619a05e04de6b9e171f50430b92e6d06ba11dfd,1,1
075377701ca39120fc9d1c69af5fd59d5523e766991e3cfc38a4a5a3622c16c6,1,1
d89ffdd434f6583f781c14f9a40d009df6bcb51b6f495472a9018962c41aec09,1,1
94d913994771884e3cb69ef1899a5b6cf68f6cece6de8b8a043462a57fcdccc5,0,1
277271e519cd5f65731b09a89c9b9c11736acbe02f48106e7644cc8acb18f1a5,0,1
53da8628ab79d63e1dff40ead3b03840d165a9d9930c2741fb25bbf1e8a4a3ed,1,1
a934157c472c659437de66b6f24950cf31a362756f01adfdb9d6cacc02dc3506,1,1
08f5beda383acee2b7c58edbf6d346f28e41d7b060f872ecf4ec63caf312c37e,0,1
c2c22d3225947c01d713d22312c4041b522b939eb87712f65df1ac77e13185de,1,1
7226d50a681d362a570b6f7a1fbfad16df0b59839e16c76b8635917123937798,1,1
cc9a216fafe3be541d14c987a325dcfe836d8510c4134149a5106d1ad9928587,1,1
a81c92cf3beb494667db57b86ce0feb4f9cb637459adc91a0a24f22f1fe86a33,0,1
17f30ddfa089b765adc58fdf47d30b9807de7a03f3efd321d2b50f8b6163b387,1,1
a56de5224e6c75a18cfa8137ff80cde935358e00e9569da0a7fef9106080ea33,1,1
8e5f85328d9562c67349424c016d73651fb70670182bc1cbaca7e04e837f405c,1,1
ebbf1ebc8a7e0dd9e25a4b5bcf60242939b797208faab26e3c1bff748c7113da,1,1
d6858213d33d0e09c51fd9331bd09314d245e374489353403adff836060916e2,1,1
c1d46f9fec79a2e4704ce101c29d4e8e7ce3d7103fa88df5cac63a9cf74d17d3,1,1
958441b35dd82e2543886dd3519be12fa58b7f13709744d09c329892df5a5a8e,1,1
6c3c3505868a3b18d4f604d55b6b0cd8e04bca6bae89e7c47e348457f729374c,1,1
09482d7feaf974a8b56756ff6e1c08b1b0b36ea71836de674dc2192a6b75fb54,1,1
0d55e7470b1af4876ad378cfb8d781c55092b44749f1edf751d5c633b164e950,0,1
9e5f3953a497251319524d3f0a489803f0457ce7b657c54030e0ffa65a296e97,1,1
5855bf1a5fa01165ef61ea91a157b46020a8239cf9aab684720b0e24090b2770,0,1
76c0914807bb396ed6d821ce5e40ec2d41fc05d973c4d857612ed3cd46259ec8,1,1
c77faf1588e2acd53888d90c4d83dea09cd276ebc5ec7317931573f14fca83bb,1,1
766d52f54cd8c4c6740807d37b72ae8cf2656b4d86650f42a8ceb94096bceaf1,1,1
c43139b943c54f5de24ebbcc4cb5cc2757455bb467ec26396abd63d639a84385,1,1
b814148267f67420d554b9ca3b7f228f00db943858af0e80af9bc89a62d7cb15,1,1
c8125d8618b2f5b5d2facd1be0965e50c646a9f59ad2234c5eb5d8cef263a9bc,0,1
fc638210fd64334f04b0e014c509b1a9de81ae21aef04648b878b6a82abf14dd,1,1
69cf28c1a9dbd28ac18a4dd73ebb44d5017f9b578ee4413b3fda82993776395b,0,1
16d1fa828d2282715c76336361b42c9edd5b8ebb0bc9a53d976a179a19a901c3,1,1
78b6c0599c46e42fd2f4c969d9bd9b67328e4be84b27a0e10915274832cdedea,0,1
aac9098232c725ccc315093339096f2d3b4478d5896e4393511e2ac8bdc66aa7,1,1
15b1bf1d4ef44219381fc74ab1448e2a9bd59ec64bc5de6c84442e7f3dd97d6a,0,1
9b855c79781f7fd3748969667dc5e4056e53fbc2519c0774ef7e18e7a19f1389,1,1
620a3525c9ba0f0e7f610e24bcfcae4552538e36006745c76ff655a071f277f4,1,1
56e9dc1940c6eab13058345702a4ae7aeedee0d0ddfe872d987ee4ee10d875dc,0,1
aff837d2ad74fa7270a939ca789076fbf24413e69ca2116f0f26ea60e752b5b4,0,1
27ad2f06f83b4ce38fef2ef21ddf0d3db619801e4cbab00224fb6be44dd93588,0,1
d0a060b594559ab1581f2090f7101ef91e70dda379fe6c5507216b13a48d0e53,0,1
2822ecae749cf7c55df35a0a9d723fe66d040625244afa36a2a3786a13cd51f3,1,1
2b6ec3cc5b0d600c24dce36f2fa5960905123992b03a17ce6f7cd9edc34fda87,1,1
a2ed6d86f244afe75ba067b834ff1bb0301dffcd9f2d86e5dec3ca59dc6b905e,1,1
d7375294f616492a587e0d83e098fcb982bf76e65f914a38591db3942b24792e,1,1
515dbc198752c7ee9758f07d2a02056985e2af5d2f31c95af50621d150f7ad85,1,1
3ce53750404a9e318cd274c4c9692ecaa9b9b111b84d411a27c3779625947a41,0,1
9e4375433b1ae9bef40625fb30ad2c516c51f79a88f93a03b04d90602386542f,1,1
fe79cc49525c2ca3f78d384b14b1c667ba675372792fd9144e500c8fc5badbc3,1,1
2d9fc31b21f1f03679da8654d7127d6d00cd86e0877c268b6087726911fbbd13,0,1
556b5da5897971b1058c542196277f6bbe3743b6906b2541ef59ea3b02bdb4c9,1,1
42afd5f25bea63b0c39ab8cdd73608a6133478bff8d009d52c8195b811da5504,1,1
99acb73f1e472d3a436b86eb171c62b690e6181047eaf94cf32d3f40307c64c0,0,1
80e18f93c2e69170c5bc026dfdb275c02efbb7c8afdf0e7c38b38d5e5fed25c1,0,1
28b094c48db35dcb806e0c0b632c1b6bf6f8e40e51f903338af613347229c90a,1,1
0ab9a353758f68e26eb5b817c4373d30e9ea93a0d79fc7f53cd9d7d3c1dcb352,1,1
79a857ad0894e2c32ed352c14db1d87170998b8f06de6ec2bf7718dd6c5c9e84,1,1
337980e982189526cbfa70468c976a48194db801fb0a309f69571869ee34096c,0,1
0a06d8b057be58fd205fa05e6991566e7b492cc888a4fa8c42782d585cde4822,0,1
33e5d3b2d7c9df76089cc825d8e95e03cb2656548885041c3483b77741805aef,1,1
e261372eb6285dc76564787a6a8174fc457210337f169353ab2e03fec0076d3e,1,1
f3b58151ca89b6f6d69dfcc2a7980f1fbef81d99a63700b81cbe7833293be64a,0,1
2f58598a98d1a310273c4c8d42a8a069c4b3beaba8779ab61af97790c8f9007a,1,1
0c261076a866f25ee2fcfe364c9729597d5387b6ca18eeab05ff9ebaabdd818e,1,1
67d391bf5e927fa3d94ea8d8a21182bc4f00f0660b3a8a87766556801c579b6e,1,1
8ae02fedbd2d91d0d21d12c8f765295acf756c0a6f1daf8dcc3a3626b5d9ba94,1,1
aa516de691e1859f6a877a35ad80cdce05588bf3d0b2da164f4f5a26fc58b340,0,1
aaaddfd1fc91160ea673f7516cc157d8bc02862d9f314abd6426cc2cc288ddb1,0,1
0f07ae0e19c831a37db750f35a649553507cc355279d900867827eebc7d27543,1,1
57d79e8b597f555ad533fae2f4159e76165f24f020c1d723f32f040cf9122cb8,0,1
77171d6ff70be4ada9a80ac8907a9403191b6f0dcecd942037dfe60171f0fa19,0,1
a2618b63a1058014ecfb3e5f9aaab27f90bced718666a7a54b02525c71686caa,0,1
642d675fab3a9d7303aeaf160a2f84f9f3f985d1e5437b46bd18235446389a80,1,1
5705b4332133393f0459625c6ce1206cfab9a725ca1621c327b3362439b6c2b9,1,1
f8af051049c8f6b105aa01835cadda233e2a75baf6b22e7b0247d6aade08b6f1,1,1
de5948289280d3a8a5cf9c04c0fd9217f22722c8004dc489ecd4f97c71291715,1,1
d226c0a7901a5782e0c19346318b384c263d1e86965d51a827534b3548ba6dea,0,1
b40f13df4766da75daabce8c80286b53be42b91092702b68f083207c4445e4d2,0,1
b1bc81dcd42a9b26966faadebf03aaab676291d2df59740cda507b416e460f09,1,1
66236ce168a8c91a34bbefac9c6b5ad866a6c9150486e167a3ed0f3cf9570c33,1,1
3ea2c16dfcc8052f290b61fa2f3c2832ce1f41891a349e9009cc5c1220ab703c,1,1
43c39c7bafc5d3d98538ebc021c1d32c7f24f79b8e1bc7cd3ad55afd57e619eb,1,1
706262ca6dccb5c1bbdcd89b84bd4479969bf8ff10c9e9ffff5d239aa2deda5d,1,1
3cf9339806daaf30305b7e1be8572b584cebff28a561df89a467c1429c9e1f84,1,1
f3aee5286c447f225f06d5f7ae120401e97fe490056f7d377335f51ef4a80309,1,1
649255d014347cde5433c8d894e2bd49a23190b9a8872bad21f2fe07ae60ca5d,0,1
f9c191479c84bbee688d6346e9c13c49526e8099c4772ca34ddf1b2776ff5949,1,1
c6139c6d0efe84d01cc2e759799511f5a6f7a19a7c4383fd653ec825b12d8bcb,0,1
bc034bd58182271928d02b9de7d1b57a99687ebd4104f5333c7e4eecece11f48,1,1
4fe78c6e7a363b9eb1715b6e319932423f973ba642c48ba4fef283ed58067f1a,1,1
bbd2df312f705e1ba3b1f8082206eaecdef34f25ec0a31110482bdcc02bfdc2a,1,1
9e4f788a1365f3fdbe8041dd08f78e255894df06dd3b71fb5722a3ba4eeef958,1,1
18973e4ed1b8eb73216c317ce073b86c9ae6d80262ebe7ecf86932376d1848d4,1,1
814481ea8293e35b8fda13821adba8ecaedbe4048697b91542798249cb9fdde8,0,1
b83630987d152c73543eeeb98bcf78e01cd8f68c1b3cc8c888831b54dd4a6a66,0,1
01293d000583f7bd4a8e7645c668fcf740da6edc94aab272db86b2c44af5ce26,0,1
ab9dc728c3cb8ca0f6b3d1fdc35bf61cdd746c8e592cfde7ee870298c0411410,1,1
38a1ec758117fdb0501d692a6e15aa36023c740971e9fec3fd2e186550bbae37,1,1
a49d113772623c23e5292e3648021000c00bdc70cd04430cde695c83bf33155b,0,1
a930d532816b9dcb27c1f3e0be7199943901c50ef3325e1e56867b3c694e57d2,1,1
92545719652b9aef12c861bf9d1f90fc25e4b9617429e9dd0df4b45a8fe1a2b3,0,1
21585ddbf69be1d6b0c79c971b2615c625cdf53cfb58a64540f81bcb014c6951,0,1
5d12c3adf264bdfd213d0099e3d888c4ac4908bebcaa274db35208d649b6c6ad,1,1
0901813352ad7208baca0bbe3b7ba7eff105146733eb55da28def8506122bf67,0,1
42c0dda93a03eb13139f191538785f3a1a4e89edc91f56b25cd091c6e6626741,0,1
3d5ec102d4019f5f693f718f41d99cdb6eae205fa1feecb8a211604090b62195,1,1
fa51738d34c41756b779f33dba887f6f089904332cd640067fea65c1a8a53ecb,1,1
91c25d66edf193ec4731694d096d8d04d800cb2de58b7e0d1e8566aef16808cd,1,1
f5255c15cb1e3cdf8db3bb09a79988b02787c302cab784598d6a9deec33d304a,0,1
8a92939ffdb5048f8a75b97e6089ce5aa6dec83228a7ef7422018e881defd92f,0,1
e14352ec6412baa305fa0c0721021b30bb23a514e0b5e5045e09aab53e38438d,0,1
f431008ea9db2122cf4ad8ab442a4adcb240c3f1b92a80f033d344a5898b80b6,1,1
e94891c3acab6f55176c4724ed07780b37b546fcb4dd53e74bca7456b3806bb5,0,1
b3d5706a9332d53c1a6584d6746dc4a9c05496b0d4cbc3eefec42752f59c2238,1,1
0ba1a55ce2cb96bb56e860b85c9d76e1374878de33d6457b63143e29b73a9490,1,1
59903218a870f7939c4cc1af80022f5b06910e85331607413c8ab9635a599e87,1,1
d06c9866d327752f92d8d52cc7e59a86e62e8971a7ae44d21b5f01590e614d29,1,1
d4b3ba3bb4e4115305cf36aa3b40fc06b162e8ee6934029074fe437b6bd3fe22,1,1
d5b4925f1a0419d9a80ca2e4b0c425de864c8a018010de54e000c5312aa083b0,1,1
e75c77ec334163a987096969ee768dac88cd78c218a9d443d1fce94ecc9784ac,1,1
2e409a8b92e8ac1a0809daa6e9dde1608bcb83d67b06064a410e70c0e3a747b7,1,1
fecdb4d58573eb361e6cf321184d5cd0f3b68a37b633a9b5e9219afe35d3e4f5,1,1
f7538bd2002f00a5f220fabd5921da09226ba1e2b270e73e913c8ad292997bb7,1,1
9263d7709b54cdd4079cdf20af8a00dc72edf77ffe20e86d40a1c105a7fe2c56,1,1
d05e670a0ab105fd2380fa72ba42ddfcf5ff1d82f18787839e471a7c14a1ea3f,1,1
13456435d2dc3d3278c50fffc1fa89cab715c33b0f97f67c8606d4ee493ebeb9,1,1
8bcf4f66472a07c2e1535640e1fdc96bbad478fbf4e689b065bb1f4183e07572,1,1
8d1e290df845f05fdf6b16239720f04ad714f95f13ccd701c4d36085791ea8a9,1,1
c221b7383db4f07181d522115980d92c673f8e6fe21cd27cf4fd9d0cf9af98f5,1,1
dfe846495f781ec9ec26a08928b762272f1701a5ff3c0f2e5f9c716efaadd6a4,1,1
72b55150c732807763e7a38d1223cb93fe09e018f6830f854103950a50ea0ea9,1,1
64a453bf99a125903ec6d3b7a2739dceadbce18d6f4582b1366750604e6ce0db,1,1
bfa985bce128b90fd933b15ef3feb916e92157ed06d51bfed57d78ec99244e3d,1,1
3b58ec76fe0baaa9d6561054d6894a8b054f3aee0caf2ff834243ce1b8959e77,1,1
90aab875159264e8f0bd25fce245eaf20294e3e7bc0d4aeeaf39e16904f583c5,1,1
fe5315c281a0d68450931298209c3797c44ebf57c752c232703b1d97b7fb51cd,1,1
01ea33b6f5ff22cd08530a03f778334001fd3d9472e42fc5ee99df569d6a7555,0,1
a881a1a946cde3ec2a44d86e61cc2058a6b393a3bb0091a881d4750067127698,1,1
dba999ccd57c5de5880b9ae81154e90a5ee6f3a49f50e46e9df6daf5cea0555f,0,1
88b5fd772c13280dbc105b39562e73ca9aec03de8736415d195ebd2ff6657eeb,1,1
24fe70c0f944e4c007b37cac71dfd078134793621120702a2bcf0f3a11c02aae,1,1
18e83fcc6d6135d4af10cf57ec28e94ca8eeeafdba29cc54091b511e8406bf80,1,1
792b47ff4115b097dd071266a4b87f94c4b7ccb20521d185b48d24909ff18394,1,1
f441860715a4733c2a60c9c8c3512d3fd2b4a0050f69918bb4f3c38989f347a6,1,1
d76977d2f17eee16a7cdab7adf166f3cc11dbb21cc4c90c22e7e82a179f9f21e,1,1
ce301df571519e11a747c683791da02fe1aad5b7f203917da70a3a9b1cb691e6,1,1
76cd0b46505491adbf89d2740ab481f307488f826a15655e42b880cd43b276ab,1,1
79cffcb519e1f1066bd8bf2973a6a461f59116babe27484d11329174a863f951,0,1
15edc6ef4920c634ac0bf89cef56d2123dca99ccba3a582b6cb32b39821832a9,1,1
dada6f226eebbba093d2cbb2c3be44ca956b3608908e4477a2e115589e437d88,0,1
67f4cbc50da5db578fe36d79fab237b431aaf30c812f5d57204b1bd1a105248b,0,1
147f14723237740c8aeab8eeab566726412d4dd714d62b122e21fc986c8bed8a,1,1
653e0bccef8f198533c7ec90e2d574cbc7d5c1e8093c08849d78b8142a01d3a8,0,1
f26816b5a7a6bf4a2dc8177a0d97b1cc4d3190c9e2a69d873d7c3c30c710a58b,1,1
cfecf8f0437367a731bde71c663b60daae2a6cadcb866005805b4639a34211d1,1,1
7d788e498118d4d2e6e501d6849be82c62a6fc8f0d228dc99f9b6cc3d1f63ec4,0,1
00aabaea1785a37371b6652647c529ff018c4ea5d25063474b17f381fea1c84f,1,1
9b779527f94d8e40fa330dfacc840181dc140ece7618c1d8ecc84f7ca95066ad,1,1
2117e1ebec3cf705356eda22bd5c2d40e5649f5ca6f305647520e66f373fcbfe,0,1
8232270dfc07f629dc813621f92342c501a681d503b70757b0d1731c22953388,1,1
62d8376f820e69f3078535fefc15f3b25eed9ba4d78182d695d3ec9f063eb281,1,1
2baedc8fc2e407db7a160e08c64297af0f0de4c33b1fb57418bbf9cd6b79774d,1,1
1e464b63797cb9eec224a9cd39cdfc7b365bdfa87ecfe83e83fae1edeb60ca17,1,1
41dbe2f6f1cbd4170b93776cf759e7a62e36462f52c490050914377efdf4770c,1,1
285caee8e137cc846995dae4bb69a4b9a60f9f8420d2d3e11a8f6f35d21c9220,1,1
9d3666bbc257d64d4ae1ae0f95bd296f38911515f6d3c5d2f3c4f957b483e981,0,1
f19c92dfa976011a07f0fbb94baac9d7f7fda804deaa93ae55721ba70b1f92da,1,1
b08a59e1195a4319e483fddd6889bab56723d3c28cf8ca506ba1f618152ff6bd,1,1
ddcf13405a4f63a2e5e6fb6f5de5c9516f13b1f37a8b8b8033f4ae5a28a9d7bd,1,1
8bf9c1a25396ebf685447b1e8a74bbbbd27f87982ce9a3c1bf782856d0467ab8,1,1
99473a4fb3b04b89818696996779f3a856e69c2e9a3fa7e6999ce1641a243947,1,1
8630b3b1757f17d82a9c66e6b59c2b6450f36a078082f48ce240d4e45c8db99a,0,1
788753b19406693105da0120f860cc264eab71f30f658e2452fcccd2ece27b54,1,1
7141e6855b69fb514d3e1ebc542b70ef0877218a6caaf47231df957d79b4994b,0,1
32ebf209f43b8b06baf9787ce12e8a87cf98d4e45a52a74794d16aeb81d3a753,0,1
32eb348ed0d2af04f8bfe31af6763a076a91574bf2230918e866bbf6ec6155c0,1,1
dd89cce8727f15f23148506bb1bceddfaa9faaa5d6eac9ef0062797b93c04dc5,1,1
750bdeee740366cadadbd83508fcca67c73bd1ec38ac3d2a75e1a22cd4065b91,1,1
27ceaf7ffe75c30fbdc0a20bdb3e1cb420c133af77165a016d446654c5c9c556,1,1
1feb0620ae21455392e9c1584429df03b6be7ab9b219821fd56fdddb4b909fa4,1,1
bdfe6fe32dbfd38ffd6ff7e6f59b925d212affce765c8641f84d5bcd7d6980de,1,1
a5ce707b9ba4d57714073e47d3dfd8c79ca60720f9f6025e291f4ad6ef97c9df,1,1
dc009e2de792f31fdeecfa86fc69ae14bc50672ac5512b9caf0c671fb5ca1df5,1,1
e53ab5113557e56814ee6b3f49009dd1763bcd2a6bb4e0da284b3890ab2b1cdf,1,1
4347bceeb1901196ed16c71c070eea9ee97a7e04a1abf79c21fa70b8ae16f4ac,1,1
5c537d10a25b52fbc6dde515b923c0012c0ab383acd062e603a925ec430b0638,0,1
05b292f502bc54292cc307d50eb7220d647354c1c65eac5e9b0d9af6fa5d9def,1,1
eed0c0000bcfb74f94319d3ee2353aaa8ad24d8c315732c08663074bc092c07d,1,1
70f61814750e4787f3e44b1d4a35b20180dbab271ae19779098787b2e9cbcdb3,1,1
f1fe29ac411d0a831c1f931d5d760180b649c5fdb6a0513387a09f8a763422b5,1,1
86bf2359e4e1bfe61936a0f3909900b1c3e1c21bd6e6d5a36c1b6cc4fd08d273,1,1
d32714c171b1d9be7c39646f1bb67bbc2e6c072a9ba8ba36c6f98cbf31d282c9,1,1
dfa5e5c721a3949f81b467f84cfd00d36873bc0111339be238729f8240c25c9b,0,1
c6f8c639b316fd760c20bb3901d409b8c86ddc7730cbee889240028ef3cdc042,0,1
4b87dd92ee52eaff8ef63f6fe03f889bc9f00156abd81adc61bf06b66162b008,1,1
ce29da569862a94f97229f2eb1762740217aa8c93d5db124493f6a312c28d12e,1,1
6f0aca58ef6c309301a1209ab9379de40dc17f40b3e5bf09a739e1d17c5171e2,1,1
ed23b15479be4169f2ad308c15e8c1e27d0c5b9b363085f33307ebe7cb12d0b3,1,1
d4096d9762e95a1cc0fabb4f0259413356c707b319789a196a7b4fdbfe891128,1,1
d482dfba7a66d612c2a7de10f932836e8da7265d1635dec9e6ae9b090b0f8103,1,1
054d271983d7748a7e0aa5a1b704323bc0bc7c6d1444cd31879d2aa292541ad5,0,1
2f74beb45361b6c4cd4858e2997acd6c5ffaf2382b69b5cb352b0cb3d0378e56,1,1
57ea29dd091b54d35a6bb9efcf2fe17dd14e0f69d66a02a266a9e64de848982b,1,1
fb829ecbc16c6d001b6e712dad6229ac5ed8ed4e64026ba0a4fb6dbf1d2d44b7,0,1
56174b54a77daf694c175fdaa1643f8b760be81a7b90047a88344b4fc4e78ca8,0,1
db0bea17edeff1dbd03fe843601c5a862f523c9989835f82781e739eb4baed29,0,1
ad7368be7a3a7964a0a3af0f0db4f6d7e7951d3b77e7fa54fd2e7b78e44e8647,1,1
70af9bea0f9bc5690763bbbb06e07702cf99ee050e46cafda39023b59fb97364,0,1
6e05ab224d93a7dcac381edef762f33134a115a30b447cf289bf4ee77aad8112,1,1
834a5b2f02aa386adc5b46a7ca9b040b462894da11e2861edb9bcc77396a620f,1,1
8a1c82746964606c092e1d61d51550cd754440e0f419868ec4d992685d75acd2,1,1
4e248506911bed56702d1c9ec73db09710667c27e153046d2e918d347d60c218,1,1
1fa779028f99ebc5d376e3bc18c4bd29dc72f893955d291532d4232bf4182d54,1,1
e322295f3e6a922b6f3c5c8fc64473f8b338f366ea9f19d7f6d584554f049515,1,1
8e1d29c3c61d81087b223d86a7df6366662d85824e2429f8eb301d9bbd7f857f,1,1
2deb270cf942fe63131188847286be8f2e4cdd7cff33868f47018bf92a5671bb,1,1
7c8f41fdd6d5ae445a7419aa6a5ff723380e1b45630670baa46ceb21dab992ad,1,1
aaaf2d076459d52fe0bf63b6b10c28135f84d40e18cad208731bdf382e6af40b,0,1
466a405f3234a5fa8efb5958069ddc34112f3bc07a765b3cd046f943c30ed9ec,1,1
d4cb2901781557024bc5862488d261a9326ef55bd18150a5630f5fea4d176bf8,0,1
2018576e1f684ca047ed9a66ed7fbf74b6cc390af1d83c2b997028e7aeaead05,0,1
f3146173c9ee9244ab9f7f10fb7ca85fdd2f80cdf3746c14652b13388e92729e,1,1
f4a2b50a26cf4573a2f38843d13207fe1a928f21f1b3a4677fec1cc41d951fdb,0,1
be9795c1c7170e0df8588bb1484054c5ee5f047c24491f25485389fdaa46f630,1,1
b0cb2f689e604a64a694e2774188b8ec9ff427c041c077cfdad47650f38d3abc,0,1
1066144bbfbf5b8823753877559abcff42c3e0c23ee7cfe24abae9c3fc5df275,1,1
304f3dbf9c13b49c644674aa155200f25d2e6c414888069ae759c3841b1d290e,1,1
7358442536d45bfd914fbe3da1c0f470e5a0546bf92c876dfbe295270346b868,1,1
08337f616ed13d3fc2e88985cde48cae00f21dd16aa4d28d6d3de19f99745e86,1,1
7e65c8ef76b57c63961eb5d4c782563f75b16d63be92038e60869f727b4c7b2a,0,1
42ac98459093ea30463e439f1a7dff6c4a468ab7c424f60562b9e87cd23e79ef,1,1
1dfab2c0e90eb354f76778cd109b8fd328351fe2dd8a6307bd4385ccea9b84bd,0,1
26e60887a1fcaa546f27fe4a0daf243fb0e2cb99080b3fe4d6fabe8c8670fc0f,0,1
04d5e8403151f30c0f62aca287e64a0f41d68f9c351c7a45c173a80c3149a8b6,1,1
fcf97019bcb04de09d532b20a6012320a2b8d050c91e31b29869e2c8a56eefa0,1,1
93dcb3b39a8e34a9752cc39f46dd982b02c7125bbcfcd62b64bdce1d15b63c10,1,1
fbc6311dcf8ae504484d7342795aacd719eb82cbcede1893f0eb261dd836670b,1,1
f2943d8eb3de46a45e90cdf6fd98756c44de7d05936b3bb2b6390fa236613c8a,0,1
17c42a511f3ced43c7b31d652cc0bb10926457061a7ab6584643c964c9fffe5e,1,1
4cfbe9c71348fdbcd716f0dda659a5fbd118a7e74e7c0d8f2a699e8abb82b25e,1,1
0aa3cc15b53f4e0fe81a702679bee7acf60e1ba0820a7f13f8b90ca67bec34a5,1,1
e1ef32a8302a968b99f3aa73ccbf474b81948d5bb09bbd852bd5503fe0e2c96e,1,1
4653020080f6a52937d76116d5b03bced31e31878dbf3313d18f6b6f48acee1c,1,1
eb0f37bbad01c0306cc6ae85727c11a85b56730430975c550b5814216a3129f4,1,1
557f52bc1cf0664018cfe5bf476ae6ec54a279fe4f4b8bd908d4520f2e962cb4,1,1
b27cacc31d1ce5b19b86a649036e1cecd48203bfac28488dc69f4fe30146c777,0,1
6f9de9dbe1abbeaeec4a71d00bdec1a65b1b032e375d7aaf8777237d1a731bf5,1,1
7682f7844ea69d445e4ee613dd0c4aeeae3f83c9c8602aff0cee69437b95a9cf,1,1
413e20b7222ae8176ec67d17f754da11cbf59750c0269baf58cdda58f0f9600d,1,1
472f441cd6195f2b1501a169a5f66fc894df348a57d253f6439aab057a367e61,0,1
2757235e78741261cb87342b549b5974256912871887b7c3f2f22ad7a9d53f78,1,1
1a71e462053a00040fb713d02ddf9ec493bca679d570b26bb2bbd742fe734307,1,1
bf7e6d4833abfe816cf73c087ab869ebfa557867a4fffcfff1f73fb5a76224c7,0,1
2b2153464e983cfeeb382d5837a0be807a5dce1c0620bb881ee1e7f83e5f9ae6,0,1
aca1b49f0fc52ccc16c7f4b261c5b36e9f0a13f5ca6b635e4f2db6cfca1054e3,0,1
907b73624adfcfe75a358a02d9370d739d685fc3a4c7ff1fcd665f82242afac8,0,1
df0f2e5d1b68fb3223530ca7490c6c80ee7a6c9db912fc9e99808d5862a7b821,1,1
494c61005babaea03b244c5cc03d87999834126f9f0204f51cc1e4e0910f9507,1,1
361269d8c8193e9222c43ce235d39a4c060f8bcfcb7ebc93a490f7cc727488dd,1,1
ed98228b1b544c36de6c5f8678d9ff60df54b05ebd29dd8cdd55b32486cd976f,0,1
a3c7d0e591018c42adfd60cf4e62b31343aabce839047a0a04a50146ff9b28eb,1,1
03c3c97867b1b304040972e2ba9ab1cbc75c2739e24509aabf88b167c93d8c67,1,1
1ed5a8631e284cff7923f00daeaaf3730de73e42de15b4eab9f943fd1474175b,1,1
9d3096320bab8dd94ab340e4ea349026425798bf868c3ce97a6de260d1e5e9dd,1,1
807ce589582d22b19b3e7bddad3ebef0e45b3be5e6b2e60e6b46cbafe2c36234,0,1
b81381df3a496818fadaf8840bea02e4b74c21795ff41365767a82fae2fe79ea,1,1
8f8d278004984172d6e8c060b26ed80b600426deee47704118fd36a77e7437d3,1,1
2be9c41fa431dc16a712859a8bb74977d11ad5abeeac96b52ffd77b754347f27,0,1
76a35d657c804a65cf44836be9c586e82d52e3e79eeb6a634800749efe79a147,1,1
3b5c318c1f9a92ab4a7a43c7c65d4a17c51fadf8af41b7d359a9a490a5b91038,1,1
091e4e636b05c355e240ad2f13849cb8ac58e9a832a532b2a78d8313e2d3ac3d,0,1
a68db5e9c9eb12ee97799c2715e9eedb2eef165168b40be4c0b250dcfa0edc58,0,1
d6b100944759a60124c9c998ab4876c1ce658fa04d2ca20a0bfd4c7e5e0c7d84,1,1
e95406f0d976bf1e1bc33cf5c3a3e0d588f0a540a303bd0d0ec9f8245c2059d8,1,1
a07d4040ad099a6bbf0f61b5562b65d40c63d60538d7b8269df6653443ecc03a,0,1
b8160ed6468677514af2a7453b0b0ad21df91229daa626dbfe0b1b66a2dfe684,1,1
a38c38cc142552f5c95c4eeae1ed6699b193e105d39ba54dbcea94d0a3be8d47,1,1
32ab4d5ce4ad9cf8f584256540cf1a1832837ec04df40311dc0572d707f66a59,1,1
8519c3dc3fa1298e174f7bb61102c0e82008ad563aab4af4d473b98777faffea,1,1
750764b93588a962bda3e69af2fe8f60be56c6217ab71fbe53bcc79a68b403ed,1,1
7470a4aa66e9fc0037321ba1e80d96d06e6948b01056b913c79f50d53e748d25,1,1
4425dbe6e48a5e3b4d0237f8e44e38c3792c6c8572b4b85a4ba6975bc02367c6,0,1
62ec4c9cb7b7d955aa855f13c97c5bd9e1817f2bd5ab1d43d76bdad23b766c67,1,1
1ef1c0291f852307f35507d510a745616dc517b557f2398074503693004e20e9,1,1
a34193461296d4fe82318a7f581ca229fce679b32a76bd64a050ce39b4acd7eb,1,1
c6ecb8fe51237ab1ccfa98ad3502ad1ccfe7d4116584f54cc95e36d5239a9043,1,1
610bdfd40ef9160d63aa76f6fc7dd4ac47df8e3cd267670605751f2f9f5c65fe,0,1
a9003aa51386a2eb47308bc6c8b3e97d7f11ef394c89a7f50c7bffd8fe256eb2,1,1
e72f52ae7f19829dfb724452d7b38417ee12014e4da7914bb763122b15873a36,1,1
81e8d6373b530e0b3ed709418728c5a06670d7c9b8c46acb6a7563ca4732f26c,1,1
1238587ea3d45b09eb3d92cd5bdf254c3e55e05e48727573b2ff3c249e1b0061,0,1
cec9a2f3b4e377899ef7616564990e866b7fb255f9aa6a81bda2a79b6e924dac,1,1
6a7b94ad702d60e074d792db9babdc55e59ed4cf841535b1e70ca011cacdcb6e,1,1
cc8a60f00038aaab845739314981f1a4fc0130e209258cc59db39d21c6ae2fc8,1,1
5c079ace8b9980477809b31baeedf3f38915c727d160f6db0763f003c5c7a2b5,0,1
eccea53029b0db46084c1811f816c25063df25e0ff2465c7fbe7ea4b031089d1,1,1
a5cbdabdbb7e293a38e766caa340731daf45f8a508aaadaaad67fef9ac000339,0,1
bfa3853f5e16689118f060009ead171c2185d9a3674c6db784a5d27e373c8c6b,1,1
7e7a413d0106c486b41a25326f17bad29d6937889c746e84fde861d8c89729e8,1,1
574b3389e34ac1bb320a9bdab7d24bb5da4b34debb9396549c76ceb94161cfe8,1,1
a8328ed96cbbcc8800713e3fa51f38b1856cfcc7cb14ade3abb5351dd49a4ea4,1,1
8dd2597f30bf7301de92fdc89144ca9faf08d2806a6447a065912daa48fd900a,0,1
1c4c86c04d57019b5d248367c3c309980cb6287a7c5d38ded5b4097e48b256d3,1,1
cac83fa1be00dd939c9fb801ca145c92a6e7d26a21bf17adcbf765b12ba77398,1,1
acb0813822a0b9d5594e9df0bf2e4395a1367e0ede9e782b5967e602e9e24cd3,1,1
fce229354e6f24dd2765e4cfbd4a05f8e3dff33dd37cebfbd606a976ea4a3888,1,1
fd5560e248e049bed845687137f09317cba87b80b767197f2359a8e12d5b5e73,1,1
915f7d069032faa7ddfb881fda02ff4dd94467455ccfa85e79d38abc66279f02,0,1
85768e312570c807af05b21092e700dcc0acb6215c20c033ea763b678f03d96d,1,1
dfb66a149d7ecb12c0189ab72f7e6b56a628d8f720bced4f254a31b241299e76,1,1
3df1c3379831cae283db78d66012c7d8ccc51f7c2a675c671da242b6d63d7d0c,1,1
9124e70b287eb3f96f1118533864a0bf4ceb24b6e65e620ab0d0c2af2ebc6e7e,1,1
b4823e7fdc34313aef0009d59abcafbf01fd212808d95f43af24a8e30f031e00,0,1
806431e648dfb2b73f54309430a803cdd02518c5c0157cd8b1bb095dd19873e8,1,1
fb125550ff06918355decc50ef34ce6a7f9feccdb90290385feea44de6d42224,0,1
194fdc0b48552dcd2d5129bb85359271f6c1274266d8eed7dc8deb2444596d1a,1,1
c3d279d868c63561bb66a0dccd3d0195e4917121d974bf26afd60eb8fecfc6ae,1,1
2398c7a565d0031ef90347597da9203b24410c5b3d5dc8d25bf13b7ca9da8012,1,1
4de26692cfb0d42cd0bb6422999d6593e4de5eb90f1ce840c88c2238a6a5c7e1,1,1
a7ea01407a1b1898a7b44a3760104a5a7f2b954ee7a7ae0be905bcb4c464c281,1,1
3b83cb2fee4663aecacfba845cbfcc8d98e2fbd93c0921f4af0c9fe0b0bfd8d2,1,1
e92fcf0972c2a2c59ed1d8c03f489ad548378a0192d76cc8f2a5159d3292727e,0,1
62b4ecbfaa85c5293a149288691f89ede789ef99a53ed369f1b75d4ef58a1dda,1,1
fa5079a11a09b8528a5919a1491c5b171d7441c48f37114f3385c7d09e87a56d,1,1
d83efa0885a97c1919eb733cc90b5c38dbe63b1230a4cae927fd81cf07b4add4,0,1
ed687b26523026d454d5eb78ca77185f4fa4b401a183d416d8b2927108a10906,1,1
2ca6c7f22ff2ca273dc93fbe8e666732a0c807b6bdb4ab2620d915ac37f9d59e,0,1
d9ee5a8b66efe337486c55bf7878ccac9b5a7340543c7317eea5d2c7536f37d4,0,1
6ac72f0b5ecfa59eb2847c1c18fc1f1e3727ed4410be2a9c45b3774886fe6b5e,0,1
d0b10f9630be3604a76dc108e8f38782575dc1d267345df755a0c80d537501f5,1,1
c7b6620d887749ed577591c886ce09ce371bd40bc517b00e66a6c34f73e60bf3,1,1
a6be75a55ba58f2c269056a5ace8d2398d3eb1578ab02b43129f41e7e5ffa060,0,1
6f7b68947bbec21208e6b4fa103dbadfcd1359837bd124e5de048ab7ee85c066,1,1
ce334c01efc45d9d6927f257343b3b28cbf67ffcda04e2b3dafa3f28aeae9322,1,1
d137b4a6a5917025f7401739a52bcae5fc462ca84308a7843d88161f03174df5,1,1
c38cedff8449a6c1724403a52291b6ecba524f9a5e190cd5c1f0f15793d5828c,1,1
48ff2e3086ebf07490078d818578f522848993af65487b20d394b60ef83f0386,1,1
f7a21eaf990be38820a2150f2389172d7b6b0079128e8f703f719ca6cd039afa,1,1
6525fde79267178707bb0371c2f6222a115e48297b86358f93d6dd9f2694623d,1,1
e4c1a8770ff01fac7ed04fa3bbb19e6e950a4bc5b2dfc73c63133a6f255b64e4,0,1
04b7d3b124c6fe3286821e79c9fcf2c4a9068cf6137853c97936fe7fbc272bfb,1,1
4eca926797e2c9a9075989d2a1ba9a28090fcc7f56b97c9788bf2454d375a831,1,1
092c150c45803854fd959bd57ae54fc1de06a901d190847b41f961f8ecac4a47,0,1
4f4d6b22d608d05ed2aba045a6087c1396c77da6259df70a2324b571f7c5da24,1,1
0cd50b772be44f60a0cf200f60a73d0e1f25b239b02b6053b30c5dd1a75ae66f,1,1
4433646ab31823dd952a55dbbbe34ec039b36e50d5470285d7ab76c270640a56,1,1
0a753c6fc1cbec271ab69a3ffbcd4fe57f52f4228b68831eaf1ef9656b82a1e8,1,1
d31c513003be331850ff0650a45167661493bc7bbfe3ca938f2499bfa57c3c35,0,1
89963d9e88da56827a45557000e75ba11bb3979a9286dfd9fd5489c8cc81b082,1,1
bf81dfa1d9cf7331344c4903c9f3a5ab90fc935558a8cf4d1010322823643cc1,1,1
a4638a65a5a19fcdcd88f29aeaf423ad99f84d1c948596395dcab3004ec7cb09,1,1
d9a5a133d5cf34188f20fc7f8d619eaf54b6cd48ebcb89154d5d8543d961feb0,1,1
bacf68094f6300be072186fad2a6f3cb1b946c6a361e91babc8b8d431a48bffd,1,1
cb5d3f8c0ae500d10984e9abc95842a1cef67a0de20fd6feab1887fd13d1ae8d,1,1
e83e1ecb3cd5c256f59f9ad34bfc95c6ef5b4081751b285c7fc55a80feba1eed,0,1
4c77acddcde24395cadfb43baa0593d942be0b9da5e833c76165f8df44a2628c,1,1
2031098b4cc3c7efad2c4d3061db1b1fc942d0a1434d758d715f324d53e37730,1,1
8196c54489ca25c4e173b2a143b463ab42d94734a9c5ef07ca9f6594b2aad1ec,0,1
c9ce5b8a41225778fa30ea7a7c110ade32005bbdc8be1f5d83bc45119b4b9249,0,1
d4da386f27fe9a8c68394062f27f1cb0768f281bd3ffe39b4a9b3d9310f57d15,1,1
fede82a3e8d22c18d88fdf5caf7d68895dde92ae96973a09b71284252fdcff59,1,1
e27215bedaa5e9561440f7da6e1059fbb79cdac290b12814cc7b5b6aa7703224,1,1
66931563d9546da76302d9807c089c4cfc3f064613f340036a46450eeb29b345,1,1
5ff9e0a4b60d5e86c93fb10a434396949bc8fc0e501fee1fc00ffa2d5a5e3ab1,1,1
8c86b65e25a78b7c72c4d4a92aecf5767ebf5c1d77d30b52395d35e01e6a8cd0,1,1
c0ea6331b1c6dc32d0e401c2f32875867f3bc04c3f50903cbc36cb660f4ae8c1,1,1
ba17f2a36962d6b3f40b534a8097f2c7f3e0cde397f4c60be194146083ec8d8c,1,1
74d0cf4a5a6ab372e30b30ae9f2bfdf52d2ca5b922918204d8b3e49595fd4dea,0,1
8dfb9d8f76083b69b40a6c8e18c57032ef9ea155d178638e8993b04b5ba34b87,0,1
6ea2791810fb55733efce89cd88a67cbe286858b00a60314dc3232e4226977f9,1,1
5c7dda2d493733d11159b12be2557a7959a77c670dfe15b77eebda217147f5e5,1,1
cc21725464fe236d912d54dbb828725b608635f5d5504690046d495240e12ae6,1,1
e56ad96cb77f60cfe50d9164a1655ed517b2fb3c03640b778049a134c659ff45,1,1
3fc88fca0cda1f6b7558d4bcf48d9cc4ebfd16a48f0793130a4a2d87ac5bc6d1,1,1
b2913dbf51fa52fe6a14b4bb0db65702d8ce1e7fc1d66ea92f3f298ca37fcd3b,1,1
e6e0e3885db83bd5333e33745646e867f0fab295fbd247d24feb3d8f59c25aad,1,1
d511f59a71d2f650d1b0145b05deb762c8407b7789cb6be522690a2cc769d844,1,1
52e9eda24236f0842357c3bd6fc05d4e14143f0a6b50e94bb841b4746a1bfd3e,1,1
5d3bd24380bf0246f7a78d052a9e75de0fe552f5fafb29241b6b50495200b745,1,1
58da8a5b5abd1ee3caab1685782ecba46eb721c8eea09743a1096aa810b187b4,1,1
f081cc2239f07ef9d748027fd07f35fc97bfb9ae6cc72ca317b13d118d168d44,0,1
9fed55540803e47cb3fbae3d1bb12b0a2fcf7ace70f0e27a8a4103e83ee7880f,0,1
e5445dd25c14cd4c569b67dc8f884a197bed78b085560fbc2a1dc0fecd99704e,1,1
b9cb8bdf3a4e99d5d62b9dcf147e704f7a582ba110d7a9478a0d2ca265481b51,1,1
7bdf318791c5c5b196d9033f5391f8a2aa1e422b69f073e897e70e4a1dc927b9,1,1
5843018ab3dbfccdf35ee35e526988ac2b900f59ef3f116d7dd2f3c978a2a6c3,0,1
8b6ad724b92209e07bdb639e3160022546e80441e2bcf79ba29f12ce264edb3a,1,1
81bfee1466b9cfc24fafdfd795b39b0c3e9aa8bfec7506a92c5bffaa4e42cb3e,1,1
e5aa02891eb3d5f4a7bbb83cdb5d8da44063bf0e08bb5d22eed3dc6928679c2a,1,1
96c8771fb45f19a1c8d01ad6bd5f8a874f12a8530816bf3f1fe1b8d6556e526a,0,1
53c7ffc8b114fcbcf526015163dbd0a827d53b49e4d7a1cf5ec0c022de2b8632,1,1
e7699c783275685bffe4ceb994ca208d97626888fd667ffc89aedf8ea3e21d4e,0,1
774e170832ef6047b2b14203962fe93ddc63d4222ce68415dea1689847952489,1,1
409274de076857dca9aa39ec782a6a25a7374884d36edbbe683a39d5dce810a0,0,1
6c9f095c0a80e42843d4cff26e701dbe3ede9fac356276e3ca44525ebf0be2c1,1,1
97b0d2881b051e5c7a4ae34aecf2b1de5e2053f10a3f33cda4bfa0ab7ba92884,1,1
28634cd1df514cfd276de70d3cbdacf97a3fa06185228c56bffb3960d823b79b,0,1
bfea3df08b4a70a9eb7db0e78a5f20d9be9405ec81c6e72cd5a0b2d31d15a4a0,1,1
a32a37388c6e477b194ff0b3bdabe88a7dafd4c5f0fe871c3124de9b8b53b64e,1,1
c02871bb9d51ba539419fe5fe133a76accdb95e21dc3e884d22762f6b5ed363b,0,1
445b8531a6ca6a9d6bc299a81c0122730002f4891c5e5e524275f7cfc70c1e03,1,1
63a6c909ca4506383b4d7679d6d6245af6fd0e2454e96b7de118808b692e4110,1,1
bc34c81f35c065a339bbdbbe8c1aa7a4ae83a484f8f8115a9f434584da77c1c2,0,1
835bf03afbd17b7734e17beab74a6237594b9bafd16a55bbca6c352fe2607c52,1,1
2af387aafd8b6b22d72e317c7862da7c97caf385bb4e881e9a5d9c01042be3f7,1,1
7f154fbda6943d67684cccb00b2c8fc8d5c097a94c0098aab33515ae93fda5f3,1,1
9c8f6f8b5a816e157d14fa1accd3213b683062ac2b8da6c578efc188a27b0bf5,1,1
d0a932f8e20e7c638b6d6080bf9e2b25ec5cfd0375356fbc29ea7d72c48830bf,1,1
4b79183d18252f1fd9e8f58e16daf20bf50a645d859e2ea545d4e06ec15ccf83,1,1
9a61a3079bad2786c5ebea707473ca0ab8fbc504c046272ae936f81bc2110460,1,1
abd27d94bdd7d9cf79b5939f80ce24b472421ed5346fc2779d2247badc0bd875,1,1
92e96e15b1bcf5e00fca169f6e4fe78aba7f4e6692af38bdcbcbbad6d9eb3708,1,1
11c8ec400bc2b952671cf954b3b51d44741be8a042223fb6c18270fb91568b5f,1,1
d4068e286eff3bac4fcd008f6601efc099520b824f0b18f11c506d3177bd6378,1,1
71fd7eaf9eec26e0419d98c259ae5424092de0d0c967132d74c398e8324941c7,0,1
4feba7ab92d4c7390cbde58af70f6b5c3a606e1b35650a080c15e1b120fc821d,1,1
663aa0e195ad7465b1374182861c88e741e2c679e4c7fee5b6e0dac4fccc4923,1,1
1ceebe915970377bf36c380c98ae5b976deaf87929a43bb2796b32980c726f75,0,1
43e268b275ff36874a7db70dc77d79170015040a35b160fd252bb279d12429e8,1,1
4c0c2560b84d5de6205c9e61b359f5eb9d02ec726a87533e2b6cd48b666af5dd,1,1
cd92de22c983d2437e48f1b61bda7a46cef68f8c10d3e47e774444b86335b28c,1,1
36ffb03a843a2a46d641b942b9b597852bb6b759dbb76b1083ea064aaf9d718b,0,1
11b3b423e84f74e1deacf132b55d35bdce028ff25101e0f8e8ab52bb6cfe587d,1,1
92a4a485fb377017aa839d74b660b5a00d164c460ca36ab8aafac32908ef6611,1,1
e7fc2d301fb7fa36aef3a61f2a5bed26701580ee6da2243d642a89ad7e2ac151,1,1
7f61290cb543d34c2699527c78cf32df07141d9360e7ca7896c9277b1f770aad,1,1
59bc822ab008213ee6312d4f4175b17438335f53551e9f9e988b9aef5df3e9f2,0,1
f4759340497a51211059e2263f4fedbb279584865d315c50244147c28a16442c,0,1
49869cb97b8b4aafb44679398e34f227cac03e3314469a3158265c48408273bd,1,1
73af86445f711e25f34856321f7fd7abeadd923edcb44c4c15dfd68dfedaba9a,0,1
36593c6aaaece01ac6ad5d88856d6fa556e77cd03185fe720ab87a268bb87b8a,0,1
c753f3289c0323ec4b37fccf174525cd9018c04eb9f78fdb9cb9956cb2fb2a11,0,1
0a52034b9868098e28f35f3188a4a9103ca69508a7df0a09ff6dd543d596972a,1,1
2f95e4c50b67a50353dcc3f100c7606463d1d9153e36cec08c63d6fcc0857857,1,1
621558c67c849c9157091c7e2fec8b18fb9a042c73fe7a233b8c9648b8dfb5c7,0,1
fa5e3d3da2c1a270970005f23a15ad9d5412a9515fa28317c1e7a78218ec6bd2,1,1
7663f8f14570c358d93588d68c7b653cd94af831a3fb0514855faafc427ea0b8,1,1
84716b0fe9352405b3f43da8cb1e84e537a0024b8b73d88c6d0fbb491be279df,0,1
d2f594b4ccc283a5a313dff112216eb2fc5fa7b23d2281369ff59d051580b08f,0,1
22591972d482690a9019c252cd2cd950ce7d84ce1d17a1cac299e6529a2e73c3,1,1
ab5bf9a1f49bc660dbf59987df71570fe3dffd9654920b32157a784cb3081cce,1,1
d00c7f7635a99d0af8d96cdc99a33a1f914076ec9494f95ae23df2877efc0124,1,1
e63df19a0197ae7dad020ee85eed22c98f030f73d8c36c1e1ecbc4036c211990,0,1
9e1bcdd472a39f2b8e94e7868f9e42967328f6d29133f0f60195fd7d34fbd8ec,1,1
dc0e26875ff7e7aabe5b29f95c9c38cbbd05f65aab53a1bf6a8fd9c521a116ca,1,1
476fc051e201d6cf3700829b0749c9f97e9a46fc5d4d4870425728c3a4f1659d,1,1
e95388f6050a42ac758319ee3f6c471e82500e322592bdde3b131ce86f184116,0,1
5323ef42f04ff3d4f5290ca67b13ffe50f0fd7049b6f9eba26a9a3e991c6ced5,1,1
8042a99d2a1ec43387b528cfc8c9dc5e735408526fe0a12df6415438759bd272,1,1
2fd7e31771f270d6dc5da636950b6deb3e6baafe7b6e02b6b03cfe6a85c83c7d,0,1
5154fd736fe7543e0d091fe20afc8c19d26996a8bebde57a002a3767c97aa53a,1,1
b164a56b9d45d474ef075b4cd2a751314d8c5013e9d5655e92baeca1841ed8c0,1,1
7b821b73a96f89e5d6435df8daa8a18f3d1a5045d3ec05d99013873e48b1346e,0,1
8b39314b1a0567149809df74e7a2a651396b2d1a166e788ff7a1bb182fcb1997,1,1
4b941136a02ac25d78734603f549aadf1055d69837a435f78ac486e23ca1fb21,1,1
e1d1d0285ae527f9e0eae7c58800a736bbd838e3d49f88ef0f41d1a8a6589918,1,1
34bdefc68723ca9dcbf4a6992d4f84ef5dd3c8e95e5aafdc5757eb7342b454ff,1,1
85a4c3f9450986eb974202f83d2f3180a383088a71a2411d7bdf0d92a4cc1f11,1,1
407a84734aa2a231a69bd4f130547f0b59e466e92fc34a79ea771e180f4a4d77,0,1
60a1ef029006d3d8383eb222562f0e17d6b579e2d03a002b8a84d9090a8e720e,0,1
71e098dc0851f670e52ce13b1584c5da079ed2f586e0e7d3e6f91a86af5966e9,0,1
4c9ff0bcd2641b0ae21f4a01aff5f3e9c715ddfacfa9559f1e3fc8ee14796c29,0,1
6ca64922fff4664eec29b11d459ff5b36803e16add5c696fd0042a74d0c653f6,0,1
371227d4b46e414e888f040d0c87061aba3da788584fb1084c93bed3f665afee,0,1
526e2f27f00ce14207e456bf197a0a49f4221fc7d819d8bbc0a918535136ed69,1,1
5c4306343d8eac9482c6cb7c646773bcd4fd057504d3d9343848e7b95eba877d,1,1
5d1a9509a02741324abf34d966364234968f855e94f76da32d65cf6bb6baae9b,1,1
5da998dd13b1c91a3ca2aee6eb0dc776bfa0b0bf77d5f90461abc3aae4997d26,1,1
0e47a698a99eff3f3f626f3df7209ed6320170c1515c579243431094b532906d,0,1
1fed3d646e769b8f18ed37c9c7a82cd35357c9423d198e4ad3407f9feee28fef,0,1
8a9373b579f09cb71a7baed512385281ee60714534e5c809ca80b8c02db05e5e,1,1
154ac3e9831366e689b68950b1722c7be85a3ba58b90800a2ec83e9dd2661855,0,1
b10d3a1128994e86790237ff4d8519d5e1ee4cd5f2c556aef3f4e997e6cd0c14,1,1
4f57a896e855af8881d977f5e0ac6fe40c2c4765e3e35d07e07c7769731e994b,0,1
0857fe22a4e00bef734cd60239c3b53a86839139e17380dd6363c145588de997,1,1
670a8a0ccac93395c7deddad40c173fc8b8fe8d7c51ea2c3fec9df250449b262,0,1
ac0d42b198531a6d4b351e943849f872f2f6bad394b1b92dc21590f21a721a86,1,1
fcb478920778b3782aecbe9f0a88668695fb04a3d03285335fe8eccbdb0655d2,1,1
c459eb1e34a40771df38eaa02a84d44612021bd3ad26615cdfee8aba46ea2773,1,1
0d6948b6b7f5d237a05eaa0863592fd7fd589066d303849b7b7455f5a0f0abbe,1,1
b8efffb37f66fb4224e6ab094b86e3dcc8736f9da049aa804f1cabefc12e1b3a,1,1
f7f019d4f2aec7cb03c4225a2af1105378c4902978c56c78e2132df225eebebb,1,1
2507055bcb3d528673209b3a001ca2e7546e8434c7b66974e907c02ad2397d41,1,1
fb441214cb444f465b48424344a0bbcaa59a2c9d89f28910ca07f37dc3a3c044,1,1
2def33d9e33e456ee3b9db2e8d90a6abfc33a086a6a8155812597f733544422d,1,1
2245af28ac44bdf2541f5e8e5ab1c8b93695e507961ec9b057cdfc838db4d72b,0,1
ee2cfa882d25f567e7800b954c2b67d0b955d483d6e2e8c6d0afcde6cf3ebf69,1,1
fee4e08d45cda45e6d8ae8ca2f986a687c26b706bca8d8d0f35314ad82089bcd,1,1
9e80aa3044196a3e2beb6c59ce403eb21416702cdc1d2fc02aced6627dd79559,1,1
d0e664f12f0c3098a508da694432b73d44d69136a6ce70c6c5607908236df0b4,1,1
d90aea3ff79051f30d6f80abbf933f40f3b29441452e11d1aca9d4f0365a5028,1,1
5d48b8f79857d35eb76e0d0bb04caa201b644a6d4854b574ac77bd06fe1d5f7a,1,1
d52ad26fbb0a6080bf293ef03aa205b04354ff42c0c3e2d65fc31d5eaff35b7e,1,1
e08e398e340a1be9f4d2d6aba2eeb4da56815d15fdab360ba4baa374cac6188f,1,1
97aad9a007860f1fc26c209746272f55513b95617418eae6481b154cb738cfb2,1,1
6b8941bc36ad34a0fe3534fdf34ce92fc88f1510e1f3eabe9c456e3bc2bc1309,1,1
abfccc56d12f613f93878505d1e4dbfd8f8fabd026de178f49a35743e570f4ea,0,1
b073437aeae382158486ec7276b738fc56c72d574cdac5871cb2a908e65bf3f7,0,1
2073531111b69acce6c0e62b3d9ed1e61aa7b1ca1a6df82e84e35d1a01fa458a,1,1
d4af94eb4ea2f310e60688d184e975180f8b7185c9f2ab0ba3d9a5d08a5efafa,1,1
23f473de35a58a93a625f1b314045276af65473b547cfb4e01580a1041ed3bba,1,1
f9e7b9f2b0ff64c427aebfb43a7ebe651223082e9ab1a1fd9900188fecaf3483,0,1
32861ef0c8f2930a36b9ac20100b8407d48b1681e164896ac48acd41fe2f992f,1,1
2c4ac4d00c764f786ccac4dc9c744171d1370dd618e484edf894d980587bb664,0,1
7e2f27694ec9e9dd00bcfb0be01e4c2c26eab871b279ba672511f8dc3460e0e7,0,1
fbfffc48b85ae189ccbb9dc1853e7e0e8c44625f57b9a112c394058684a1ffdb,1,1
e0c810d6b93ec1d8419fffde242bf22275d20067495adea734a5bf336e39253c,1,1
faad2787466ba7b20bfeb5635ebd6c0b5f2dc7b1fea677b2c217a9f9c6c9f6c2,1,1
371eebe6b046ff2999da6aa9f247a4d4661f1e042f4ea1c1245dcd7be275c94d,0,1
bfd3b431b0c5bd581556133b40695b996a9967e97ceb497c8e1aecd629dc0012,1,1
c35eacb410bd329b3a3f5b2cae74665552c1e552b5ec11c2f0574f6608d03720,1,1
49594c7bca7b533210617e8e043df73ae283cc88a8f86ac338f8f0f164cddb15,0,1
096ddf9343f2c10283ad876941eda3a77d7a88b427ea08a2d51b929aee6382b6,1,1
03e0ffee2b1357203abae1ba45edaa53758748556714e5c039b05af4c0551ca3,1,1
9d118eea2bb123da77080fe201c02df15c66900f35377b857f61f4aa4105528d,1,1
32361a51e1453ee256b4ff6f01e80cf3a06939e111fb0be392aa79f50927d994,1,1
d7154ebaa1360f5e7fb9db615e5f5e70e628ddb95b20758e2b5aa9869476236d,0,1
f977a7cd0a9ffa6aa3841a54ff1467be9858d3af6a0ca248489abbfd0d78f3ba,1,1
64a9de92a8fa64e30b9d4b70d0fcab0392068b18be31b2bed4b29ed53e25986b,0,1
3cb45229a392cb939e43ef855867609c27697f96efedfe234fa3b40988dd3f12,0,1
5fc14ad49fc2535be21a70d54357b269e0c4415a4cbcfdee12a46b2581055ac6,1,1
e326868165f4a49ae45f73e97220c669b7574c5d61d36fadcea5028e6c54413c,1,1
4b53b33dcd6cde913f00e842f5aa96c0e773f8ad556804c8b6c1ac0d18950fab,0,1
b8784d2a3f13177afc8bef0232e43a3265470716a408790bcb8732d6bec8624e,1,1
920c1d97271c1ebf41880da38f53e206a3498101f055209315599dddc1bced1d,1,1
54fc850a90bb124fb1c4a20068fec32598c859ec2da0579d1b2bea33dbd6fe20,0,1
bd49b6b9f21067a3d553ad9a5fe4d15063441dcedd406fbf29a7293d833be325,1,1
43f84e9ebc595d9cf11bb87c6c2cf0ebf14157ae9daa8381324dec35e9ba21b2,1,1
dc33dc820729054dbe3ce9124b28f931ea6c6b3188c9944d504af080b691ed86,1,1
11292d900a5ebf55d66df6529a633315a4f6e6c524215e7543770190d9068b37,1,1
9b07324e3cdf6fab7dc6ee7873952cbe04930a6cf1e12e79894d9f7322ea06f2,1,1
5e6ece2b373f184fde83cd5222ea654ef4a57afd32fa0685b4c92cadf1b7e876,0,1
f6ea7b91a134bd26c26d2d45eda43a30b26f66466c2c5c179cb14a3871c092db,1,1
7d5c505213dabeae212fe139a32a5faaa3f8df2779bf39b808a9272a1fa791f1,1,1
8febf0ae85dd619b9e05a77e934fee8f519ef68ba1dbd94edd1e5d257f5b20e2,0,1
3ea13e30333daa45e89bcfab05e64dfc014f1cec78be9c1f218dd01935428805,1,1
8fb0ca6b96db6be8d2d6bfa2b26e4b917afd34cde8cbc44780a4fd2b242ea5ed,1,1
d5a7cc0aeca928d1864be858e70772774128bc444a8d737b5bbd1e36dce767bb,1,1
34bffeb5170130fb2790b145ddc43d4f5ab7dcb105bdbc1a89f42611c7a0fa45,1,1
e551976c47abe9f3f8b61c427b39e8e67d7c499ce2a7e9ccca10ef911df2afaf,1,1
12251a3c1fd7c9d7d1c5d6086fb9d88ddcce9eb46d7861a0bc4e574bb73c6bbf,1,1
ee378106ecb5e1b957555d70335adb9f8a08412b81961a7234f3afb487b747e0,1,1
67855fa5726a72346edc0ffae3be4e2533e85007ceb7c4a5b0004cb76734819a,0,1
91860ed61a30601806a536d3d7daf1877cca0b7c316a357908396895787067b8,1,1
754b4f7c81612944f7bca0161938816441d75cc0ac651c7ba26f7aa28af5f082,0,1
8abfeec995a2dee911fb58cd0597f50ec0d504c70afabb3aa99fb6dc13369bbf,1,1
7286cbf2bab9cef9efa8d0367e003929d64496423ac1f70c53c131caac949445,1,1
5e5f956f6c4df7db43f0791c6771619e5aa50645227646856d15584b07fcb7d3,0,1
94b73ee7cffc450ca13fc9c94cc41c03a08a87664adc2828c428db5fda61fb1a,1,1
3100a60abb30467547655cc6b95cc7dd79b17b46404cff7d2b25875d1c5ae22c,1,1
c301bf64e07deb4fef786e1bfb87ebfbb99c1028ac46e98dd68ec40f01043a55,1,1
2c67ba3c706c2cd9a72212ecae770028f23908dfd1afe7d39cf7a113d6ae9230,1,1
679d14a4815a0067f42bd4e18357ffcbf0f94c2f7f78952ba8b91e019bf7b3b9,1,1
0f6e6cbf20e486f245112a1976e3a3f98bb16c94cbf5a4e18016e826a6937079,1,1
22f79c276388cc7119fbe0a30a2ce519715efe1842b3221110b615a32507b070,1,1
bb0a9a01dcee4876f33074117518c20ea22898b3b8af12410f325ae62339d10a,1,1
40658860220a80ae21f9cffbd5ad365243f2aa63272bcee43bf991b6f60c7166,1,1
7a34b52225552c4a2c3080b40a19920b65d182375e42f5a32a89bd0d7718b736,0,1
b21615456a0fe0943136a62824d22cc3c841dd48a34b0fc9edea0da70ec27b51,0,1
b7a51372a4bd5058a083eecfa85e981916aa474f346d092942fc2ee6d09eb4c7,1,1
c7fad2e05dedbf812c6c24efe5d3b6a59f9829f18c26a67c432ebdd95ea877d0,1,1
0d0938949cc727a92d1a2472e2fef3ac38c894b0238fd0030e702babdbb8f988,0,1
ddf84ac8c37c5fadce10d71705897f30a469579d7b68052558aae014b82f51a0,0,1
e6ff1bc40917d0332d4595f6c4f6b9257e4b99632c48f6478ace9aa65625cf25,1,1
b7cfc0e872e57ae1cec5bb82d0cc9096caab0253f67ef958e7240c68fb33c24c,1,1
9ca6521be37c3767ed4fc9b4db4fd0752f9019e77783655c194900049d9a4f94,1,1
364002d3da9e08ade98c5164f2511cd0d86df1f2235fdab602b336994bc56db3,0,1
c46a5af99338c56f37f6bee7b8b689a5432152f77b4eff67f64a04413701732e,1,1
c18c365efbbdb07b37d1fe9f020c9253fc8bb352f35a01a761e4f3fc1f83e1b7,1,1
ba02334eeceaaa15612f4439298ee1c4bbcc4c5e237fb32770599697b653ffae,1,1
1b83ef7a762e958a39fa3b2695509b3c9484592eeafc7f45400365825e9efd9b,0,1
4a86ec97ea9a09234480f304d1207e69216948bff2638b6423f5f4611f069b33,0,1
cc5bf2c9ae7ce0e87194ec26980d99dbac960e916d961687d5176ded21d5ddd2,0,1
ffbdff25cc7339e395c4569d263edcef032735be015a37523158248c6795bea0,1,1
5a07c17a4ae36eeed330b8e2bd2c5ccb410b916ab2df89a175fecf7705979abd,1,1
521ed594adb7aa12d037709af6141123d920bf9c151d8f16786b9fa14861cf94,0,1
88462b09faea39c415b73d72ea42e31b2239e85d5eafd28bc0d1f295cd328b3d,1,1
63ae18984fd0994f708ff10ad6b645174c533ef350cfe14552e01e9cc929d269,1,1
b3946363324fc8823bed5a09c431c507c5f626c5b20978d6b74a060bf220fedd,1,1
0a330f1e74fe256b6177246643340ae7693e441e18b85bc456e551307f50dc70,1,1
4fc0e22e872da59d14f91fe502bb345bf2abb578fa163957f72248a04e85d023,1,1
502dd88ac566fe6833a4803b1c07bc3cd2a78b4988111741ec8eb5e629855ecb,1,1
ca543e8a929fa7f35b9c6822476cd9726fbf3366526e20d017727e40d6d18007,1,1
0fbea3fd3af039ca0f9768b7abedd4e3eb3ecb76503f8f742448b0f43386b062,1,1
ce9d7dcd7c13259eb05b1d479ef30ee97d8faf88b06787b9dba24811177e18cd,1,1
f541394e64a7c5339195e5856046946f367aa5fc80043ec4ee7cc79b7fa866e2,1,1
9047d9b179686de07ca9ad91c18c20bc6ddcb0cd230cac8b2102f7edb1695212,1,1
8d3ad97677960ae452d046c9b971b0497f867748047810a0ed7dc55bccba2a40,1,1
3641f67c07c2b5c32ac1a079f4462949bf295ef393ede24daa6c586715390656,1,1
be199a765c96bbf206d6ff2ca3a6c815f2bf9ed2b4c5c04441516408744147aa,0,1
70f646283e4d819601fc9e604e38d1ce7f6297b32d9473d05f0773f8604017af,1,1
97f9d5e876a08dc5177ce5c91e413762c6defdcc6af0c2bcc16673f9c14a2997,1,1
0f2978aea440fbc5b85a4d458d71449fe5be6729bda820c5a89d4abcb0c1625d,1,1
ff56037b47d8c1ec22c97e1f0300f2a6c75a0136245f1e6f5102333eb657f46a,1,1
031f20139769800b5369082ad2cb8cfed829ad592a6ade2c574afa4ffa552a58,0,1
58bd954e26e3d021ccf3f798b3b7cbfe7125733fff7d01db6743ed161075b031,0,1
eabf600e73dcd779cdd8ed099d0dca1f9f58b75723d0ec8798dcc17bb05d2e8c,1,1
d733e8817faa580e57ea00302bb70f3178ea644629c81751df8a8b27d7c74693,1,1
238c4e93bd6928b394bfd01e597315320e6ae7fe5f2ffd9e81493b801e213ee8,0,1
14dbf34619616d9823a3a6f725b301b2faec8018658ea7f8a1de74c308a0d7b2,0,1
f74f78be48a414a35002769edc3e905608cb4bbdf01fa5e671639cff977fe8c5,1,1
3c0fc2106729f9fcb97fc392615e6a687a5274a063a529ed59b1cfae2043e505,1,1
a67a307d76f32586ad8e062eacf7e1760d0e0a9ab05268197277863de9c007b1,1,1
2962d4acb83d736433567b71579de53524736b150c646cfb9de075a7bb121701,0,1
7495c9367af6d40cb658753e2dea53ee0ff4849a7cda455862d03f8352e79acd,1,1
ffca392a51f9f99d21574752169d42a0cd306e81b5d2cfa909aa7557018f256e,1,1
9c17aa71719c123467581843c35fe105c4bee2ce2325e728b3db7fad49c660a2,1,1
b5b64728cc0d35e4ee3ecc09120a9bbb2fc50e875ef17e03df149d04e3b3dee6,1,1
ed06023bf9af1e11e86560c223d8fe5faae02d84dd1779dd7950acf477d7fee8,1,1
46161852ad5819e48fbb5a5f8b3edc3f339d0f7f3221edab80cd7e5b45d1b9a4,1,1
fa02becbe815f5bd4baedcb5e1582fd22e3042e1c45ec9e7ef0b7efae2b4c5cc,1,1
637f683799f59e9e1fefae17bdc415769e03ba8052d9687003f12288e86753d4,1,1
eeb2b79dd36be95f7ec5b9bb44b0f2e147f0b7574cae103da7a1477609968513,1,1
eebb4552981e232f80a2154df46234f85014d115e969c0700bd96b1379e0912b,1,1
f18c373218005b8b623ec527ffbed34ef0ab30e930ecee712622e52b8ef55927,0,1
67b29b33efa451fa6f3c4a3e3db2fcd072a085a507c1ac3c1f40457d083b1992,1,1
4a31d9738271c8167c5bdd7dc6ea2d60c226f8968a0fc0e4502a04ed6c52651d,1,1
e35b6ecf9256e814c35dfbc944d92da34f5285ba127ef347a0ecba51c8c265e2,1,1
19a966bc2a54c38782875f22d661b3830257f77897e63ff4b489e5cd5018b937,1,1
f56518b6c57713b1398af2b7685b11f3f7f11bbe2ea576439e03455ebdfd9e7e,1,1
158f0e013e3ee4f0c79e7d382f74588baacc7718cc82fb070c690e9806517dd3,0,1
fdf26dd0946097ebe27b94d77f1006465caab0ffec7108f0c22b574c5a0af105,1,1
0214c13cc10bc2498c039735f5f9dd236821237109228b7daf4461a8c880698c,1,1
d65e029b1d2dfae06a5f7acbadcd51a949fbcff2c3c36791853cdcb64c2da01b,1,1
101e1e086174f476494eb1ace1b91279fc42fd57f4b1e62d390f64f9e12b050d,1,1
1f794d9ccfe0775b4a51d91d5185e33e3fb433f567efd0ed827d99bd08398352,1,1
a51a6869df376a1bfb704d015675d83d510b1bb07d9b384c10242774bd27e364,0,1
ebde4e8de308020f5e141ffbe33d9dd051645c7b26a4a7c3b5aa246e4ff1c733,0,1
05f6a4b2ea412cb5b97291926d8bba335f9872aca42406aef824800c37d52576,1,1
4de4853e366416bb1b566f7ba6228625aa9a111061ef86cf6558069f98e42a1e,1,1
1d13a07fec4ccb83b3c8d1ec0168f143c869d071d84415efa56919ba4bc0d3a4,1,1
5a32ba34dd5837f832f8260c79f2136e4b913c65708d19ecb7477d579c309efc,0,1
e725a2ce712cdabd26aee626c0be45512d456af9f602d80fddcf3f73fbaedc89,1,1
07b3a30779de1c7ad95fb912cdb47a64702872ec93cc01f44627690f427922a8,1,1
154f6e64a8677bce1713a79b45dce09201f1df0b147e1b110fea68e2b7dfbbbc,1,1
72b162d18418590c563f60ec9e1c6d6a3edc8136f7684d613a45a52ef7633954,1,1
8e166fcb06c927a09a12b3e4165ff475aa27ada803c9c48820cb120cb423f834,1,1
eba52e853c07b7fcb619babddfda934153f9fc043b7459c8b140776363a2381f,1,1
01600a68a390dbc3e52060359e8180729092190e6ab8bad78043959d42f81e00,0,1
fa3f9844e3acc869d5f7475f9c578d834b565054b2634ad7a0306b203b22ee2a,1,1
2b91205b7e6ba49f2e444fb4377b35abbd14583bc64f247bea4b1a4cd56152e5,1,1
1382e934bc8f3601cf50a9b7f88349cc33457141c4f7f9b8beab583b48649813,1,1
1d812d7372171b601ae0c2811db33790886902a281c4d0ddc9c5e081c7ee8f4c,1,1
f6b49cd6d4b5b73bff0b4363549824e7062767b68fd465d62a581b033f8771ac,1,1
51b49ee01d256eb23199dccb31d910f28b1d7533c3761dd5e5b18c4ba7b91cd4,1,1
273873a366dd9ea31c3c3f1fff3182159e45afdd93f1258997d4a432af7fccb7,0,1
1ea97232c835410af8fd118937f6a6678c32a18efd59c5b53374af9201d65e0a,1,1
b439bd9f99627f09ddc72b3e920f4ddc7570b89724afdad1db41e1cab5b37ade,0,1
bc92d92e6e628dd9ea16d6c2002e3ba27acc311298c7c472c5501a547e03cd19,1,1
95b7aee94b996e2e5db807f3fe6ad9ada2e756778cac0f7b6570fa3c3871656a,1,1
1bbe0e5b48276043311f664de437c70100842fb3404761a3f2ec73fcb2fad483,1,1
c8d1e085e5ef88089357e9a6e090b78cc66d6a76df65d9322ab8be607842a181,1,1
6b0874663ff3a51138ff2aa6503014813b87fb78f3aa3cb0222ed967524a9a9e,0,1
a1ebd57044cec4e542b5f450f90bb11d18e1f370d2bdf12bf4225c784a40a415,1,1
81e5273f453a1c4dbddd7ab857d78ecf8eaa3d6588c6807fe6ead6ec91f0c439,1,1
e345891d1487e54539ac08befb1cf56cc617f81dcc648a7fc5ef9192248cdc81,1,1
e231a927f4e39ffadb7b6fd847e0a6056f8590d583bd3c2cd317a73d614d16ee,0,1
3b4af85b1b635389ce30b24c08b4dcfded80bc60988c03515e3cbc37455baa95,0,1
4529608091adc01f376de506b3f952a953af8e048a37a629d441ae9297dcba98,0,1
2a8cd14c40800de25c5247eac38fed2738cbc5619623f060ee07b0e896c3be81,1,1
adbdf948100c4a81aca73047603d111ae29e23f208f460111d76cbbc34dd4690,1,1
d7088db47bb85e9f2e0e15d4f178dd928858908b09c17dbfccde12cac33b1dd6,1,1
fcb30ca631262c6a880fa51f275615c78a08522bf4fbcd6d8f1cfb34f89ec99b,0,1
06195a28aa0816ae5c11648ff9dae04b0ac2a67cdc690c7b24e970117c93eb41,0,1
a73b6c17d74663dc003025f554e4350e8bdf3afac2919c29601db611070bbd6d,1,1
f80a788a4d8dae6d3c00a5de990895a3b1d144c19ec9c9d7156de5d085e6d243,1,1
13235b1133e6e2f937186b6ba3f478c430364aaa6d35ac2e55aa07c8812e4903,1,1
706253fd411d2058b7078275ff6b33549aaabae7359b356216a4708dae7d5892,1,1
f2e8766a18e15bbfd2777650a149944653a5d636a3ae4422f55c8be964626c18,1,1
bd7d854187b865024819e0e377ecad1f4ae5d9b361b61d4a7975970fd87bcf1d,1,1
d5b8132ec584947b7097d97dbb495167c8e969075a08ee15e5fe81672d853528,0,1
df5ffd2cb31a398527a66ccf339d8c7f156b41769c37c3f3ff31abb35d2fd654,1,1
a6912f52bf63d715f51631e2a987271dc63964a941bc9115e040b9ca8f11dada,1,1
52ab485e7185d4e21d9c687df1ffd79b1db2dc129d1a6504ed56063fc0bb8b54,1,1
43db0af650071e260e752f85905647d7128ce36630391d769f5cb531690125bf,1,1
693f638e3fc3a3a41efa57e06404ff9d21a83ba737e018aa93732240a03b923d,1,1
424ecb07ca1b28b257dd832e6c94337b2b213fd50db1874e21dfa6827a8dada6,1,1
a72da0184d11c673d6c96c4668c17470af30c1a7cf1a28faf51f111451e50956,1,1
8e217fb378f094ecf13503ed63d0f5f00ac11bf4b5964002d99dabfc62b0d344,1,1
26e0d4ad45ca2c995423fcb03e5f1f67cb43d9d66be618e867fa6a4be81f8cde,1,1
114d3808c04f01f3c17d173278d5121ff664b018f7689c6f91373491d240ce62,1,1
03701666cbf719068f6ab5ec60d59562fb430912cddbe7a0e7d9c5d06dd5eab7,0,1
a4b3b8dbd1c517f18fae9d7ef4da2c64d48504ab34c6482b861d378a92f3f213,0,1
720bdf49c086dbc3f89c1d73495e0ba19b1fab413c60f5606ed849ce6e55c77a,0,1
ead96c629adf4ee53e0bfa33c2b2540dd9b605e735fc366f30631fa8d4fc7cea,1,1
048e79c805b55270bad56088703eeb7f2ba489622a4698a8edd03a1e5022ce5e,1,1
71bb013e9a53ccb08bb658805395395fbf2a124a90024c8e81e2df33e3561a64,0,1
0f8734fe915956f030801968024a94c9f49d959d4958dd536c6c76f4c0dbb656,1,1
ec7b6b8b6002b9d3ee7c47cdf605d4cec9eb47debab6554655bd0cb84f9832c0,1,1
88932ea6864330ecd8a8ab8514bafca0b4f70a9b0a1416f29059a64a63698baa,1,1
77258133907ddab4303c0709e94af12fb2602e992dcbcd7fc8acb0518a32ad37,1,1
5db2fa8443b93863b69a28dc211b3a53bb0655328c29676db689e3e7e2586799,1,1
6ef096567d1aa129aef0aabe4febc7f064bae7a6b27dd813f99eb901ef7c1690,1,1
be1e7d3f50f2d307db00d026ec7c2ce50dfff66d0e0093c76c9b0d235ec34d66,0,1
8ef0ae7b58d33ebe443ccacd044998bf6d9856884e724b592356cd79b509439a,1,1
a6bf0f648b96f6d5f3b743d31905728aa5070e1cbcc66bd1e99a95c48c88b7cc,1,1
36d0c191b3160e746a03d37ea282db5ca9d43712bc6fd4b30ce6e8eb6bdda922,1,1
8a8de5eddb08da2a4e5a7bb892a5beb8b1f7b820334a9b1eabf775e8109fed3e,1,1
fc4615bf3e9fd8a3ed17692282a4ce140917ca8ccd76693facdaef1f510046a5,1,1
936f444bd5bf3c3e20521fa1d0c489c8e685a29345a226cb2bfdcfb5d065d945,1,1
aff47bba37aaa1e607be0743fe770bd71af9ea9d88b0085bb82f0591b15cd59c,0,1
a8036caa232c62c2ebc6586338f7160bb11b09c532ee1ce2646c071c96b8b97e,1,1
e33b24d8ce1ab0e77b84496e3fb975be6ca7061744e9f58f6e33dd34e4375685,1,1
ccb83e5e4bca19200ad483a193ddefe2abddbf123bfcc37a4eef2184049ec6cb,1,1
a38f762afd1e4c3a13b89cd3fa67248cf431e8e2807ee08a143019f310d86bb0,0,1
fad07b2cee70edef5d59388f5a0cab30e6fe02d7e722ccead01b9b614bdc83b2,1,1
c37a5dabe3ba916812be56686812f67d79453d823947dd42d6eecba4f0eee85c,1,1
497ed64052d65a827ca9c3731f34fece4beee813896da24173e8d496cdbbe677,1,1
d80f563112e20c87fe6d3ab2a8d997d3efe6818db6293e92097fffd118a79a3d,1,1
30a5296497025a5f2dba532316129e516bfdb92224579d4c85d59e1ef8aedb8a,1,1
e15ed00ded6132b89c7da191d37f85f0ef3379fe1b49ff26b3264cd9a09bd82d,1,1
9054e410ada839dc0322ada72bab2da392d9d106ac2b5fd7c42f7a0460bc8932,0,1
5c5b9230bbe73ab34eba014cf203e88850c51ab082c83579b010502bbbe4b0a4,1,1
d0d92229cdef861552d386d37404639ef9f72a66e4aa02150f063cb1c3e86016,0,1
7bdf2b9f5a4c12def7b0a3c4fa084c51774142325c4a3ee7595f12c08bf1de4b,1,1
8751ce97760ac7d1ccfe6497b5ed7a405a8a2b1433fb83fe50063c43808e43d7,1,1
efc04741ba9113423597a1d6240d3164736240ca6efb1f7794b87cbf90b88298,1,1
ab590bd11c76399282080923a91d9c072a3d7111f9fffdfd3d163f00afc9ff0f,0,1
494e21eed25ae1d381c894918901de889bdcdffceef93908d3e172d503ca437b,0,1
77c8a7e75827915e580447c9779ac38a869b2d08b19bfb4c82b8f7c0f550cb9c,0,1
9de4914e688c816211f4737adcc6f128dcfc17a5794251da09a3169a651339cb,1,1
a34734009fb23690007a521425e0db86eaa9e559ba6b327f0a1452028f4618af,1,1
b716e2e8123f93a9ef63e14af1785183e6bf096fa7042afb4a44196c93d074a5,1,1
6db08d2863691e053f3c461bb5e443d2e84bdac86abc0d6b5e8f14b9b299374d,1,1
dfc1cc5eb03165744e2ee336b43ff6a0d7bb97e0f302689160f6218b5f0addb6,1,1
336d99627a12f642ebb035e0f530d9ed74bc79284b0d518a5607a39e4e925907,1,1
2a1a188bf7e025626ca4067461dc46a780d9e906de235b4dcd4928d444c1f606,1,1
ad0929528d44261961f2d2b779b16aab01f6585b9fcb8ee223abbc2a3fc63409,1,1
d3d03853cd9596ef9d47444068f77480c6c51ac88975171806571141e297427d,1,1
2498da5113d998570b3bc6b53c4dc9f35257ee7e22d7044605d8fc4be83d894b,1,1
6389c67773c9a0344aeb85773782391a32f4dec8634e4eeb4b3e80e33106f6a2,0,1
fcfd98734c7d8ffad1c451e352a32599c0a9c100b08f9d0e7e03b5deb7583313,0,1
048766dddab8f21ab753e38e4c2b8d3165f07fad8bb4466fa0ea23a88abb41aa,0,1
5deb39b23cefd17e73dab3ec6b6602b625127b25f6e72c590326f9fc762b74fa,1,1
fa158bffc5e55c2d1bb65ffcbef1373efb6b92d290777b362f9c683c10a55f89,1,1
3c973488b576be181b3b087476dc7e5e874c060415f6f075d39568fde9e3b0bf,1,1
54399d274704051fd346c1b1807480663a1cc4327087ac942990e50c4f546b53,0,1
1adba09232484a43c891e70d9965b23eeaed6f56398f5386e8c9da281f68b113,1,1
cd3795a03290f828ca5f25143e1325dd472a378f1f432cbcb6f456e727014062,0,1
4a41aef3d6783d80d08a95e82bf316f62f6d5d1326121da5a79f76e62adf00a7,1,1
b1a12fd881ec9121a48e52a915a307f701c3699817db20e6c340ac0e07d270ec,1,1
9765b52d0d39ff82dabed813cdc91e2572ee51cd13dbc90b5ac40f0bcf087406,1,1
13e10d87bcd55956bf4b91db2a25d1c185112f423fcc046d17ede0d7d6aae83b,0,1
09f85069a5a8571a7711e0695854fd40003b4c6ff07c111ac4be5660f0987fda,1,1
56f42428154e7e0c844e80160bf3d098d6a10c5ff323e413d282a26281844489,1,1
de623cb1af661f9585c4823383d9e7cdb507d0357c418c9782b99a19e115bc53,1,1
f26f60108f3da56bdc8b409dc64aacc487215e50cbe220d6bbd40a282bf8338b,1,1
db42a6e05b0fedc6c8eb848a2fe4d4524ed23ecabc48f9db790213ce46a80fd8,1,1
ae1d5840291aba86d6ba4e49454ff1efc4fa3946ee519db9e04942327ca535c0,1,1
afa9cf923e5c8c38a33cadd577fd57f24eddafdcbdfa9fee3ffab5eed24e0821,1,1
79d790071e35101dc685e8ec704cc99b0e479fe8632f16f1d1f76bf79ee0ed23,1,1
d6a9e5255d3ae59687c9ca7f662aa344acd36419e2ea109f75bc86e372b0d833,1,1
84e75b84de1fdcb9b429ad03f770c0984dccc670e713a4c40f34b8a88e81f946,1,1
e995e4ac6f9005f22cf37f660c4958b675fbb3f1165bbcb336ad9c33730ca0ed,1,1
94659303d8ed199c0359f0d2531b0cb732921175b7ec9ecfc0560bafe1a7ff3a,0,1
51b5e0af8ab4080167a9c6b7df16c57870902a28982e85d85a98e949138efcf0,1,1
2c4ab37a48400d427f9e9720241ad82f8025573f3567096b38f610d09e81aae3,0,1
089e24ee5e4d915e819b7713197343df5f28e13e035619d6342016023a5748ef,1,1
3155703b3aee11dbbb2c7be93e8a89f28cb7c30a3b5f365dc52567f335d9e796,0,1
30779f325d21f66abb5340ddb96811a2d171fe5ef160b31437b619db6fa9923a,1,1
8b851af3c67cbf058df76251ba2ffb669378926c3ddf6fd76988557dfd3d5574,1,1
490fdb793289c0cda78aba59dcb49576fbd39cd70f1699fae50712c214e26dd3,0,1
af33434bd2f165beeebf886b63fcf581c7681df3e9bd930bcfb8f6b5171d76d4,0,1
e762e38df350f128c082a191f8cd000511ee7ceb183719a5c3fa4377a698d768,0,1
c228e47da3fd0cba3f2c7bbedea65ffae0fabd18f696545e1aec40ecdf5fedc7,1,1
259fbc1705920e73d5ad375d946de82f294820fc00bbaf3ab8a14a2825c8c764,0,1
e728de39d4b63885f8d58c1c22721fa9d4e4fe9e897fe5f6d4a64be626cefb94,1,1
b505bf19044a22f9bcb3109445772f4d269c276ad444816e67b85bc0289df4b2,0,1
0dddd2aea5e5b0229d7339fd8b842e7b6e726be1bbe7714499e5593dddb9b622,1,1
26a0a377b7b593d4f71f61543f7b9fccd070b8907b10cbb83b28244a07b3974d,1,1
8879f59ac6f073a4537fd78854b88fc48143b9273934fb2d891b8af50df47e0e,1,1
0cc4d48750d5d0b97b2d65740a324b195cbbc2be15b5d2df4de7b5a877c3876c,0,1
22aec8b9e4149a0562561c2a6fdf00a5c3bf44ab0e651a119d9096df67b95da5,1,1
a158c709c158269d2b4687bbce2844d2aef549b5d15b20e9419c318c5bb390e8,1,1
fd64af96a0d3001dd4e8ad2302c46d79ba3b722c6a57ec35295c4cce19aa6236,1,1
c35f1c727416f1a5f851e5c29431ea7f0d57342af33ff3294ffe96a0f682e13d,1,1
cc67adba1cdf037ac741cafdac558bbcbc0ee5b00a151f4a365f19a159cffb93,1,1
aea3f5cb02eff65f028af1164b7e4d3a42b11283861b8320edc94a4524c17228,1,1
560d6a01123965b43ff0447ad18ab2c73c138dec32bab64585f023a84628a549,1,1
ef84fa44e36438d8cbcbbc192afa6521d75500e11a60f4e2f8cf8ee44e9cab78,1,1
c7c9497f66cedbc0cf9a270f98533f5c4ff51483e6958698c81f89d56f516763,0,1
fa9675f57f086e1628e5e1e31e8d1606f5554ce7b70b7d6de175b8a4980df17e,1,1
0cd62cc8da0a8491ee412b7ad907bb1b1803f2be0e54cbdea7f2fa521d64161d,0,1
aa97de303d7c253bb2cf662faacf527a226e382f0613d4be37a041a480c26002,1,1
03ff4a5592275f6a1a039dc40a4231940496be9745f91b8516a7214b015ab460,1,1
e2969b24144797791bd6e5924cbe714d5d1bae87bb0cfacafcc09f5b5b9a520c,1,1
0da2d990fe959a5dda774f37bc65ed73ebf0f58ccbed7f635e33b7109c73e08b,0,1
84cfb5a3237d737f316ac658a3048a61e250d666b6642f20c4f42f9316d276bf,1,1
f7b590fe603617a678370838fe361e634c255878f71313977eee2a19813c19a1,1,1
f8bc48a64e77f998e0cd8bb9a07cd33516c617371c1173d41c192b61424c12d8,1,1
7bb7384f7c44fce94a250b7ef67b738419890c4ed989146df5c1e2c9bb3ecd12,1,1
7c81c7028594db5b118fa12b78178f422e08e8a62ba8fdbb396a5ccc94a17f75,1,1
9a2fc273c3f98c94d4a7d409369653ed5e7a151e2b27766af4ce77cc60ea2818,1,1
95d34771af6f86ef8e98abaf74de76a8e7b51f739edfde62dd06e1aef088983e,0,1
26ff1b2a7b25d1404e4d38c5e9a4541fdb11b238ae615d016670e5c5d58c2be7,1,1
3c1fdc30ce391a0244d5a6827c3950e4abf7b11ef8708d9a3a9d17baed1f1d6b,0,1
5a1d9f17d14dccf49473190f0a871a451624b286553d9eae139bfba6fb21dc5d,0,1
ee316b193ede67b30572e54498881761b0840dd1968e91d04bb8aa34157546af,1,1
a6990b7705d3f6c2d2bbbbcec16cf42c92400d9a36b5f695ec3bdfbdcd906806,1,1
a668b33370f1083438d236703f7fa1f899e1b9d1d9143d236368cd972a9869a3,1,1
ae2c3ca19fcc7d48e52064ba9c661a2bc948ffa93fd15395606eb3db7aeb3b3c,1,1
fea5bd90781eb283fd74c98b93fb3b2030eba2ab416c81fb70b914afe7dd2903,1,1
f4fed4d548ec53f9711ce675c815d1acb7fb1f2b1da7779b353557407926e88b,1,1
0f5e58a405b7ed16f24ae451d028efeaa6e79ac7e057ef07e632b34aaf64f6ad,0,1
7723c421ee004d9d9f42bf31cafafb673c5e21cc212b687b4bb1f234337f719b,0,1
e47be2158df8f4b7dcd0149a6a6cc34d7c36b25a4a52e8a74538dcafccabddb7,0,1
d8946677597070830d3aa9c84b8dd2008a9735711f3cc0bc42e8935dfcb3b231,1,1
e9da02c519f6cfdd4f5bc4ecadca6a6bf17dcd0c23db28589003c6d29e05c897,1,1
879c5f38d7b7177360367315ef2bb2e44cd367c9c318c75f71d7a1f19bc67f8b,1,1
7f7b9b5058b360671052d7ca01bc5b35a9c444afbda84935156828ec2a9d9d57,0,1
865af3bc63d62f8188a14ddc7159e2d367474a6634dfcbb8b213497e4a4e9115,1,1
77dd45d245d19a023efcaacde2af12fbb7af26a876cb7b69c362ff5317e86043,1,1
d55393d4b4ec37f7c83fffd79e8a1ba47f97d6d546f1c29d9a457e5d1a5be356,0,1
90fcc6832bbc7e5965307fc9956e29ecfd9853c588bda61f01ce546f3b09c418,0,1
14c540704935bcf972827c131063bdcad59d60fc32dfd990373d2f965da1a6cd,1,1
913b1dd3706efdf262f6464c0134142e8a03c176446234f50242c098bd2e5d5d,1,1
f5d3c3c66f5be7d1f00ef565e232c47b91007e455ad8fae79db3d2d7b9b1438b,1,1
75fe712da6b1eef6f25c14138337e10f288a8952aca695d301a2aeb0c012c7bf,0,1
7e5a5b94dd3210f80c8c5c9f37bc7cad97959c61d633f363b817386ee7fdaaa2,1,1
e07fc2dc9a19f822ce85310123564cb7e43dc372ad30f1eebb939798a394787f,0,1
14af2cafbae3bcab4ca6daa586349c023ac84961d1471d824992a5ffa43d59f2,1,1
97521dced1f5d0bd1ecaeb9a88146f38c12955ccd55d5f1587223658004a00b6,1,1
6741b5f9a0ed1970f0b2a80403afb2987eaf6f4d37d5d71147c81d2ac50fe71b,0,1
0db24ff9f54ce6ef220c0ec9164fd959a2ad86f17050c505ecc9fc43d1a9483e,0,1
37efabbfeb84194f9813299196ba4f33dad75c87d8ac626f272734383c621094,1,1
83aa23e2137c6aec8586e7a948427fbcb357fb028c6e1790905028dcd762d5a7,1,1
4a68854cc227da89c5b9c30e6f2cf15b9bf36aa229966a4ef5e1bcc29a0f5ab6,1,1
39c68860a99ce1188a681764598851bea178139a5a608bad939444ff2d5d4e8e,1,1
ad28009268df628d52ff79ea66949c9bdb641ce0e574dc0ee180b0e059a3d353,1,1
51abb7cc4201305879d903656b30c81fd2f0576aa54af892f800686e9ca66fd8,0,1
45989048ae3c5301d606ad50bd3b974ac17a310f530e323211c1263ae04143ca,1,1
9a2c999ab470706a52fd7e1a9ae498286d47c4dfdfcc97d1c30a7c0fb070922e,0,1
bec07cc853dd1a675fc78ac3f51c831e1c49fdf7e620acabdfa9c42647bf136b,1,1
29cab4b0dc96486495f7063680ee794ed9c8828e29420952c3143dae047c50ba,1,1
9d32f317397a79701d20d5b955b0999863faad477f09bdcc2c4992fa8e3d0e2b,0,1
a2a26517d6d344222962b0a8f51b7e609bdd13d49d04f9f13b334f3fb170537a,1,1
c9b2d4e17adfc88857e3df845e92f40642a74a3fedc96fcffde54b6f20789a7d,0,1
c3c4111edf5cbddc58ad1ad9e9a49ec8c95a84344159d4dcf8822380bbe7ccbe,1,1
2476f635523e58e3d1fdffa89b32c6aa4648b4800663bb0c7a1e744073c844fb,1,1
1b5cf3e43b7f82304bc46379f8ef8fd7d5733715606ac3829f2d3bc0bab37807,0,1
4cc2c5147289b41005da9f39f64e65014b0aaddd5b49b51af185df58d3b36f53,1,1
cf4109dfd4d25b9cd7d78b1365e4336442a002cf920377301994c759ace5ee4c,1,1
7cee02e5b57498439cfea89e0f787210289cbc147572f90573e27eacfaea9b8f,1,1
e492e35f7c46f7a00a2aa5a7aa6c705210d1a9a19324ab0f657d24dc8e7e038b,0,1
cd1612617ba8ad9c2d202b6c8787dbee0ad0f4665a8022e3c57e1d899781b6e6,0,1
692e938e38db3a5cbd3f99e1c30d43fad3be056dd81abae91c132f34ced5b98e,1,1
e7ef893b2b40bdbf84f7a82ef9e0b3fb58c4d5aee5cee66e61f63845f1a373b0,1,1
98a6abffe2781d7feff2b0c943ebb597078fe13b631e06f385bf11ff50769d9a,0,1
34decfae7eda60c36c783b6360b36b4642144e040cf6f1148affe51073e1d777,0,1
8431393bf59bba91530c57901c824525da0badbd3947b8f2d090ff01238f1560,1,1
1c3d87452761ec58624cf5b65b99d9e18a2d42cb15dfc0715c98c062801b6725,0,1
f6965a39bd74258dd783aa611a6e460d8271f94056b439b91ecf84cf30eb3e40,1,1
1b6b92c2123b7f758476cbc928d721242ed6f22d0792d5f47ecb30584e6c327f,1,1
5e8086261914c8877f271dff0deee513aa0775f75cbaf6c45642fc2925e654bf,1,1
840e434052e3f09568fc67e0314ea66fe5525c4fda54d56e36b24dbcd45f83e3,0,1
f02cb34cedd4ff21da7d253e39a10c8a76d7fa874f449118a550f194d90c1b83,1,1
5d12ba8bb6dd72c41b0d9ed5957d524fceaa0d534d89b7fbbb6fc7b2fdb10677,0,1
35ee83c203d58df23001e715e456d2097f985eb6129f5a905cca7160014bc17d,1,1
efac760aab57414f4b03b0ee684402506e2fe329bc65df16bab14ebf2bb08d16,0,1
522433a882f2ebf5898795d98c64c4679d6dd182dc82f17ff8ccc13a7b62b4ee,0,1
16c967c05b2aeb1999c626c0f5c48392e4bdc9adde32d7fe2cfb5edf57aafe31,1,1
0382bf4db7e0672391ca3051f894ffc825ca677a9ae8530650d9492f530ca45f,1,1
174b4b0fd9e7a4e58f03378a22ddf8ff6d39e786f047101b94d7eb014ff23c82,1,1
2e2b082f3fdd6b6695ff2a3ac77b166961edf04bc79fc51c315f55739615dc27,1,1
487ed00c6090528f80b5eddad1e18f2a6fb7e76c9ab495886de107ec42a880cd,1,1
634cf59b7e806676459c77c38205958a9f82f2bc28be01123c7db2a163a741e1,1,1
5f8357a5a13826ea8affd230c7e34a222cfb28fa5d446ba1c8d5d4b34ead6b45,1,1
52c7291c48713e5fc81309ed9379e3829c8a0871bea6f67f331e13b4d621c054,1,1
80dc65e0a514a90280d8c290b3ac3236fb87b344ffec7a91924b0f1a45ffb8c6,0,1
abf755546b4f1c88b21fb755128165ba9be28bd1a33ba78c34c0837abee34c3e,0,1
c153e8210c5c8a6dbe8826e6c4380036f0e9d720cd45b3b9d3f1d224a5b291e8,0,1
9b0357c79299ca577b9ec785e165f9f0cf6d43e768107da4bfedca1cefb92eb8,1,1
1b32808284db35805f227f40c57c53561a380e91ec8d9eb5ecf84180d424e46a,0,1
ac46d04e5442cb9c7a3095886bb62ae8d8ade1ee8b82eab7949dc246dc6e8f5b,0,1
e282587b4d2ec3acaf974d00a4cc4682945bb59ef615b5167f7443b33a26e031,1,1
82b3b7036e6ed5bcb00cae83799cce9696f2e1d8f39b3fbfa0511bd23768c849,0,1
e9649463690bbd6ec8753be3d68ef61d262f7ad563ab9ef1f4ab6be6f230ec15,1,1
0f0f673337d2ab460a1495dcf43c549ee87395766925ecec6596f1f105509491,1,1
733ab5371a3140958329e3205eef6bd86d161158103dc2740ddb39f5097902a2,0,1
0e9c985370d2b4fd3d3cad9437d73b42754804d022394150794f6f725bb4a590,0,1
1db65be168b6da713f3ba9b59b5573bde7af64a0e3fd8a455447f457b61fe93d,0,1
5495b875462913e320bac6e9c54f3bf521b4fe2a14ae58515e165a44ac03ceda,1,1
68d4d8253d47df944871935904923106720be98c4d6bb0591776013862fec8d3,0,1
99c01caf280505bd965173eddb0418929f15c4bd103f77fbffdfc117a01b3b41,0,1
46a0fb10162e07015623d9501f0f6ee3a44c988c7a7a8f6c9db809ee3c3a2a62,0,1
8d45f662cf1ee62302283c8e6ca95c4e9322be90c7a994d475833e6fdfdbd719,1,1
25401e00a775528a5e85b2c914c39121a23e99a28712a6e2747397fbedf6cdf7,1,1
a7b814375c48fd88cd633ef8b427f6fbb64bc1f0bdd56fe88faa05b2744e9333,1,1
1e89212bddc7ded65602b27b4d2ee9c5eb6593c876688cab51e5f06578a1f06c,1,1
d93cadc8266e78693f8b46e77795f8576e79c65308212199d9d2be47d7787831,1,1
fb55fc84d4098076920a7d2e81407016d667a27b0b4e612b2e4d8dcba9738e59,0,1
493f5b963693454466aa94609fb75986edf97404f8a91ac4eaee8a9a18d1348a,1,1
09e0ee3240cb5626cdada4b0894fdc18a279ce99addc05cb073c6b9b45c280b7,0,1
b72800cf05c8ef507dc949c668b8b50a446f7562a01afe595e1e24365095f6df,1,1
5d501189f08a707153ee7d1f1541720238237d5e6082c5a44371670392122ca7,1,1
758c06116289a1a3ba12a9d455c899d2d2c33ac22cd8c0555eb95cfbe2e9acb0,1,1
9bcd9cd3152bd3fd9fda9948aeba720ad1671f40bc67218d0c7434237671c428,1,1
533f9cb8d5aeafc52c5cb2c7389cbc5e26866ab8e764449b8c6f7bb507615ce9,0,1
5d26556fba5363d0f633940284e15302d312fbcd8a34c845065eb387834f617e,0,1
8d3c0f6d226a558bd22a078b6a1670884525d36c47cc5c33cd9778eec32f1f12,1,1
47ae2f2150f0250ffbfea7429f1ca12b158e9fd8f94418d5a5bc8be5dd3d17cc,1,1
bc7fa8dca5b8d2cf0e0ea45c2940d1859e2f0dbfe994099bcf3c1eca4137bb53,1,1
7eb5d695f6f5e7d29db34cf514ce454ca74fab945913742d3154b752de4437c5,1,1
06b9ae892712888822a8882493cfe1dfb10f41defec5a5e789c3c49b1ed36ad8,1,1
59c8c2fae7c1ff81c21f5acd2d207c7d2599b386b8f212f85cf37876b46b9ea4,0,1
adeb3a72e2e4747cba29dc8c972b2d3119129b5472016b9efd6f703c33a8c68a,0,1
bae5fdc8d4d7e5479d4db0d583fe11535c8449886673910fe29279fd2caed6f5,0,1
def90c4d1298a79ca8bea645ff8550ccec0886b82dd51cd00f42f281e7950499,1,1
bd5ff012fe9415ade9724c5f00e36af27e55cccb8c761a90303ce0f3c6c6d954,0,1
1d95f09e8dfc92b079ff2594a737723978452e85e2534b22c9de19145d6f2f86,1,1
5217b317079c6327ba57dae9226f4f13a7165b4154777e5fe1a9053200f1418a,1,1
f894b6e3ae79acfbd0f631bac4a734ca32a40d42edf4d404c4271cbe23f54347,0,1
07b388002e3568204411b5a4140bbff344f75bf2e2b643dea6390827932bea53,1,1
37c198b52934b3c3028f726782e6a8f7a2a9e1e775b58bbedcfebd90ce5ff983,0,1
bf33d658d36da890cbde3866f1c5a37b93d1aeee09cc1f1231075d9447c20aea,1,1
23f8a5f59ca1e5ccbc7529e3a6bfefab0fbcef00b1c15c7d37d5bd9893516470,1,1
032777c7997f63e84a34bea57626c4af5b25ad6366c7b77a5e785fc932a8e8db,1,1
2b5968dbecb329a27136e71ae8956fdb3edcaf63a628bb31439ae240ec2598a9,1,1
d4d5b2b3522ca4e6412bd4e2531e7bfb14cde1fce5705b8a5237fc4d997b1bfc,1,1
41e6c1b0a9a436be9e95eb3eacb1c9066b1c226ecd53f102a9dce9015841df36,1,1
f7d15883d4dc5029bcd4fae227886c9612d457dbdb8932ec08fabbec3c432744,1,1
38043b7004460561cb3a5b512633f76d13e28d4444c9597ff2b37e82fa5f1302,0,1
86081d048b6e2420726ab9cc46387e2a67ae00168c13f0cf296e4714dc1a4ec3,1,1
b791f5c5389ff4fab08bcbad0cf7aa09407e8944fb4635cb1f3286f904054da3,1,1
f7c05622695b0dbbaccecf0aa0943ddaa17eb0a84131c119c3273bbd89587d6d,1,1
12fd616990dd9dd0ffdef1b2730b137b453294e01e5a8ac0e62cdf33fa6a95ab,1,1
6a54b208638efa3741b093ec1461cb7b4ca574bebdc46e90d37b8bcac119d863,1,1
59665324f0c777f72a721c5cba44d22dd26cf84f039384f28da6ebfa5fbc3530,1,1
afa8e296c7dde40d213292bceed6be1afc6eea3f620bbfa6cfada3f2ceb75217,1,1
46594a357bff43dd6c9c937d026e8d400b46f65491698a4b5d01d2eda27b5fa4,1,1
3ed9da8fc9d69b1a90315a9079878c31bd334a27bd45c80251781e07aa78d7c8,0,1
a9f63c1d9b8a5414f47616905f395a89e5589a32a33dcafd16453d8a4039ff44,1,1
f1ee379c80d8ae00edea81268442d4b8693457df8d26eb1ed12f581d6489d27c,0,1
c61c90d110ef82645f50f7be489eb16775c1108c12be091cc603a2742225f390,1,1
a55080812db5e9701951c830fcd23308b0962a919f225dd59a052205990ee1ce,1,1
5a34887f4bdac893a2b93748ec511123ce79ab674c0067c8eb1ef7c1dfcea9e2,1,1
b232c401abd5cdb9407d47b4c1ec1db59f5e10e04bc05fde2e905b05aa6779f8,0,1
041842a3ba1718a037a11e3e12a52168fffa4e5609e1458ab6628ec5192cf498,0,1
498895385438fdf62b76d150f10429ac4cfdab5eec1624c7819fbd93cb6f1304,1,1
9b3253cf07ab05fe00712f5963b2ec98ed20dd543b1e349bc7e111af236a217f,1,1
c9ab5cfd7c2c140c74b0b9d85e9148ffe2bdb9aa36cd58504a94c99a4ddf2e87,0,1
27da8f696a49f9ad4f0f785bb6d404c17bb67145b7a12eb38872a50a275da7f5,0,1
8219e3175536793f0254e09a39b8fae9c1d4b99bbcdda3eec94b5b02429159bd,1,1
88cba8e522a648ee9710a4047cf0e00449388ab70c6542f056eec92908cbc678,1,1
4d1089e134163dc77d53f3659322d980c28465e27567c7a4076f64e7f2ff9e87,1,1
95e75fa7b2994f1ad6b1d9245c7d4d8d8d33b2255ff226103049048c92add075,1,1
17016fcd49c98736fb9d3eb3a486459ea626cddcdd8dfc00d46644b0b50dc97e,1,1
d06c7c12ba7c9c9620a23d5ca6a32ea1e5bd1f042022c37f4662e1acccd9ce52,1,1
8cf7de926b3e9bb81fe2c9dc031a6318dd1163ae5e6d118ad3c86465c59012ed,1,1
be642d1365373ad5e331f88b5c4caabb0e7d90579e882633c3757afffa0f56f2,0,1
967c570171cc92643bad67ea2841d3a8362e7042374ef4c72b4a12c7b0b82453,0,1
319bb280fd3b71b0d534b7cf74b536a31025fbe41cf0c7f1e0577572949997cf,1,1
935286f4d3e6478bce01ae051da5a95681a00212c7b05eaa59664759d4d076c3,1,1
27f4e02ff3ca4a6236235a68272d3487ad6ed58dc9d53d533896978214d34ba6,1,1
3ceeb142a42e86a2aef58745804a6af7432bb5a16785910ba074e605d8762b95,1,1
d8484fd09db349c47a823208d108e3e30f6ea66babe56f3935cebac9b9f527d1,1,1
ae02ccc5d18284d0605048ffe8cef87aaece144618cb7cdc355f5360266cec95,0,1
aa2d32f952ce7278200694cc236b791ec39de1de644578a1034c2fa8bbddbfd3,1,1
b9a7cb665377de947f5691a5edd70a4f8f09c0e044fcfddcdf311223fb10f3c5,1,1
c5d5e4b7238087e155afbea446ab412fc634cb7577365a875497605256a101da,1,1
9a05cd188c248901e88ad3aca9d6cffed94a97715ca35e042e83d112172c14e0,0,1
40aa9aac0de986700f68569f33675d02d85d55d6de3a2d170102a7771bb21a94,1,1
65a5d3bf312fa41aa5de1fc62d3d4d773335f5ca17c5f540f947930cbaaf2505,1,1
fa272428a440189684d8bfce235e75502d689e21505feaa5760850bbd341c912,1,1
2a14bb7e1cf703eac4e5eb09a9fd5e10987596e22fe9d1437618a7d0e3036c53,1,1
9b538c556ccbee650c3370fdebaff5e83e755f4c0a3e2dc3b40c2f9a658337a0,0,1
134b2644f1deb856c9dea34c83cfb4102fdc7ae9874756183fcdcf0b288eabec,1,1
377352018d8b3d56d3df6878bda3f0610b615e6d6df3959b9d2964912a95041f,1,1
26fbdcca7b9e1754058f0e6dcf2c510394a895aade338f09d02cd80f4a7a3ac8,0,1
6a52d5b6a7eaf9c0dfa9fb8fa0f231d70713292fd4e56c3f8632a227465289f0,1,1
c7f0efe67ca46734617d71b7adb4991ec340831c1d2140582ce56ebd1e88b480,0,1
da46753a7dd16ee630bb4fdc92621330997c6e776142baada1fbbbd38ddb45f3,1,1
67b2decb1bf408804e148658b75b0f46f1fca60546b62edd8ba966618c9f60b0,0,1
d9ff84d3466fe6f166e13416f0bdd9a6decc4ef03afbd1f1912f68e3e4b85642,1,1
e2de0995e45049b267f70696c21c5d7b067ab94c6dbb938a64d53fe25469276d,1,1
0fdb845c8c7cd3efb3c1a492e7b51090e92c8dcab05b167762c8419b8bad120e,1,1
c51f55966a66fa2bcb7477493fdfb0355272a71893803d751aa0f67628fc8325,1,1
6b9be103affd98a8a17978a3674fc6a54e59f24b23795fb7f56c96c8686233e3,0,1
b0e98a012e060b831b814db3ca0526a288e8e3f65cfc8b5f79bef6e1d8b4e779,1,1
a3e84744a7cd4a13e521699c1fa957a9041789350ded83eb5fa7b62c0f44d4b9,1,1
374565a24ead97ee74d74bb4fbf41a2a39e5eaeb6d14dde606d968e88f526669,1,1
56be993342c4646068df6162aa1c866bd5f5719fa5e3a2df368b3d8b8e250f51,0,1
8f5458d3718136e6bc93f515fcca2e31dccabc9fa42de3f79785c118ba5e26f0,0,1
6eb7867026f075ca6c75ec238098d0eca41dd60b8624b4edc27e7b76b98a8a6d,1,1
0d03a6214a5fa6d6c3eccf67517ec42b137c5787d96f8825329e35cef118a8b9,1,1
96681df62854ffaeb3b8a05c9e375ce881cca2db152dfe631005e66289a1f5fc,1,1
318a203b4b9e3728ba0b29698a455cdf9ac658823bf4f55e082c4a6104ddba88,1,1
c850f744a3dd9837aa1824b27501107f5be88509f223db5d27e6c15696cc71cb,0,1
1ab6f6fdc34dcd287179b4641fd3739c0ec5dec04c4ccadd23d219d3b6e51601,1,1
de6f6786a9650d6ec75fee2ee4a1fd894e38dd642443f4c7ef8ce81a4560da38,0,1
0aae9075704c37079b3e0b5ee68519645a5b71a7b86b5302931dfd5872015200,0,1
d660276396f415636910d6ba79dd2fdd9a828b437e548b08b7d78cd742cbbea2,1,1
302aea191eb20ee5266dbe926ced90770507632d2a69977cadbbdfd263506265,1,1
b355aaad307ffcd1d7a5d92ee9ef9153f92c844ad33c5ed8d9e6a6e1ecfc1103,1,1
ab12e6be35fd1539fd80c392175be42fd87ce951888bcd358bfabd457ab9bff6,1,1
d3e47623678a44bb345406eb8f7378c7f4af9dd274cdf7657e4067bcd3f98710,0,1
6474dbd62717bda9ad9aedb6a6d75512564d6278864bd8f2b2d79a0a72b4a84a,0,1
40c23258b0beda19d2c5dace663c78c0526b1729a0a7cd9c1c07d44874dd33cc,1,1
165349121e707d5b9c2fe3e53d30932d4d61a3557053a440e6216239ca03a37f,1,1
c174acf61a5b844eadcd3dc68407ca574b2e18fb0260b615848125ed5297b90e,1,1
246504868edfec6017c417b27654e3a5aa5841c9da2643fc0a9af3197cae0452,1,1
8336e2bc80536f08e11db7c14f19f69301c4e33411c8dc9d6be4982793e20bf4,1,1
c8b6b9f02c7ba5078909e612333ec2f3300838c28d5eb8b62a829940e7b9409e,1,1
179ebb9dc8e449f3d99a72e4504fa2df677253aa4eff96d1c533fccabcddf21d,1,1
ec15639d94c6a3ac852a8d6713e2f8e8651abc4981de07d432d1dbeebeba77bf,0,1
6168cb176466eebe5509d315ae4e573a74aa695e898b0ad814093036d55521f3,1,1
da32668d84c4175fcc4ee69ac03a71438e81f22518ffcace01e87c959d39dd27,1,1
f30930943194407922f3ac6ef4c2a7bd9a0bda50cecb1059b9220d80cbbfdb29,1,1
26531eb8ba078a2b110ddba81a7e9a8818b28a553503f166f416c4da5aaec2fa,1,1
9cc0dc8a49a1dbaa88497f55febe792abe5cdecf185afc168cdae009faf07165,0,1
0b810108fac702322e26ce7a0ec0d95e05c89e5a1a2eded010c4b90f786a2600,1,1
92b3dbf6e41534d8bacbc212f0c6060cfdc83fc1de6c72f8aedb8c4eb9d295ae,0,1
49c1ef6b8d4854c09aba3d3543c983ff7406e404eb3f57ea7eca4917fabdfdb5,1,1
78c87ed8d00b51cc77246d5703da4b879c6ad390dda74c7b65b27256c2d0a623,1,1
1d7489e5ac461718b0dc352e086fab22e967d9a4d435bc9dc3890ee594661b83,1,1
f11965c388a028a2791dcd1c3f686f5935d783986ad40e74d74c2e64f26b7bba,1,1
e3bc12ef49b439a9c3fdfb91f948d93834f776f738bb9c62cac7bbada3aa36bb,1,1
0e78ecb5b58b9806925ab336c422e725178d24981fc5e2336cedb54ef35bb898,1,1
eccd5b452d64ce174062f2105496b4b85d892ef4a95266806e995e96570ab9c5,1,1
2dc5a0a943bd27aa565628a1f0e691dccd310b51fc71811136692081a552dff5,1,1
7b6c29dccf8d2b1a403d51e4ac172637fa6d64ccb477de0fcb6a053c4e65b08c,1,1
05c3485ceaf20425e66f4eced62a2e81621a070c0c40c91c58617aaddc9f586c,1,1
da384a6884785486f092fbd397f7e437ed36ff6374a638e06b7517d939661660,1,1
67f41fc7c732f37291d61ae0e66bd2b3c661a484c144cd186d1d1a71eff2938b,0,1
78c08f2508b1f4ed49a3029426951826242b9e61321324f5f80a33a2362ecdc2,1,1
153bfa0dfe4ab0c0b63333d1160c5aa05b193e2dbb3c1b9fc4a4fbca58018cca,0,1
a143e050d99b8b93225d4e1008f555b0b08c385e43e38ab323d9d8e4abc05b15,0,1
933b83ac4205e27a966cc2973a2728636bc756b897846e55ebf9951e705c0acb,0,1
6d71dff7b0b7f0ab80a7ecf3d1d5724f6966c44ee9297230ee64da62fa410fa6,0,1
b2f67d2744b7e60a879cbd323a5aa0d015e9cc731a539942cd3711fc3d9e2564,0,1
0b37dd6c595184edd781258b6e52512f9f31ac6bc6e320f81c9d3562bfadc4e4,1,1
644396902acee4e0e580a19deebd9ac7984162107cb16feb6ec16f776770c0ae,0,1
4c07a8ae5b360154bf34eac90883b6c407ecec080b4d9cd6d087f0c81bbd4c79,1,1
c44a9f60225165448a20dd6b413458745fc5a22cb537535f4a51f8212a2634b8,0,1
8716b6cf121ebc3db379715bea1263b71f43852c4ff29ffce16a944254a642af,1,1
9675b4a125bb69c270e5e4929fa3659c57ecc38184344d7453a902bab3496571,1,1
3869a6c48aff3bf7d6b7ee5d16b6cde060336a734f2f06b821bd9d442a8dc486,0,1
799a153c89628f56decce4a9845ffa305222aa08ad92c7faed210d05c4f4dfcb,0,1
747181ba8741dcde2edfcd6c32f369d743e80bcb504486b0677a06576760b811,1,1
3c97335704f1876f194eab915fa00fcec9f8938c8a16846fd208d3955b1287e9,0,1
4c5460f52efe2d1959d082e2c635a08c71e128fe152a5ab84763b4cecc38f86d,0,1
813c0312f5154282cb0e151816ef34a81b06b716bcff586dda40f72dd66d47d4,0,1
8a6174cb8b1e13280fdde880d47233b1e7cf55c5b3ac7d94ebe320856d35c793,0,1
720f5f22d03b7eb8205b2c213c186716421a81ddc87c68442a6e078de0eea081,1,1
647bd0129a5c48a02f8115a64cdadb78ef884dfa6f20f15560f29bdc8013e66a,1,1
694a783ef02ea41768ee30b796de63c57bcc8fd1e50ff0fc4fca9f22788ab020,1,1
fb8a8fa00fbe548ef1cb4e8f72f0909bad755e21a0d0cdcfc3d1a444f0fc0086,0,1
9a8479ea5092a11754d5312d592eefe934c26774d5941a15db192548bb847f63,0,1
03ec74114e2371f26f87d925b8c5589e81c4ed349aece86b4f96d6cf88620cd6,1,1
37e3df0ebeff2c3d49b242d263eb555a7153e55c57ae1057aa8e17fbdeafee4c,0,1
3c3ac03c16683e730a6431accfc0972bf3e40c30046cb61dc521fc5347274183,0,1
4eb149a8d37b34a4384a5795d4682a3e7cbea411fbc0d9356d1700ad24ef51fb,0,1
f9c91fa83b13f393faf21ea300a620cd77e4864bbb81ee43a2a16e167aaa8665,1,1
288e14cd0e4299e3c1f5f2b05f0d93df45a1fb3c74030ac456091936ae9ca904,1,1
e18386069042b6644d29188e7afddafa2301e8cf356422075c7d40f21b3a73ee,1,1
a33fd65c1f2a725ff0df6257a5679836778c16e84e46915a57001e078553d50f,0,1
95b0e6e6bf62b6b51f51877924a018a54d77f47b3ddd3c6f9d3fa1c90de72bbf,0,1
f0c20836fb30107a074c24debd58c0ba88996d99c1581cbbef028639799c7d6a,1,1
dd347551054ebe0174673ec2c84a8a86ab89c29d4f5da750006833cf5e39a72a,0,1
b8c59a2a61c8a699591c3a807e6a3e9e05f275f01bb0400b93e61fdafd0c4c30,0,1
de7c267f92a5a756fefd0b6463f1afba3e183f371887b00d1bbdc130c01c2c30,0,1
dd0c4dec4944fa1009537e428e8b556fa31905a30dc16810055eb021ee61dd88,1,1
a0c4bad46cb6de038375b2352d67141ac5ebe73d86af7ea54f7ef71b42a884e3,0,1
8535d07ce329cf063832ff10398097ce8f770ec12cab187f48ab8c39dc8484d5,0,1
a532e10175aa0aa369e428a81ae27a5bc429a5cc2113c713e062cbe9f052eb5d,0,1
de91d67b721f94aa6894551afe387300be14623fea935bd9614d2bd0544428f7,0,1
5743d1458d5c4b088650c98b5bfc89f583d639f552af694b3cf385ede8b476ba,1,1
1a8a80c16553e68f27a19ba4563edaef5ba0cbd52374d36a91c770590e32152a,0,1
63098b461cb51941cebafd6002c4e98f7fbe6c4cf35723945dc5b3391919c80c,1,1
044c2ae9cf24ac8747363acfccdbdcc0a8ea655b3a76479de0b29670c90e9e26,1,1
9b4a3d1b7241ae94c4a201e9f6554d007a3586acf2695481f9fb9df81e32436d,1,1
6ba8929cc77dcdbf2946272a0b21477f34cd5a46f681c340e6842d470b4e9a72,1,1
6c03bce99335ac2dfd1a7eafba5dda928672a3d2fb6cea0c78bc5a627d34201d,0,1
989f32440a85e0f3e5c9327f18f37641fefca390e668f5baa151327786271764,1,1
9f4fb1d1c4662b4f463bd014cbffcab61d96c5a24bf7c08555652dd3e9a0bded,1,1
97ca4eaffb698b8d73ed5d85a261db7448d0b356785f59c4911d9ce1b9511f91,0,1
e04ee32cce13863da1ce2ed18d0ba95e4a2024cbc0f558acc5ede9be22dfead0,1,1
ad965b7107122e1f335eced9e9b705690de54adbe9e0554f0be8aa47a2ee28f7,0,1
8b52cc03a67cefd42a24c414c4934339b3ecaf8a28badad2dc019fd1cfb2f570,1,1
d18f1c959cf9b5ed9d0357285591c071119ad12daad393ea47bca5e920783b4a,0,1
8133613c2949b08223d545aafb1199a9036580db88d53212d97c0119f672d4e3,1,1
ca78773fc9203973fc72ee95386e23984e6f2a8ed2c9c19553f843dbd45bb2e9,1,1
e28bc4fb400ae4798934190afa56903cc9a1a8e8c2d0ce72aed8cba1adb407b0,1,1
05b531dc904257b0ff3e61293439c1d39ec9e86598a8021ab460223f4e799c72,1,1
555c1e657e0eb8137af5aaa07dc32211e2226a8a7b968c7273d60f4eefc5e87f,0,1
f5e663ae0cc4f0369dbb835e5997d1f9c7a238ebacd4d4a7561a0daaab4d47ac,0,1
5b13eec2fb513df06f0a5ac4ee053c101332f387b921e09d8c0f136c4d373fb9,1,1
920b77f8191f785dffcfb0e9ddb56cd682015b2e95b8f7b51918458b30a08c84,1,1
03eeac042ce3cd94432f7bda6f5ec8ec6fd000bb3006ac56c2609ca905202bf5,1,1
3918f8d2b5c2416bad998fb763d3661bbad258bbab58408eac4acaac0eb69e79,1,1
01483c716a5dc00a124a60455f19e479b1d92bef3fcdf5cbae4534aeae88472e,0,1
db49ed21cf1aa4a4059216af017a73a2c697fb15b51ed3ce60aacd91c269b3b4,1,1
2f5f0976dae78530516f589369f8fb55fbada568543a16594cf40b7936ab9ba3,1,1
42df84e0275eb74608ddccf828770069cf3424c864a6b516fcdf77cbeb014766,1,1
688521ee20daa09dee4f17afac17cfd240cbe543f0075a97d9e67ba0a7520ada,1,1
b50ee2707056a6dde34f546bdf1f0e95326e627cbacb3dbae36aa800613e10e4,0,1
83dbe00de431b2a6801d7583c1b93fd654a5d5b87bf29fc28576d8ef0fa01190,0,1
0154d349987234a2379e9ca2f31c81cb0db6c7f02737d6e85c146c054f06d611,1,1
3ad1a10e16cb9fda7987202cd33195082209365fd22aef5202f6bea0321c7893,1,1
301f24db5c89beed05be5237c3e7d91d8960afbf80b5a935ffc36323d16598db,1,1
93c03ef9d12b06c9792dfbcf0651e119a57df324b81e9b1c6a391701deba07ed,1,1
320cc556f24e8a20b5584bf6df0209e290ca71e3348aa26bb9396a32a58ecb51,1,1
0ae31cc652ca23cb45d298c853bd830e2f0ee7ede9f39441f9c7a29a9c96009f,0,1
d5bb9be41c9d831fc7ae8631cd7594fa7d69fd708d165de889704dfb9d600a81,1,1
553ea95883dfbdc5f69e147a9d56296bdd35b7ff2da4142f7f5eb73aadf3b07e,1,1
041d73559d48e48291db8456d1837cd7fdf6a700161c6026e8014b0aff5bb263,0,1
5530ee55e63b34f2eafe291c4870ca9ed629feb871a8d2200b6101ddf0d1082c,1,1
b78bfefc9775bfd85f659d94c3be24f25020c238e181423d30a601fed3c1b19b,1,1
77178257385504f80a441005607721aca43da7c4db4edd849b21da1c46ffc0ba,1,1
32202b91bbc934e2cc2f8577e9877bfc65d109e43ecee7965e73e2c0ca07c535,1,1
f8c23ffeb2256aebce4afcf026d0df223b7edd142e3f32a30eeb1f6e8a2b73d9,1,1
5d9855756e2906aefdf1315d0756bd1bab58214cd72623bae1d0edcf53426a8b,0,1
c17f6b86f7d55138e9816c102723e1fa2a5bf40fea7cc55a07ad70e10d4f5505,1,1
dde1da93ae832fd74ca7a613ea659dd6a9fb5c65c03d8b87e9fc6beaf85e705d,1,1
f2cfa86fdb119d1bc5ac8646f8739212b814f3856de0a3943fc0e2e877586b88,0,1
58ec3384209ac683d4dc273628985d8503ef7531fbe8876900b7de904ac104b2,0,1
1ea3b64a3d21a54b7c7ba5cc40e78ad78a70fdb098b55f5e3046df1e5e8869e0,1,1
e3209b0c3f45b84d99776da99c7a41fe181dd80dedf7a112985a297da6524431,1,1
ed90b07b25388a98213999302a5331b8a9d2fd227e12056e675c107d5d60510f,0,0
f1e98dbf74c2458082c75a3d018ec74e17785fba4ae78400561e7025fe7d42e1,0,0
511f0ce0e1b09bbbac0027baabf924cc6088d93138dc42656a3632bc2c9af199,0,0
79740fe787c35262693bb3aed99b33be83544896847f736d18e57fcd2045ac13,0,0
463ba8df6445835fd9cafd06961b95dd6d7a7353c80224b9cddba67c71fe0084,0,0
8e4d294234f167163eaf8db2e7127e9b228a2e7000d9b14afe6e65eb1a0861cc,0,0
124468fa9dc117abd6e292cbcc5cc17c674d6eeb923f5eeff2fd1f6e18a06c16,0,0
bffa154a37d39facac397ccbb2d838fc6cac86c736f588022247ec3402b1b5ce,0,0
8b0d95f4b780adf0295e86e3b0e0686521078c35e77339ad671678b7e828789d,0,0
e7e0224423c16a5a42c2310fffd3561d9b8560e939905eb450cbf9a8de7e5ac8,0,0
09d666520f1d5906ed18280b1866e05f5781a214aac4dde4d8cb99e4f0da6b59,0,0
9c4389b9d0d187a1d3a2d1b4712ce44ba4212b672e5eba3ee95a442c9fcd05e1,0,0
fbceda2ad534c474f4b3a09fe560d899e7d67bb908920c120b3c66829900c678,1,0
2927f7402963f5685bb184ed074924e385834a8b91494490eeb6529c05c4c969,0,0
d3ff8071504d487fdd46f3e8412bde1735beac956235174ee5843010e574557b,0,0
0e1d434b1dd0cf6fa7915c646dae8400d390155d7641b495b439ed33e4b01d7a,0,0
085bc710c47b1d75563351de06f7ccadf63790ecaa89ef46f91911f87429e2f9,0,0
044defb141f96bc0e44298e0ec4669cd760e330fe97680d6d1a4b16f0fb22f56,0,0
f493220d73311b865a23f055535161ddd259ef07672d48ab848fb0cccdee613e,0,0
0630588c7019813d24ced80e3d9ef0288ab6ca7bd2a0e345c1d173db73c832fc,0,0
90729a719ac6b2acdb4983f7da9b3d42fcbbb0bef8919522ee717f78b174310b,0,0
c1c04fe3950254b6c69b6a7ee0e1089624428d65c37c53fcd08728c367098611,0,0
f72f152c446ce4067cfe4a6ea3773b374980e7bdb7e74ceb5dc1022f9287aa95,0,0
9f451a1c2743dc7a3736935d6890de769c7ecd550e9ee8169c9919429981bf3e,0,0
561674664a0c11735f8ae018d6a1cc03b2b7070d38142ab2bd0a9ed9ca041885,0,0
87e7942d55a49d26fd798d072fe42cab409fda8a6b9b875b83f965612fb23a17,0,0
7bb4428f009fed10298909365016a46bf5a7d11ab177f14c555e02a0c64b882e,0,0
8b6d556c26255bfc9e627537462e479f4b5ce94deddb418cb96c3219309b38a2,0,0
a116fcd1e610afe07b8374759c4e30a5d3eea413cfd45ed35d632d8e925a3a86,0,0
8280b12bfc76061cfc7f5b7f1d85b78702a065d3aa25f1b37e1ace2d05d2adb0,0,0
b2619c4ddcd6a52808ebce02eea2f5cf721ba9f369d567cd129b38f6c6123184,0,0
70db029c0adc4ecd148aee72580503ee81cc674902252468cd8a39b1e5db7ede,0,0
7614be1e6d608012edcadd305f7ceb1cea870e9d60e9063f1cf882c5475ce851,0,0
7c6d9ae8184aaabd977c44c4725f92d0d3e070b1e75ec66695a1d6fae5e526da,0,0
9266a429215bbb3386fb5daf555193c4d1a60d0cb2cc16dd04337b58661da24b,0,0
cb85e78389e07390c21c7f75be7fdd928e5dbc5035e18294ce541df20cf0a7be,0,0
6333f55e8251eb0a5bd6f22232b59c229d01c299ccc1d92d52b07c410344722a,0,0
87422a9acccf2c72bef4931f051b2a82fe521a03ec2c90e541ec3082d793110b,0,0
9bc1e713391afe5c27206f7ab4bd90a248947e7144521bffbfca8d50919a4e53,0,0
8542e04bd87b5d0835340fa696167aa5db9fed44d9708a6b924abb333e22e1ff,0,0
2aa4806a190ce4048a693d9422ebe5c0da22cc95ce2e34cb5d269d4694442bd0,0,0
a680864c81f4d66b5dc33b50c168fa34237191025afda7a29c3fc2f2be76039f,0,0
cda97a9486a47688d62afd720c6766d9a4aeacb45c38d00611efd8e71338a67a,0,0
3e2382aefa0cd225b14bffbbb6da3ee76203c154c24eebf6b785536826b96f4f,0,0
a6ce7546b955b0390a98a1ca3b27370676d6e2b6248e10d724059f3ae253b2fe,0,0
ce22f89b9f51d4b3cb09c30828fd5693df8a205e8a0b86d2d4695bb53fb330c1,0,0
35a29d59497e2e7e0cb410f0f46a599982e2d03846b420019d70464b3ad38b5b,0,0
980ed90860d82b2b8401cba89fc4ff45c2a821a2a36d1ef456efaab2d0d55d3a,0,0
e703292de066bdc6d4274c7facd2acd9306eb367df2ece94015c49d28d39c110,0,0
a252e649eee3f317d3fda14baad2d77fce66be6ce45346907fc94a05b281a737,1,0
2b2a0703bda6d881220f19a3ab7525d9b6b337139c066bfaa9ac33f0db2b7b98,0,0
8ed312e13aab7d63fd8be6a26613db38a05a3075b9c8f4a7d5afe5065a4db6f2,0,0
155d9518069e9a6b9fea2924f4245df64231c25f0f7f77448f12f9c1e9a8abd0,0,0
27ae2261987bce6e7792de1d19c5574c291bf46b89d44762320a9e490bfc0d5d,0,0
70385225656d4e0b391da97664fb0ffcebb4906a8c3f0afd1385fcf65d05669a,0,0
d4182ff228e1b0e2fd944b41aef7bdb3b9a55bc1c20f5329b6f2291cc32b1172,0,0
3920ada9c97af6f3e8418247c0140e3efade0946ab46857912ede9f9bd1765e9,1,0
48135fb7ccd2f450554ae68f2326919432d407816af9df80ae1a865601a4d651,0,0
b5bacda9744efdc556fe01cb92edb6e32e39b9eb9d099d15cfd8e409120ffc95,0,0
6292a6b3704751bbbb1694d123bcbf9d438344088bde1a79b8a2abd1d3e7ff9f,0,0
c50f169d60027c4382e5be5e8561ae95ee47a98fbc60e3e033db72100664cab8,0,0
bb7426660f8f24d5650f5a16ed7f3c69a0f1acf7039ede2abeb7c0c6c83ea4aa,0,0
972876058a172d97435d6a973489fdfeb6d34168c8a6832dbeac7a8c92884404,0,0
67966c916daf11c824b4a0ee3d61c471a2c7c7affa0d99780d5a1fe6ab460572,0,0
df51b6860df0d696863e9a6ef9f45623698d0af421c52f05dd94e3ba07521e8e,0,0
e592d7453184e3383fa204859cb93a4a46f8ab3f359604a147aa557323035f4d,0,0
435078e14881658e4de596e3cebde85096ac91962843b9a6f85c29b8622dd332,0,0
851101061a02aacf1df53c82d8552e4fbd5caad03cb1c69b1066c2e948b60b0c,0,0
70d3674eb2399f88c1434283c02314658ec0e297bb7cbb2068e3d605e495728c,0,0
0c89fb100d28d411a8acfcc94e9c36e79f55a1d77f53a974c685a54b3a9ff574,0,0
7df359ae0bae1dbb7c81c8da903ba257dd94c34b7f59e76257cbf5b94ef79cb4,0,0
1cf3024a979aeaa751af7bb05658afc87ac7c9a1c3b5cec0a43137caa1303b19,0,0
c8d82b38ace29fd73936129672388c7574667c3eb162df02082535b893f81d7a,0,0
bfb2db4c4689e1f662331cfc1a212d38f45a445daed6ba9158e736c472d179aa,0,0
254207cafb572176e31279bef40b3ed5178b73c50a534451e39e36f03e5af9b6,0,0
9171cd849d43bda430e1e94c7e9e426c610be105b42ce47f7a4d3e21df59a5ba,0,0
9a0f814c394c6ac8535a0ebe5b14f8e041faa800cced5f95e04faf9095c92028,0,0
9a2b77fab6a1d6fb856df659d53661544598af33c3f31bb3e91ddc169a5a77b8,0,0
0d5d8239cfa8cbc8084cd5c79da114abd6c252ca8f80a38129937db74dc4ebd6,0,0
8d2399335f6f378bf43399a7a6c18c09762f4653a96591e69e0e78b8d2b571ab,1,0
25c25568723072b3734dcd450dad64981b1a40e33c8cbed79a484cf1afa26a43,0,0
42573e4c5b8715fc9c08270a07182a80cf1f5103c8e70dcb924f6587341dd194,0,0
5aaed13d9b10ec0f669a54f60c52fdda3656006afca08d8fe267fe6e7bb5a346,0,0
3ba75f8adffe07f25ead10f2a9d6723834fb4fb730a61dacf8b44324948aab53,0,0
4a49e01972d8122dffe53313bbf3b8ae4a47799f07f6e5dced5efa414555a415,0,0
b050bceee1352fa6ca4b492c7d716a3845e0e8b4922b72f55e9f31c159496883,0,0
a4a8fad5705c5a0251bf7e7acc4cc7deb19bcd0586cc487e1f7e6c003d042bdb,0,0
737ceff5037e17871cb22e940fac854a1b59890ddb40d96122ef5ee7d6d23509,0,0
e596d56674788ab1be7e945a853fce43ad4b963b345d176ee7f2164ab92b9c7b,0,0
d81edd9ebaf2f8a4f063d091ebd578b039325cb6d74147f8b14d745e0e35c78c,0,0
2f07e5a2ecbafd64cedd4c0803adffb6f5133f06d3e10ab57dbed2ebb5256d56,0,0
a28484cf42d3f7b8091bdcc21c46cc905803422ff7c49f35152a03ccc5826bd4,0,0
3f03178262d3e07cdcb4ceeb92d03db6a77f35cc00959087d1612fbe90a79c54,0,0
f36461b19636de4dbb9528343e6cbe06cf43a58e5d75a074ce0090d60ad2a3b7,0,0
e2972600227ee2c0a8b4c2df2f5862389459bd449051e6dbab70848612588820,0,0
b76863d7503633089ef037e4ca77bd6f11ffd0b1ca31cce75bbe9f7ce7443fe6,0,0
ae934ada950902f49ca56371709a12239972e105429c1136a636c7464dff8c8a,0,0
044d44f8329e9c86aa7f62d136a60d1b0650c2b9936285009088cc1f9fee6e81,0,0
339519cdc257a6606f65d13227d1406bafac00fd8dcd2a71c04957fc34b8034f,0,0
c47a12a8f9ab42024712aae090af7ed9f7bfb33dc5bf6a0376ae8a72b00986b0,0,0
9396338d194f0fa8521bfbc5b1b713a25fbcf79fd12f9678e1840d8b323dae9c,0,0
ed77747598ff3b8422ea19998ecb25d9792c9bfb796395362f9e7d76ae656c59,0,0
2997bdc6b621aac8f191f2c5e4680b1cb09318fdf5340761a92c0b040925d4d5,0,0
dfa6c274f611f38dffab87ca8a4e60eb572feb2608cdf4aba00bde141de848ad,0,0
0ac43a3518b638922fc63d6e8b7e3b2ffbd473a2cda7b42b3bc643cb68d51411,0,0
3fc0d9eceeb79c133dda0ac2764c88717f3640631cc900a376c30ccc51965cd0,0,0
37b9686cad03a6e6b13aa7361928e00fd1f241d62fbc6b97f54e23d04a2fc67c,0,0
7326a43371587f89243ffcacd23932181f6a811b9dd2ffa671969955bf73cadc,0,0
f835130ba09b76141d700c60c3dc447a25253d389a822ee89256cde9909fca72,0,0
e9d1ec4bd23e90eeeed53dad33c5ca2a01b2d069d7073c6ed0a69c8986087c75,0,0
f828e9bc58bfd0262317c08b229e42d56f0447ca5a336220afbd94684be1cbfe,0,0
a7e0727253c47087b00f2a5c59c33469d3cd518d89f0994e4587095387b09af8,0,0
11a5059f0b56ae4124af06eefcd81f3b3ca611e8b515e3550d89c625a042878b,0,0
188cde8d5cafa59cbdfc1c51331c1691b80bb56b221e3d5194d7d69b1bf014e3,0,0
202a5caefcee9cda95f1f4429e1a3b5ac8b367abe796da2a9a80a7b30d0df5d6,0,0
da302ce11783fc13b66601f6850e87147b4688581e7a95bc0b05878f703fbee4,0,0
c58e50a8551e2e5ddcb2e011fc4feaae75c9f0eae32ec10c9f21c00413f3796f,0,0
ba2464945d02cca7e1ab2b7ae7d8d09db40b087109ad226f84cd9a54dc7e858f,0,0
813dfb58bab37a00ea8dded7f0c20088d6f990bc294414dc2d94aec199a3fec7,0,0
c24b021972d2a07c8f99b2bb37d67bfddb3f9af773389bf2d0c08794e8fe0eb6,0,0
d2adf45efce8080693746207d56e14f38fbcdb797b699b6364a22c0fa6056a03,0,0
d8ed9f0056d42bf98267d8f169cc45c03aa5114091c326a2d968d4f8c08169bd,0,0
6ce3fb0f5fd80d034f20784222428bb48a1cbdaffc406d90ec4ec22660ef27ea,0,0
016d22f4ba22fdc3c039b8b0abd5cccf27dcdbb38a646c403c3b002ef51a0b62,0,0
4540a6eafaf95801aa31d402539f757bd02a15207df5bfd696b678a71c6981c2,0,0
0b8035509a75c3737c648af1a4f8fed90c031803e0165a52fee21c4d4fd9c2f7,0,0
cfc650a2e1ab701749e3947bf65afbaf1676a6294f56e2d8bac19cb0adb873b9,0,0
5558f0ee43e2b65a3410b55d7b7f9b5f8bd2095ab6edfc2291bfbb03d90dae66,0,0
0aa717ac63979c944b5dc63392772737eb21c3873e69ece6b1aad7021024318c,0,0
923f562dec93fd238f2d86e5ceee7ebfcc424882c645721439f9e47ddb988f31,0,0
e36d2c7ed01cbf22d4c74b901f8319107254294d139c1f70afcc56236a22b3b2,0,0
5f2d0bba0357c6c7465d304379b8d4bc11cc112a7847a0c98b61b8cc040dd2ad,0,0
c5816d1fcf4f0b6d8643b7b439c7c0e1453ca8cf1e84d34da9958b532415ace6,0,0
796c863c33c2b460c25341f92e0b9fd5590827af35ce155ba7110904222ab078,0,0
4d3bbebdb83edc5516a4526c44059065d335b0111ea50b6140c783d5af28acc2,0,0
906ac92e75a503a0a05594fa845ab7b26478b355c4dcf91362cc3be07358da28,0,0
27032d4d2ae5321c099dec2ad35045f940a4a9ef235a9e9faa69824ac9e3ca3d,0,0
4371c155266ca5a36dfcbb223c0eff138d411377b2ba81d4c08167fa1bc9c694,0,0
6cad6d8a2d02f4701c5c719dd9dbe180847ff6475dca4281776f15a8a5b4d61e,0,0
323e85232fc2c1ec157c419d2bee4afb8cdd5ed2ae72df943f3fdabc256e5a8a,0,0
c13ee7b39eaae4a8eb4cc7079f10c7cee23b1ff1134eaca4f471378caf195077,0,0
272b5054e0f71c1950de19303f2aa5c3cec94df12736c2b81a7264fa473c5e8f,0,0
6c3c47bbce84603a79fbac2f7aa76be9765eb2be7f623ec83962feedc32c641d,0,0
cae94369ddad9d771bce96a9b69b4dfba41a1c3d0b1f4616dc6e4ef37ae755a8,0,0
29ee4f2e1937ca9b681b106dd89388b866d01bd34864b940d151ac882dee5911,0,0
cb448d8aa48ad02b9539509c46ab8d9aacac6dfcb8a112fced847bace044adc1,0,0
f6a8a7c7cef6921576866fa0d7da5f47e7858a02366372e9d51b3841dfeb4319,0,0
6ef9590e85fb0612fba5a15c4bc0e78b116864a1b5b1b11f64a9799440c7e0f7,0,0
79c98ccb0d4f7dbc1be12ebe3833b02a876e5e97eb624a245e9a81f9c5ad1071,0,0
8bef36ef838f96d75c0821b9af3b6357799ad0cdebfc4d06ac83bc6903eceffc,0,0
47302e290a4a309504ec3302cc0dea6b05f869f31073f49b5d092a54a8209029,0,0
16a79dadd46716f1f550c71694872938b7ae64d98dd3bd86bf0ebd4a1b82c550,0,0
b2a951a153e6632abf007ba928c45f918558b8bad1840c08783d9e2924597018,0,0
66201f00b87cf564c0247c532f5452ad7cf3d3e47e8d1cedaf7b7d4ad73c6150,0,0
18730ac2a282e84b97203de70c0c5410855fed028c60a8b96ded97f7909c3eea,0,0
c58ac861d1288e7555b233fefbb37ae87dc248e43d1d0f7cf79110451d7a8f28,0,0
22bbe25bfe52abe6a814901a434e9e297f4cd043bd1a41d0ef2487ec67bc8430,0,0
33bf173e2393b8c9e69a50ca35dd85a76edd051523da8d14fe9bdf961485de88,0,0
77eb7e6af80eda750fbf504582d4d17b3bb404108e2832215440d56106e34eb1,0,0
a836b06ba6ccd2f6d9143f98dfebb2fd54276452bd1c7d9c5b551a6ab50d5606,0,0
d5a81ed7f12df5e034b4e746b3fe9008607ad8705381b5bb1f4cb55563358f9a,0,0
e059344da49c6df0d3fd3222de15a9e3647bc402d4266dd2ed9b406bc1adb39a,0,0
63ba5f836ff67baf0c6e5161567daa145cff063f08c53dbebf3a02ac8472f96b,0,0
fbabc2828e65bb7fa2ddfbb93b8bd9a4ff28b41e1648207f3ab07e8aa32dbb2c,0,0
76686c46aab2010b7b052069ea96e0166880779a99995cfce200e41468d46a36,0,0
c50318c5341ddce8aad40739b973fba305e17e56c0a12a5765fc8e1a5343f675,0,0
9f424207df75d23c5e221fbd52b98d5e006a93cc58e1a0279b63da4e60b45aa4,0,0
37337eb59bdb5cd2a56c9a534f11125f6b3de9bfaa42392e71c2c1405adb83bc,0,0
c0894ba83eabe854b77b6ee4c10d19acf7262be8bbc828a114bd2bd6db5ef708,0,0
88543617220d9f95a8d64d8e08684cb53e5e2099f66c552ba81b53963256a128,0,0
885a1f17e215ccb5da987c4869cc7dfe1942406264986272154b4a8b467bc0a7,0,0
453eaef35e2b38226b1075f023b1134b5fe05da29b70a61dcf419d25d2756515,0,0
16be879893671a4b5b167546a673fcb006e81b6e3334907a8b87c4c2639e5c91,1,0
9777484be012eefcb10d9957cb808ccdacfc99ca51d673ecc1770ce495384538,0,0
83e9fe0829bbf7a2121c4c6396f4d8f2f837cc5c4f8051e06e80700dcb95ede8,0,0
fff480e0fd5f323cb7efb42b03d6038b6e5c8837100aaeb6ac8732f5fdfeac64,0,0
2e765dbcbe0cb7795ec9de0d8c204a7455f25da6288aac364afbaec242c07048,0,0
7a65115558723d49f8a67a273dc0ca7f2873adefbcb00ca5f67905332749daa7,0,0
dc443d5f75c3b0bcac7fb1b0e86b34546adbea2b340aa21f90ed130fa2116c7d,0,0
14afb6994a84043623274d021e772ee7c48c10b10ac65db0bbcfcbe9a75afea5,0,0
3727c3c5f1aa3f046f9022c30076dfcdae7903afd996dbadb31e65acb0dc30d9,0,0
adda8b54b915afcbd0fdd4ae0623f3a9aad710218847d2afe84a94c9e9f68e1d,0,0
0c512848a6d30a2f6345e887a1744922c65c9939c4df195e89d8eb00d183a020,0,0
32a250f187ffd98701dde8235696e95d639ff433e92ef225841b5ad9c6494ea0,0,0
1b33d327b687cae870293230c3ac68a1f5ec8108b152fc0b9342112759d9f214,0,0
217fe972abcf3206a6743a824bf70c76fc61a0a607a68d6011dbc3706c9744d9,0,0
1926f180b680d9f56cf2e8acffbb67a2d4154625c77deb5551a1dc0b6b2b25b3,0,0
0a6a32ab2ca571ae98523a847b66f148a06a119d68aaef7aac27b4e91d1245c4,1,0
0d933ebdb4b0d6372f21bc21275ccafbe62f514cd556aea7176eb9f73dfea4a7,1,0
b48418d44b630775ba019c5a35a951ba9c4ce6b8947ae93a76fc20b593b56ec7,0,0
4af846cb757a05363ea3622e7bf9286659530f048fc7b8152ca03d16326fe643,0,0
4e0aeed3a3a95f1bdca1c57c4dc09d1c84c8a7d0c067c949e0b9cb737a8b3ebb,0,0
fed7177a1f4b14687695b84f951f3758eb4f16efbd091f33ad6c610d2b8007df,0,0
aa96c0df1eb5a2e855360fb8aa6b3ef8ae39e75292a8d62b2bb4c21f4e75522e,0,0
6d0450213b76e145475d663350b644702886cb4317cb3e847016501c801f4d00,0,0
cccacfbaa561f05435b21aaf6ecd16b76d759b741e53b013964d5bfc8bf11612,0,0
bbb9959bd13a907f3e223841a663cddb31c237513ef5638fa253e213107fa526,0,0
19897c4ead7a41978150dcafdf06b3a2d529d8f36f85702144c6a6a35094b683,0,0
9150201bf83461bf0688e4637f6c80ed6f96924916168594c239968bae304518,0,0
68ab3e07442e1c87a3fa80c5a264ec3c2951b0edc9b96598013d6ca47b5482f9,0,0
e3dc3258828ee18bfa1b00f4fcbf6d060a9182fca8310d48585265a8c26d7e20,0,0
5e111e7f8b0c63748ab8998c4fdeb846038a250277cae81b7749fbb053bffd63,0,0
35c56331547f14c077390ac4648729fbc56230dbe5589757c3b452e249a5c8d8,0,0
3a271801cb5edbbb59ca8ca0cc5ad1d0d6d27ac8a8ac4e258cb156a308fbb928,0,0
334bb6d50a1ad771a644c11f4576dd45c2cec4e00251de02691748669d5808fc,0,0
6f14c6bb4ba08d2f27037aa90482f2e1673716f510b0cf49754e2694ff06892b,1,0
80e0e538405140cb252081e4cd1f35342d61773a89b5c8c4e86a4c2d6bbc02d0,0,0
055e1dc7ca1df2a135aeee13ff81b88205a71e18c54721ca87121c739aa15dfa,0,0
386119b313b325cf067829360ba6e109a6fe19c1d4041691cc98d2ef17b9a027,0,0
a31f032ada10fb0ae524f406e70156629a921eeab1339f9b9bd6a138016d886b,0,0
7d5cd4e03af35b128d050bbe3dbe70c36513489eb40b51272c524baf2c3b491e,0,0
2e50b4708bfc26602a5d7deb230bcb6a76b21be28721416dd961aac89862d2a1,0,0
e72c4c648c199d62e1ee7b760e07d7d6be7d541ef42e8fa82d1b1fd6d4c2024e,0,0
be05e4177b99e67a2f304a6863162d18484f344f1b092e5b68000b0657249b86,0,0
e85c0da98c40195c803660598cf6896a9cb0d8320dd6c893d74e807d73d9362f,0,0
5ccb93a12e3ef4ccadd0d502c767423183bd0cc155f61be700cec544bfa16d24,0,0
a7b4110d100691f6deb7eda2f1db74c37bec3e164838ace43504a0112040f8ee,0,0
d901a1ed887286fc8ed07b96dd0f06ebd2d137aeeb1814e1ceab34666d17a3eb,0,0
853cc2ac52973697ebe29bd768d1fb988e62e3ecfcd4f415a9a410eec29d0838,0,0
2ed7d43a4cd96848c567a4a1ba8cfa025c084b528a911f96e67f8986cdb821ab,0,0
56624a4d88074e3644d860ef4304f5e892b870fca6f9c3b772ef2d011a5faae9,0,0
a8b9a37616d281c060158b82c04e17503cfa2266030cf3337f699381a1b4813d,0,0
060211bc25797839f67a1c4f1c6c8027a552f70dd6339826bd21732e9f584f3f,0,0
717186ce1407656083b17578dee1c1997e07e094129a34effd6781db9637febb,0,0
4830b5bba4da2f7147f9b8b0a93998f48ab44868a3103e6c5d2864ff53bbf744,0,0
cdb78cd89fb4c6e26a2b36dbcc48dd74cb67ef52a985d4f9de6eeb5b699d4862,0,0
522e074b9a8c19802a5d9dc4cd082c87f488d578de97844e8342a8f60498b162,0,0
721111bde6ff77869701ba2a85cd34078209dfaea793d7c9a9107f3d00ce699a,0,0
8127694a931ea0fcba40af63a694822cd3763b5abd1ddd4ef9f40d582c62bb71,0,0
540bcc7b935795e5eb9fcd9317078c30fd6c588070b372dfc6dc8354c98a30f6,0,0
86953f3bc38c8c4eade2995fd0a375da363e18ad315609be4148539889a0f5d2,0,0
80486afffc99fbce506827aeb5093ec4e807d4c121f972b2c0f5b1cffc1b6099,0,0
d7bdd9e0832d57743151a9a6dc05307d1a5fe330284db2f9bcd375bcde6a38c0,0,0
37dea6464516078eb7b9967ac85753deb8eaef3412cc069d5425d5c430686396,0,0
9e6484c170661abc40b5b88d556e1b3bedba3a74acd43b10e35f8e9ceccb260d,0,0
1a4d53cef75099dc9d5655900d89f4b19dde94eb5b521fac933b57e6c91cad51,0,0
16a11f44940e01ab4284fd0bf33df0c0382d2674f4d8d2430d0b046a631b4fb4,0,0
118e4c584049d23b4fd6fb1dcb51a6383e9975e584cecedc9cb6bc259ae5d248,0,0
8e1e3e9aa91e28c9ac4fe1174ae6868bd94cf97a64589efb81941c2e9d628791,0,0
ec3c7080fcdb58a602b4906f11937205d9e8d7563eb4aef7f2217f199ff0b889,0,0
594649852d494b0217e642099e82f89ecb9717c4447a298b53970312a5f26d7a,0,0
63e8182d6e6b75f46dcee6b676c422616c082b80741dccb3a15803022d8febe1,0,0
2f34efd462b1f614f88fef68963a65eaad2b96675103f799bebdfcc40be28f36,0,0
659a8b638670c4327095fc14e2760ba57327175ebd278769f95f10901537b3e2,0,0
31f15240ee6b81441270d1be527a145d65729c7cfa45a3e5d9cb0def5c8591d9,0,0
31fa4b5d5c9bf8a2ae4ba951a26c69feefe0bdb2477dec7bdda0a153c589a3e5,0,0
563ae6ec80af8cb60b38ac7064e4cd146a8f443b42b1f91cdb59198a91b679f0,0,0
5704067c559d3fd338ca4ea150209e1cb941eed7c021c7307afbf1d6a9ed1e0c,0,0
62792d85452aefd7974929674a68ac08a06fd81817363cbb870626ad7e3e4440,0,0
01a2c1a984ea7a686aa72650c65c71b0ebe475aca00aec3cb7dd22a67b2d44d9,0,0
536a2a99c93819687c1b69688248e3da99e8fb26f1ce595e37fc263df1906cf5,0,0
f6030228c2f6e61b7eeaf7ac7a3f21b8e3d21fb771ed611f20f4720348d770d8,1,0
8d3793cd1b74453c9f77a3ee3452680286e91b7af6f7ddb738cdb7b1cd482b9b,1,0
365de87d7f66159358d9870afd1a18d894e433af716247b385635e7da064fc62,0,0
93cd1d84a298da64007af84ea72b4d5e7ddf029c163fa3e1643ad2274c96aecd,0,0
d2177703f64f79f45be8c26194d55fe78c7c7d89c8f370df0a25a4af11ce4bc2,0,0
83ddd769bda3b329a688db9fe94c805e902ae74a58929d85b9cd5c245b3480d9,0,0
2a0ca0402a95edfb1e6979a1dac79ee9be3d09907f4389b954dda1f0a9ec967b,0,0
5f8a5b17fd27ec012ce52e7968b6a7747367ab3e2456a3406303ce43d7c15679,0,0
b35e240dd4b9318bf6ef0e7113c26ecc9522dbd01cade5747377001e979d516d,0,0
40bc02e73ddc7c3497ced11f4ac687fa7432fd12d9de0b8ddd503322a8d6229d,0,0
9ff8a6ab935a135f05f5b37156953ad58941314f7b1c91402eaa6e79fb16d32a,0,0
2c9bfcbb9286ebf33cf464fc397d59eca5b3d25287f25ffaa2d389fa509b9410,0,0
d82e4f83f57fb8d77c9d71c52a0a11ed8bf3ffd1cf70ae1a71d60e903fe34e71,0,0
87ad27773777b2594bb8909839fc419df999016f33412325bec1f70c75b80711,1,0
1c3428ce8341e6ee2810b5faadbbed1a02d0a1453c3a5e29a55ea83fddb2864d,0,0
af3d7d3c8797378360fc23c4d4eaf3b3d711200d73cb85ba6777bb1072f09122,0,0
6bbbbd40eda38faf0fa12d76d2c62d7773b5d0aa02d657a3d246ce5222692ce3,0,0
bb397501c489dbcce655574d62cae1ec0909a89c8d93b8fe8f2c95aa7f5627c0,0,0
0506d2564f8f95086220d42768267d7bd883e4212632b5a77c5c7be51112b341,0,0
7cee8ca68d24a27131180ed0da9e8b4557025042dc9e8725496f487508aba264,0,0
70d40adf68530401cd4342b5156233617b93aaf3d97f8dd28171de99364cc121,0,0
4dd343245998f288d1b9b8f9589867ecfea4347330d7311ebb0baa8f51316a5f,0,0
9ce979af213f3cedd0731927f1020374a171f52d5cf83ba9831aa9e92052e659,0,0
ced51ea73fe8f4d96b139d03f599b5234e75fe16bb7ff4b5bc0104ee2f82b624,0,0
3c20b7ca967d29777360274e36cdeba1c61fde18247cccae6c9e6e527e9b4154,0,0
526a8ef818c90a3953495d136065b7a87d5bd93e03b5eece8fea70f2b9049cb4,0,0
83cfbedfc10aab8fe169197910efd19572319727604bbb21135ba32f30e44abc,0,0
ad04209a2a8f06c0a2c580b1ff87f111b3b44eaa8030e2bb05f81564ab84dc53,0,0
9978664474232c4a8450c195e673662a289c4043c705674db926d25dee7ca26a,0,0
60ca13149b2f136dd77a9334fda0be1fab5e0a8d94d841406be7e78635c4f19e,1,0
46c55e3afc1f76d97977736acfd81d8a9e6da65468a9df93ecd30c8bfb0c17fa,0,0
92d1e261a9c639fcd537d2482928b79300938b35dc0bbc5067be415e35cae3f2,0,0
9d6e50d8828c925d287eb82667fd9104824d5dda0d529b86ead47d6afb3880ef,0,0
b27d7c3867c13f30a870d74fa950a0c0a4b7fd7947ad191c3b3cbc42a1dad1b8,0,0
4ea842a547147766c7cb4402d07d304ae92272b1eda62561b8a2ab4e7a9b7d7a,0,0
6847cd5679f1888ca29d5c1760ec1f2b11421f114c9bc629f8c5ce01317c2dca,1,0
731fb8585e933cb1c44794584c370d33ab68b2a12041a0186f16cb3ec15bbcc5,0,0
4b021e8b76bec96b316acad7c23bba907861e27222f926685d41307008532e51,0,0
bdf6e79518c16572dc5323e8ffd3a0e09e50dec13279605ebbfdbe1495c160e9,1,0
d4bc7eaa90ca74c211f8012a05ef105fefd6e7ebabd5a5a81eb12535043c16ed,0,0
515627cd51a9c5495da4f8414240414b83cc4d5bc56bb870c7ec0993066d1b95,0,0
6648d12e89a4f9dbc04184e62d599a9ebc23c21eb2a7cc66d8b0de0a009d7b5b,0,0
82f1dc9f4c376f52166645133a20f2b5638043cd3a1ba584c54ef99af7261ef6,0,0
022e85d508425372a86c1c6a65feef4a3ec1c4b57c2d353aadf012f0b29ffc8e,1,0
f8ea03e46c1e27b453177b6741bcc5fa6f0a0941998c75e4610bb3f8b7141d1c,0,0
f717e5f6162243815df53ed00b36daf7a44e01af8db3d5a7029d8359ca822419,0,0
29be8a6573140929995cdf375ca92e18894faf2d333175b3e8c976cb0e356c0b,0,0
e37df28e2d4119ec2b9b27ebdc330723ff4e51739ed0600dbc067df81f8ecdf8,0,0
ad45c86947041b1f0ab604a5cbadc9a63d7eb85b1563a98e4202a1edc08b242f,0,0
235f6e63e52062d0818f250a89697150155e3284a6a92f6e921c45ce18fb34a2,0,0
c153ff6aed6fefbb31a5740ba1c835d98e1e93146b98126c217bb74bfe4a49f2,0,0
dba8248ad074217377ba30d141ff7d96c321bf927d1cf6dcc3d322d72a0beb97,0,0
03aa1a6f153a61f4a08b0ee5d51ce9b25e596679afaaf5622d992c4609e9d0bb,1,0
560a6360f82cf37907925bec246412eea35ed2e034688b6e85916d01d7441220,0,0
ca2e9094eef27b7c928b46d55cbbe444c36c318fc2056ac5ea7e07d48c17cdbe,0,0
47866366cfbca0db7bd3d473a9ed0389887d85ea021f688e270e97c6d063abe2,0,0
6e910583e9022a72e02aae182aed622521bf954ab4ad8732f0978c1efe61103d,0,0
d245717edb6231c3929a2253d53e47cdc525290971eac9e9bb5a5991183a6de9,0,0
52c4893c76d81a703da1a77b01ab24f3de602c11f29c89b03f76295945647a47,0,0
30b048a0ce3d79a8f8f6748010ff8aced5e5d6881170728abfb4fab952f5a715,0,0
9c2fa86ce564d6d89694c873ef6f684c388cb25a8b90bbbb9546fdd6288308e2,0,0
a3af23c0c2ae3ccb04f1c67696252b38a734bcb530eca056a4526f1974a689eb,0,0
3cef478135b63a1b0008658e8c18b42ab1cc8dac2b845a8dc4429642d6a203e0,0,0
ba1343148808a7a70107810fe47a8093c286aec0acd044320437780e9000e3a0,0,0
256975364ba64efaadfea54e75588a7bc9d85e5d0e385ccec7bce119fd8782d3,0,0
76510294a24c22da75ace03855ded16ad6d4c2d73052e6bb4a28511595c11f82,0,0
242462c08f1829301eecf082b5a304c5efc6884ea5fe3d4d1707534fd510aa4d,1,0
d211179f581edfc6acff8ef3783d1d8f0ad7b7c2cb04d33ab75796d400c7de50,0,0
71f984cc3a8cc68f020913ae01b51a2bdb2cca4cbefbe43c11c44e9119e5d7b0,0,0
e37ecdb7ace088d91e1e71488485bb86cd4b015c07e198dd2d211711fc12640a,0,0
8e14e9be89362772eb412a341f97903ca5f2ff344864a1fb1ec415dadefaced6,0,0
bd4263e59d1810781fb198db156b613d1092da99643e1cedb5032f73136e4cf0,0,0
2c0484234a63a86f0e51d8cf25891026cd7bfd9142748556bbb933c287ff0e0c,0,0
a6a805766e672340f83104027d86993947ab0ac088cf61d997e806b1ae58c0db,0,0
b09ae8869bd608cb4a304d96a13fc43d70a09f4cff7ed54ad3d934c46ffc1543,0,0
b31990d8b3ac5f350e6f8be36d08ce6e80e3b6d47f1a2abea098b287d0564b30,0,0
6dbc9ad6decd9c437766638f3e0484ddabb2cc0b4663afad03d69c16044dfacc,0,0
8e551ba3c95ca230ee7450a518bfae00294e849b4655bcb6c6cce07bf3d88edb,0,0
953aabc4e06c15c90fd534318a18deba6d983a4561f752a015ef47c52501f96b,0,0
056ad30a812232879f7dc5154d0be5be61f1f028457cc7f6408bcfb24b677dc2,0,0
cb3641b315866c0325888c845f001d8bb541e4079af35f22d8002da8716a498f,0,0
cdc9af0211089f9331dc480eda5518879f1203364210a2871be708641fe21ea4,0,0
61eb52c388e3f59cf35537594a953a78fcb1247c6518246e9340356b419ce26a,0,0
1fc86698673ec56585c22e3f031f15a7423aade6fe0fdeec9c14e51c59a0b705,0,0
ed0edf7bd7000beba872944684f75cf576886445fe19c4e3daeffa331060d785,0,0
b14dd5b5704baaee3314cc05620d38d62906fd55562d2212f3393e669a1615d5,0,0
a60b28f4c5dccd656e9b665ab952c1a7e07ca0c56699a969a7c01e3cc7343de8,0,0
5c8cc1eaffdc7beff49aec5deff592f9d6d20e19a8962dbf93a35a0f25bddc90,0,0
7fbb02b0703f21c6839526507788bac8536d2c6d702c0d9c035061d0948d6cd3,0,0
09728c5935992b9814b1db0b48e66b61c412129fb4223c5b8aff2a2809e2b324,0,0
40fbc1fa806ce68a0c15dfa4044810486d5cb14eeb9de8c1faa02f3ef47ca4d7,0,0
da44a44a7393aa45314f142457253a87b4219cec7ba93edf1895b9e7e4e42a62,0,0
a0ef6682de1ce26492504a925a095063a36ebc8ca4de22bce341bbb0a0623f1c,0,0
636bc169cc1bd73fd4dd6953b72df6c1cd4ad87b88ef6aaea3fa6e247247448c,0,0
f974bee0f011fb95ea75e0cc874083decfdc4222df8b3ee83a6c7755f96a524f,1,0
2cc361e3e01132bb12bda082a7d8a133143ea78282b2164f0bc8589a86f152a3,0,0
6f9889a3afe3edd8ccd55d447374efe2f2e508944dc9e85b6c70a9eb450da21c,0,0
9771ecb7db7575a73548b03d90c096ad12c35c53456a3c1be1d8b7ef16affb69,0,0
c8e8fa9a3dce7b4e769b3649f0634269a32d4cd7d5963d929600cecffb51ef71,0,0
abfa044dbf6fd2a08b56c4254954bd91a197a96fbae16dbe2ae73c7a5d6de29f,0,0
5abddb49cf29edf8b3312403336e5838e4b0bcbf7f042b6901e793165ba2433c,0,0
f624a1e09f25ff7975012143c1320c971cf896f94f81dfd4dd8df4dca481ff60,1,0
e9aa9e6e86bb49014b755c972859f0e3ae8eaac216234561a9ad09f48895d91c,0,0
8956ddd0dab38be5556379a3e97caa2f483e04a8d1326ff98229deb8af153a70,0,0
76e62287863d30fb1d5ec6c406fca3cfa7b1ea15b586198d61ed1fe848d532c0,0,0
d2aa37f2c3ca9cae73f886b7eac14a0c5f31bb37eb260d78b90fe58af4fb2e78,0,0
0db58d70397cc52f668a9e5e80fc0a0062d29baab5cdcc317ec6e1c912c1d0fe,0,0
a54b1b5c59aebbab50ea92653f760ca9e889c3633d9026b99d30985b6797dd8b,1,0
d933d7d0225fbc420e91de9c1b0aca34265847f17f66baf8ea898c2d74e07e57,0,0
7cf4e2eae6eb11a231f5b0c63d64007a0e409e427d0bfedadab4e561e02d8ac6,0,0
7ebdfeebce1eacf6374e06c2788a8c78aa0add2c770889d5e431a939199a953b,0,0
8fb3c86007f9e0310fd48533263af9e9220475d94319053c4ade5a6fe36f5528,0,0
f8158eae28f444acc63366b045dd56cf6060e4cb102d054731640e44a17b96c2,0,0
c434de87b379b32056823fe22c6e2f04fbde53c1de958a291d15686f0ec096c2,0,0
2109dffffff4936fae7f5a2e4b4a5a31f8eda8e7e8107fc0e1c8b0f39eec9d34,0,0
a7a7a1fd9be0baa7dffbb8c4dadb57d69913cf5acade407cfa314c4f90ccaf18,0,0
6cb5dcfb7734dc18ae5dc504d2b80a68bfcd6d3ab596c6da9d7d5238e892716d,0,0
cc4f3139ae386c3d9f686ebcfe9119a9c7e5a2c933209ac587b83e014087c3a5,0,0
b858e92d2f989f05467b51be27f333362da116007b48a82459b83fcb72514cee,0,0
943b4fc1587ee3cf4581e16da7eeb8af576ed19398e720cf424db35085093297,0,0
934ae6a4cbe8be08dccc56390c147e08f1349e56798387c81eee47e7d0958f76,0,0
6ad4cde1ee3fe1b0e38dc19e0a526a28eb7ca0e34e9185e5bbf8a68ae0801d7f,0,0
75f4738fe7eed8e8d283c1b2aff43e886f27ebeaad5ddce6ca155a5437117cd2,0,0
63ebd3b4868be1737127c4fbfb54bc585d5f7ef167fd6f9e09205b97d2f6151f,0,0
96f60ff775ba17c324696e772930975fbe97d1f349b447dbc54ae957eb5c91d1,0,0
a173e48531fd47698eb95632f6884a8716ed82152dd1b17fd107d55ce6fd57df,0,0
1301afbf24d0b3753448f49401f44aad8ddf31fb27551db1ede96d7127f909d4,0,0
ea64f8dddb30388a45e6b39cb27919f03bd7c727138ce67e1424c8f3a20e4ab2,0,0
a81bc9c6c11a23400553bfb67dda60f12a5dc8ab6e3544ebd7ca1988ad182cf4,0,0
2a2b9d3d3b5bb77e55f0003f540d124bfd887727948c948a8daad68a71617832,0,0
ab4513591f708d3f9de4a4f76216b332339b59a37ba9bd5d679bb69783ac91e5,0,0
727e9dfaa8f1cc6b1e0aa6a0231794834c3b9554ddbe67905ccf76233d9f7337,0,0
4cf8972e367cd44bfb865184c3e90a3d6a7a38605e1e2c7951f6cdba4fd09116,1,0
da576f04359e3138074d2eb4ac606f6ea836daeb85c03780f903ed1fb03194b5,0,0
0607161a9520a974293821271f311bcb2dade4bc16b2955ed72289cdccd85f1d,0,0
060bd7560ae136ba169d764caed858dfb3c49e2e49c95cf4d31cb0c29787e875,0,0
01992f75fdc175d8200161c53ebe4d2c0c60042d5bc309a6e0927ebba37be64a,0,0
db451e673cc9073793e0932071c7cf257e3452a820f74a6bd4cb376733b745ff,0,0
4328ed8a442cb7f65cd26e02be74e9e75e3f03de9c4b1f8f3a4e29f48b265dc7,0,0
c95cb6fb8f72ffcd365c1659be79d1d42c7d1855abd56c88c8dae75d7635f804,1,0
dac84f7c815c97df93b897bd52e718e6f2ca8bbfff89c30475c55483db96fea7,0,0
9c237d69f2e84c3009ce92973f6eab75acdf88a481df91947eec58f1df74494b,0,0
cc0d3b7b26f7ef469265b04b6552d8a848497f53eb6a21168e8474a6ad884dc8,0,0
8baf4ff12529fb4efaea511dde1ef1e6cb4b4806e3437cfa4204eb04708e545a,0,0
ded238600a59bac6f324af7a08f507640d9e2c891395912879870e15a8fc32a3,0,0
367f1d0652af4ffa205a4852e1d9f39d79f0ecf93e0aca612911448fb3415927,1,0
622308e3a000028334e003507288aaed087b6abfa8a51b61a80ad94cf1ebb6f3,0,0
38ada92ce5894769a848fd84c1a744f1fb96f25210ce557dc3d094482b820d26,0,0
04f8d14a75cf264dde0c6905d218c1f4e2092a428a3f7f6535a3c33bd43e2858,0,0
88dae25774c150fa58b905d84acc2b61f365fc4690da9b80c1d3038e4ff9b957,0,0
c60abc26b737edc62edc4381ca5c438cb3396fa7f6052420c2dca6bec7a97a13,0,0
e181af172e0eae75ddfc2d7f039123602bacc79e76463b938c65c73de3f38798,0,0
380c9403d83004020e56a3b55296b29d24327e637f19e61ccbf6aef146aaf2cc,0,0
419f0b6c151edae90d30b54288a7b66c604d9fc62a5787f1e81ff067ec1f4fb9,0,0
8ab0c412211e8004c6de75c4c83d9886e7563a20ee2fabafdf94863c964089d0,1,0
e43755212caa34bcaa02d0c4c0dcb4b61928f6b5e31e07e56cc440e80b1cb643,0,0
66559eec78ac33bfe6003fd9dbdac0ba43f3a29afc5352038d1cede128fe42d6,0,0
30d31805bd0443186e593814f21dd876f417ef0dbfeab9317a919c20f2ae3f0f,0,0
cdac08388e70313cf90315853b1811d2821064f57178b41332fe21ca65cd99e8,0,0
53a588b7e0871e187fb296039a7b1c93c2c80793fe69ed755c2f70759f6649cf,0,0
00657d3cedac66f167b89ba7544cead423d9ba04bff7e51cdfc2c38740e06a6a,0,0
8baab09a42c3d92a615a1d41024fd26a4eb2fa23da1c352d1f51310bfedf2f08,0,0
cd5bfe29f310a42ccbec8b60f7aaee1c9a8bcd92f25ab0f4dd299a4abc4058b9,0,0
e979026c25c41e8e2ce8ebc10c09b3e067036559e02ff73548b08a51c368038c,0,0
4c5ab11841ed7fb0345effbeb3832dcfd7645649d48e399908b1fa96e8891771,0,0
0bccfecffd33b9160b6662aeb44c4720e0e6f99fd572e5cee0e7cc417407f9fd,0,0
0f6c86b4efd30ecdcadd1380073682898810fd739959223854c613519d7f6fc9,0,0
3242e8da0e03ef48bc5e544f5dc031b6d7758fae656ff029e2fd52ff49da4b1f,0,0
729ba80c57f5535e0e39662f83c3bce38b583e667a1890a270b29f145f0f160e,0,0
08e2cf37f6c255780a28e8bb376336e31067d8ef0626a88a728d1e543aaa1273,0,0
18ee576e5c3a406e896db86f06d3c19c3df35f2a7eaaae570bfa80ce9d0be9f4,0,0
a77d0e54e3c75d450fb908e6bbb645a8cd8c75e524cea81846d512dce89f22f4,0,0
bbc716d2310848cc7f57c8f2da0b466e68c48eb62d62497473acf52ac59ccd11,0,0
21efddbf996f60600ac62441efdc3227541f5ddff7f147643a58fc54c6baa372,0,0
16c900030e525c252c39690af2224a12feedff5b34b06dd2658aa6e8a2c855ae,0,0
3a455ffcca5345078f2de8dc6cd2e2314616b202608f1d7d31c1599634e97ef4,0,0
fe3aa78ae6de05ab74866b8b8808514883d13a60433eecb5a86b9683bff964a0,0,0
0482d3bb9365a2ed87f9a32bee1b98b1f7bd270c8f7d51b1e50d3dd433acf9a2,0,0
a6c1e2a12e12a95b3664f22544915bd7e919b3406ac9a8b8a9762b5d36208a14,0,0
4a928437c438935e44e5868467fef2bf412597d24023104dd416b1f36d25f9ee,0,0
73a6294d8070cfeef608e54a8b3b81bfda45f8dac08abd8f06b8c81a3e54c016,0,0
0d8c8442c5256365e414de408997db95dd53b41e22cc47ee963777e6928c2198,0,0
5413279d50f71986511f55b8450044f2940d363c4a256f953558dc2d12837dc1,0,0
5b5d75796e3fad628ea3d5217355d8285bf443feb8a36df91e47b8637ebd54ec,0,0
2554097213e7421a3f067f337e7e1761dc3754690ae23bc84eabcd44efecc0a1,0,0
dcea45d6704a6e5eb7efd794f55f81755e28a689044b3ef28ad2c3e2d49fa5d4,0,0
a6aff6a9832f68bb7a276241343adfd6c36a95471a0930a465926d4122244c45,0,0
2ea2c37d74698d799a3b1a7c4200379d051912129ec6c1ee0e39bd5182daf51e,0,0
4e067ad1beff0177190e8f5206efe79adde08a6be6aa9b5edf1a629929bab2d6,0,0
cf4059942c008e46ee1b14cf011db799913cf047e1ffbd3e08de6e8001302d0e,0,0
a076c4e0917b8d9002cd0d9c240f45168d53c6d4a5a93e231362d218d9c558e6,0,0
0e0233604476a418b5879349fe068ae5cfd05c7eebabba76b95659d1d3fa474b,0,0
f1be7476c6521ac3087b3e50e21f55c4c627f3afe66967af3321991a034aa98a,0,0
7e5bc4ef8b1c6d69a638065099e01b2c9d5f8c1a0d337523d85bd85ef6c57808,0,0
62eaeccbc070284b85fc81a692f9e3bbe438cfe9035e1a5534f769ef2b6aab37,0,0
d0c68ae9555606ff93113471c080525adf74437bd6ad9d7143c51e8c4a8a9643,0,0
3dac0a594f5fbb80ecadbfba58ed7a662d03d2ffaf6f4ecd58f917da11c679fb,0,0
f56d1d68fa0c1f75345af9a012c6bcb791b95bd6dc96289039fa916a4a14715b,0,0
db6645f065e541b5e91500a99b87e99224a8199f1bbf0565117dc0ae51128920,0,0
7bad835264483922ec309aa114acdd5d8355dad007a880b6adb8c63f50729c14,0,0
c3428ed26d7dcba8c959117347e505605001e45bc8871d701485fd5ebcf0dc35,0,0
ca1e63c4343b913d82eed65af2d46a2736f579667729387d40a4ad4cef24b169,0,0
57f193792ed4448d5fc8c364f8839fb96b6c8f337af114aac379e045243954ab,0,0
d0aaf5b9536e17d369009b697ea7382e673e87ec9454096410dbe6ade79f53cc,0,0
f0d1746a37590fd6bc23d8e3cd6db6c7f7a88a32271709aa8774c23d298cb6ed,1,0
5c68e36e2b0193c15313fc83ed293576b6d0e86b7bb4a4a6263a8666c8e1f329,0,0
6f264f29eadd9e4030ebb04e300436aab4b17d14832d5e00e2595dd2ff5399cd,0,0
e0c307b53981cbb3c72b62f1293c36bf138539dd3fd64f938eaaac441c7c581b,0,0
d80a322021070a181d35fd4f00bf7bb7c75f11c4475346ac7b761d65bec914c5,0,0
4072bbe9013a955651f47c8157cd2beb62bb7c374c43ebc1c612d40f004b8d07,0,0
c5334ef637cf46e6514ff6f136012e6a8c49ace044d4ebd787e66e0407548765,0,0
9f6011e146b6990cfc9f4a1b5a78f0f769b24f177cfe7316fa9228fd50b50031,0,0
f9c566f0e02ee5dfe379afda072d5d40890ca4785ac46d4e3851991c06ff8674,0,0
2a15d6dd479e5ea9463a2b93ed43836b2aeecfd3f5e7d1fce3072844455858ed,1,0
c0d86ab496eca316aa25a360e6c3e48a51890241e98e934a1949a09f7e7ee48c,0,0
783be89ea071458d80c018bd3913bcb1a2a5d1883bff838d2eade3c255886a46,0,0
20c16ec671a424703bf9378b43b7a10acbf649b23af7817a01a320c734ab71de,0,0
920b6f15139b120c4e3e65c9d31c8a6dfd205f9cd1068a5c03340c0e5b9bb24e,0,0
3f717091eed868fc2d07f48f39d2cbd00626617bb97fd3d7cc9a342f23fca647,0,0
ce188f79edaf11e34f8a390e2aca8b6ca9cf3bbcd079620ef792b26ee9d36f64,0,0
2e09738979cb38fb6c3ed2aa98c2c8ede871a3694ca1399eca3e5f975b2b9596,0,0
92c36127ea2cd959620bea2e4bc4f1b036f8a3c0fb5a1410ed4da9b6069f1617,0,0
03f58fbc3afb50f72e101aeb655182b95c6c9c49c5fc884029d16e48a29b97d7,0,0
b1dfe15ae1692522626545b01560527010a6769ac6df869df307a2781c9ee36c,0,0
af1cee01ef77196a7251d3afb3590945a0b9526aadb61371092d3687b5da27e9,0,0
3b2a5bc3f34b362090ee6c1ccc372fcf030a9802129ccc115bc367587a173f17,0,0
cf0b6a9394d93a7a815d9c7dfdea56876e37df72b12de2481ce1040d93a01ccd,0,0
e164e103eec0f883959cd0c0dfa97ac5f301647b994b6e8aea0cc2d1ddc69419,0,0
fdf1e7a097fe24335139848e84ebaace11516179ce930172a1ee5c7ac400702b,0,0
013b6649dfc752d9523f72d53528f30354fb4ffc70d2f6e1f2b7f3e7d5962bc6,0,0
27ae1b057df49e93f38a1012e2ee22c5bf618469f8b60aad01d5ac369379e087,0,0
5dbb85abb79f6485d3660c79893674a631aeb4b6ddc5297fe82b21feed03f637,0,0
141f146b00c93888f22ec940ab1cfbbda388ae6f99af6bbcce32550fcc04d55f,0,0
e3fd83862eadfdae4e1f21d1064473b3aeb7f1ab3e286a44bda95b2e8a1f96fc,0,0
692a032d003ef8c30681963d3008365a0fa1ef380627f475dd88c299e4243473,0,0
bc6055cb0edd926aa46b431b270db008da16467b2425a694ab74d56fdd218b90,0,0
727febbc9bfc6ec37c6ec6f4070f257841ef9b1fe689037ed8b29da1e8ff4e3e,0,0
1d67b3648afdc881298341a91363187042f49b95882a0a1cad54a549c8bf89ac,0,0
2e256ed6ae271ec2f4439e77477a54248f6f3db5baa1231aa271257bb2765738,0,0
c8b72bee8631cde1617aaa78fb397f2795026fbb8e49da4f2726e806677c4c54,0,0
7ee365c0c22a9f46ca7f01e669af5d7f282e5f5b13b7cdddeaf944b3ea0493eb,0,0
0c10deaa692f71080d4b5fe73df97300b14e8f70589fe5c4b427ad0e25c3b568,0,0
921fc060ad32d81ea1eac67a8fdcea9ca425634d529d74b04bc226c42e9d3aa4,0,0
b8a36eec511b4fb0e6697a05140dea7a8dbf912801cb02d7eed11026f96ad129,0,0
b25e0cc8b247603d248f6eb42a07fc6c35cd1fab8b5003edafafd0c87ef31fdb,0,0
3762d8323bde295be12a0f49231b698b476a4743d16b574f00882e1f84e0b7e2,0,0
cd981f59afb3763f23463902660d005252af34d21d69ef4edcd05966557fb66f,0,0
b28e545765d76b4b31c7946f31b3da8f08960216f7a8a0ae7f22c4a8d2a4d34f,0,0
3383466fb27ec7a51e571af6e57dff37ead6b0b34c4da2b3b888b58cb9077b39,0,0
e474facce81fc68ab1391534e7107fc3ee1a0d18f9c53bd5c927720104e66f5e,0,0
505d00337acbc7c46db07811df626f12597aacc400887cc8c3e7ddabaaf30c40,0,0
884346106e8af329a02534ad2cd07106030156101e1fbf031a5bb20fd92820b2,0,0
5a6456d09087e2e8e335f83bb82526f1b7ff402eaa572f7a4fcd05a7649fc0e5,1,0
e028e14408d6b3d52d3f4372754619d6742ed6b1723f6a8d255d90bd9c328c51,0,0
b4bb4671a4fccfda7722c875a081a464422f3d1ea880d6d6d3b66c8151435055,0,0
f96a399b3cc5558fbc148d299a1c2c47b7a2e3e39e20b6c7d6eca210497e89f2,0,0
39067a26918da7400ddedd88cae21e88f82e19422a993eeb2327410e8d02ee08,0,0
d9bf520746045f27d05d6ca016e89fa750ab0f4911c0902fb81de4a122bfd12b,0,0
15cee1104f90b17531307c2cd64ca63e54adf36571aa05b55202b30fd19c39c4,0,0
80e69e43bfae4b57275a4cb9cfce12ccd4f20c1eff84a64f959e2479f683665c,0,0
5fed08f3a5aa3ece5c48faa022723208ee6deac96e0e5e1e84a4fa3f4c485fc9,0,0
84c927633eeea20ec3c60897e8522d4907579d5670e5849776e18108a4d05431,0,0
5a13badfb7d807989aa9c7055d83405fa64d9c1b64e7b691ecd4678a78a76d33,0,0
020665ae339471bcb954a8ac19a20ebb72a3f0157e19abd59c58c3389acd530c,0,0
685a441c35404199e32ffcec38d5281bb40aa4ce1620b1dcc0f9995817720e03,0,0
da6c547c87d171ccb747996ab514ce532b99c8a1640dfc1b83476688af10a990,1,0
5f5ecf2d480f243a4c16fb722c1d447d7cc2a8a25672fff33c938f0499f862a0,0,0
e19c1c32092c738a2d425f301745005a2a9bc91e95709c46bd76917a148ef12c,0,0
cead00b09c4a23cc2cffbc5d2ce789dc0f462105de0847d056b137ec3b87ab95,0,0
1445f8edf15246697efa13a230076537f47c3eaa629ca73371bf5d759184bbb9,0,0
182574425bdf348868757ef9bdd70cd0c310f59faf669a3d56edd6ca569c6905,0,0
dc4557c822e5c34f8cf169ff085f716e9cf83b30344ef134256841923786e568,0,0
73ac259ae8585d1c1238d82aae7a299d0532e4c7de58e299c9dc78c502a865b3,0,0
b2741eeade83c9495c4673d4245a1299fb9db0651cb6599293ab1c58ff9f7f6f,0,0
361fe9b49e850060623675a3cb7c6f7a8f41de05b719e0bd115d0896af48acdb,0,0
01fc0015d58c1de533a8956e4e5ee30e9063c1eaa43847157521997e5bf4762f,0,0
a266031a93d3d695d3c1f8273fdfa11a1f928890bfa200f7dd957811a746d52c,0,0
44623e83ddcec3a24acff3db6c60fc6c0151394dd0f9a409af55be216dda1bd0,0,0
5f6102bc4917987356bad097a82d4411813b3a7ed5c50a3ca5c4fbc3b146b580,0,0
9301f615c1298c465fa547ebea970a859a3cf59e56c7966924da9629243f9b91,0,0
6a42a6c25f8d7ba85fea65e4dd3e79d6cfd39993402117c39633e62bf6812b28,0,0
7434d705ff37d4902b63e8fe9cf66c56b9a972e76cc1feb6bc4da98040575dfc,0,0
c3797fc35423333b79010eb8cd14cec126fbb3298aeea6f6d98266be5d3eae7c,0,0
e3fbe08bf7b923e3fa907034a4fcebe36c31366e5004e3b4ba6f37e1377694ac,0,0
379ac04fd16f4818de435f929a007e4e894b64c217e36868a8d5ada202a416c1,0,0
59f8551445b89b7add8164edff4934c6d2b5de4d00c692be83c6df191bb373fa,0,0
599212af13939b4a59ee42c5996d20779360118d4ace162b8de6ea27ca37195a,0,0
89f84ee720385413aea48262201ebddd52d59be69d02aabd517c6651c9a3a8aa,0,0
5bc1494b4118c36a6fed6568a2572eedb86d0056f7798bda141334600499520a,0,0
c1c3596a5fc8ccf5ead4223da9fa174f3a429904c29af05c911e026e863f2a85,0,0
ae68e08383b7f441deb3138e3eee0619b5a3b7f6786fbc8894745abe3cef1fe9,0,0
aaf08a8e0f5983a6f22648590bfcf0fc60671812fb58fd96f426c1470bf48238,0,0
4b39fd6ec627a617c00a2ca0e009bd9e77bca599c5e0eb3c60e328e0c87040e7,0,0
b9f500fffefd1cf765cafafe6c6412a2f0880ee6897c5330f66f741fd9e0d5aa,0,0
0c48de1f094e1c6b9d5eec645022624f919399af88fc22f801c9fc3d14cd4cd4,0,0
67c7795d3b73d6f411ab6f67bfa1bcf260e9fb1592ade252170b9fe6ba34588c,0,0
8561ef77bdc563c2bfa47eb118c078f1072dd1f3f8505699166a2c6da66ff531,0,0
45cf403ad4201fadf7d66ac0207a0b12ffd41a58a2d6bbe8585a2361a4c2144f,0,0
f80577c7c81dd3a789369af850a7beec82688237be304e5e306db8aaa96de320,0,0
210b4b7dfe3ebf84cecd7115d223486a86493d365c0c056c518f53caceaee522,0,0
d1b8ccf4b9da5b89377d0172fb38db9788571d15214ef01f52762b08f1fb5164,1,0
cda2f3a36e78ac5ced80f0249c61b194298674895a6c321ed7cc5bd84e7754e8,0,0
c40ecbe5f07156ac5a38a4baeb8122c03da0259c658de30d14f18d2d0813ffcb,0,0
f31d90de343da7b7d4db3f9d413c16faa4aac906c08ea8fa3856192b3f4e3289,0,0
bb9971eb00aa5d5ffebe213b8ba6e7fb6f355c52a272d8e8289257e5f92dc50d,1,0
ac57acb1047454c5f2ef0f7ac77d0fa9aacba1f967439899c5294f5b8d607580,0,0
f62683b16b5ce65cbd24ec36dce7710a7849abc550847c86a9145b5359a98e2e,0,0
a45ac17aaf236366efcbc220b93aec35f396964d80680a8f74e0871145179563,0,0
478a91ccf7c9e3a3d8f53eb58036704eedde49f94a10e06950e44833f6b97f0f,0,0
fbe32fc0712cb02a5330f05c752a3d7a2e4aaddc42a00eb9e30ed90bd07aae10,1,0
a8adae5437f4e786fec48b41fffd505b1f20ce9c38f24127b9d17e6765d10f9f,0,0
148d7507b494ea2e5a0bf6762bd7faa581e22ce78827d38bb0b36a5b77b53baf,0,0
4eaa66c00804859a9c00bd27ff7c58432966ccdaeb808c6bc3adf0c5d45bb51f,0,0
6d322ae1aa55847865eef3643c9a24e4d981f74c6a37c1d3f79094f0c6a108d5,0,0
6ab4c1014fd292c6b4a8f44c347423d7c4651c41feaa55c99f31fb171fd56b8c,0,0
291943e78958f2f01561bb141a7415b0249883ce355d2835a5d76d68fe701587,0,0
069432b6a4354b3296f1cca9711f9d6b0c063011dacb8715bca712db6f966a0a,0,0
846ced4280194128014e92195d5b6d737ac4bd91eaa5a3021a1a78e529afc8cc,0,0
65f13e4367d07f7c1914df926763d353a974b66cfcd7283a5e59c199404f1525,0,0
56ab8dd776809325c3a1962eae6548f63ec4f5407afe1cd055c7817fbc24e0ff,0,0
3aff4225752d409b913a1f06703cd9e2ab2966345a455b534283a49842915af4,0,0
f92a48c1274fdefeb47623fc4f8002e415b4f331f083537656bba415f1cdf68d,0,0
bf7d9d49847a5dcf26e8235bae2499fb209fed8392f7acafd8c5293ba3e16d0b,0,0
5636818eb2bd605ed7d508358a3c221ecbca15993f96baec27532420de665433,0,0
a95ab8051d1844af0d0edc60350010d7a3fbd44d878bcc8afd33af7dcf59e943,0,0
1909572ca81c07c8fb0473ad56a6f1d6d2fa3485eba431c93f3d71d8b45f4947,0,0
1d1a8a803aa8b7aa801646fbbc9fb6f03c82d5fb0a930ece96e11b7d0b731643,0,0
52578a49c4c7ef9310e022722777770198f222c4171e3c70983f8d6c7bceeb81,0,0
08cac49b249b9ae8ea5cd355c90c5100ac0902a17692885e9bd537c427d4d003,0,0
0b51e20e2e3efa84651f6a9f60e34fd3bbd5fbd4d7f3fc7172384c8e22a88cc4,0,0
6ec0e9244100ef76e19e0a49991ed832068c27e6c9175fbbf170172afb9828c7,0,0
cfb93436c9c11b9df6ff46cdf408919970ba921a7dc67734483a98eccee424a3,0,0
e131a71a27338a3d7ccd23cee73d027a1a21371b2a16dafd44ec906ec2b50e8e,0,0
1f1c96d29c1e4f9028a9d99fc94a2adf66f389904406ecc15381d8f949d0057b,1,0
7616eeb65b0cb0c6e597a31b8d39edb808f1732f268f7086d8f612a6875b8832,0,0
208e51daf573bb11ae79d176ff9cb774dc5f35103063a01cf90e8a45d657bc94,1,0
efe16b53b40f57dee60d1b124b60073a2fe555c7a3584ee4ef011dca4dfbe5b2,0,0
bbacc609bfb61d4d8cbbd9f18619d9ad42a8ece8169f73e0c0a7697e96f57178,0,0
e72b0e10c40b373f2ecb0c65d8b1cede4e380c2cec39d223becf6ccdd23fac3e,0,0
5ad0dff60a6df7c9e8eedcafc56783511a8e75010500017fc91e197b8c286dd4,0,0
33c6c0ceb17645a0a34ab970259ea305635985f7e8f2007f3051ca604fded25f,0,0
a97534a26fb6fd0f14160b647bd77d33c841fa86f75a79dac6b54eb682626692,0,0
0113d3bb30794c29aacb6deb07cf45b7a908abf1ce4f867a971b5f3ae231a809,0,0
ec493750ec51ca0bb838876f72e00546887bfc2a05216f981c99c6d4c34470c3,0,0
5ed013a4f97d49bf60723c4b75054cb72dfd73bf292bdb30f4fef36d18ecf192,0,0
bbb989bc681613eef22a799e874e97c11787a9b1297e6c3360464008d37aad5d,0,0
ced330666a2c5d2c381dfc0f993f481ad5017c0344029182e6016825682cb25d,0,0
67889e390459145890ef3a523e69f57e1041c2890a86bb2eeab13ad3106a89ce,0,0
a806aa89c598d075ae6533d09cbc954f48313536f975fe570ccb02cf17f4bcc0,0,0
be22893b29cce631335be7e13fc65896bb2ae180b917cb44b5ecfdc9590ce2e2,0,0
e9b951e15590cbbeb146752a34a150d9585a8170773115727be9a453bdd98e22,0,0
ad80398771b4a2768e55529d765e6c1455c7a9967dfe659ab4d77812ff42a275,0,0
8ce0e480f10c119c3ad115a95e3b91cd5a2a3d572400d1e7a0c4b8e2c1e463dd,0,0
7f81f14cade7b165ef65ca35e455dc49e1a0970bab8551f9257f68302242b88f,0,0
88e8385d6ec062d8bd33446156076a524aab3c55f4a9bac028fe541bd1bc797e,0,0
b1da242f9d9f9eb4d0026786d3a5105e1b8c9bf0b7cae7a1ca3e6794d9783103,0,0
fb048c5deaa9d1a09bd67ece221f6925464ecf390842003461cabc7f70451a78,0,0
6077018fada4d5acf2dd979fa1c7a213425d0d5bb1bf00336e1f3ac0e4471b5d,0,0
0c13872f8ee0afe83e2665b940a07448e88c039c7bc126aea4f951c9836d8251,0,0
9f500948b490fe3e2ec7fa26b7e352f010f33b2b53eddd4b40a40661046e5320,0,0
7f7ed895d3dc6e5ee5216a2711dbbc12e9a84e1c19ccc9ce5a56985a6d204e9a,1,0
10751a1b3e9281da6ed585a6d443c9e99385d311a714b0dc88ec050ab4619860,0,0
136514693e9f20b6ed0e3ef9de2e535bf03196ddbcc8fafa69aaadbf23a7a3a9,0,0
ca2347e82e301ff533a088171baff01dd457db6c8176b0ededa1e1204eb6690d,0,0
70674920dbe51e56ec7cf91ce1114bba1d0edfc4820d88d175ceeff8703da27a,0,0
d7a23e8f4644c811d362a6de78d31fc22037c5f6897b289e0edb14206ae7832f,0,0
e415ed1f88b47277831ef80ee555a752b4d87099d2794231e1d61401023fce8e,0,0
05540a8a865aee71e4005d92889d90b7db67d286633c7232da9ab1c21cc7b248,0,0
a12d13d69c5e83cfda82c750922254ce80a2de54141fab497a54ecd1efc3a160,0,0
f48a28902c015f54eb640f967bf8256309729f526d729d371f6110b1e3347283,0,0
de46b31d22dbde010c83a6d7a35ccf46eac440fb6d99c4fa7a76e10fb3072b8e,0,0
88c5a2091ed27f28df3b5046af705f3231d42975eef280b5121748e392209c24,0,0
51c749eeddc09b047a505f93f731fe9f6cc76c905a5324927bf1647812ddb95b,0,0
085ea62879b3963604a798f18ccd53b11f75f20703524d83365dbb2c0d94cb15,0,0
8f632e3dc2dabb93d3e55182a8cdb6c6be9a6d830965c978c8ad4720d7b61a91,0,0
3f96197214f64a05853a967c3ae70bfb32532b04a72b175f94c367c989e287aa,0,0
1709b114fb5753d7bc0a0eca9c5dd89375e262f022103b1f810ccdfa3810d3df,0,0
bae2676a6bd0918050156b41ac87131ccc253e10160d5a8c0f34105fb8cc3388,0,0
a0f8264a7a6ac28d2b7005d78d59244c9d5d57470ed80867e16718c6d9b951bb,0,0
2f337bea6d9917ce15e7d7638b60eef1f198d3b069cf5824b596fa79e7512b20,0,0
746ace29a21551ed8eb6e5f4a83757fadb85917a41557ea5cc5a6187fa0517a4,0,0
e8d33e3d89bfaaf09c7cb9bf526eee473aec97c6c061d35524c6dbff7d0b5584,0,0
c576df60d796f59422b51cd295a5aba3c3750b038c5e03e34afbe7641903b1be,0,0
5b933becb1c01b177ba4232e617a30f7b7ab3de59e40f81e9d72a322efceeeb7,0,0
6a2c7307ed544d5c1a35304a98f575b89177769b9e3097f8114ffad301e4c889,0,0
ae87c6ea9721b57431c6a2678d4360d2b88757a6a5a76edcb32448999132b2dc,0,0
d88a7903de8773430817a29893c50f375818f6255662201da657091774b94ec7,0,0
82f120693d5032bba5a4227ea19cfd8bf2263e0574a1b19563ca2f5caebeb955,0,0
1cda8d2cf5e0c8b57cc0f43d2bd852fc6176806dbcb465de6e5234148b15754f,1,0
11c32018d5dfa5b68c2cd6e50916d0b160edfceed9052617affa7d567304a4ca,0,0
0a8d8242200e55e026b84fe4e61fe858b9a1909426398ddf8b9e6e8c82bae8af,0,0
7f0d4b0d59108a769a3f5dc366939fed2dbf35e146b5b54431026919563251e2,0,0
b71eb50106523e08aae2f5fb092f93d8cdc8f2bc053ff0f1965cc2d6c68c5c8a,0,0
17af38fb7b12eb94e147c10d846a6599a0b552c96e329010c8519a2bb38a8204,0,0
bab302c77955ea2ec7513e955fb53533fbeb9c32fabda27f5e4f6f41cba0fce5,0,0
063c9a60535336d277eb206b21a41daf005b2b1049c5e635ad80364309c3abc7,0,0
e3217d1669d5ed38bd4cbedf219122dbf804ccf0e29dcbbd3a90338be13fed45,0,0
1f3a27d28f5d4a58d94966c7a594ff9e7897b0480330a1fff0910577a52f9e6f,0,0
37a3474153d6bc17e4ffc0d1c15f919a76ae78c6d7c54be2b67bc2df32b0dc5f,0,0
ce7c74399afda5a16e4c5f51fe79b1caf8e57c357913d9a76d386be62475dda2,0,0
8249ba4cfd805012d46fbfc4a03ffd23aa22590c58a6cbb1476cee11b0408d8c,0,0
9ab49ab2c464910857a7fdfa73d91dc151197fbcbbe371ef05c30bbae269e965,0,0
88e55783bb916185769546727b903e51b30a8810696a8372fb87d0c263af87ae,0,0
425ad2132d3e4132e1377a08fc8527b54a14e98aa2c272c93178105f82ecb426,0,0
3ff1c65efb58d4af7e33d2bae4ead348b435f55879bb4affab449f24913ca8aa,0,0
c913de4b768d5727678b291ac7d9f05425699f02ba05fb4beabe9f446f67dc48,0,0
d362936a84a6083b0ef36be42139dffe9e119a34e94dc452c21dc39fa0c2e17f,0,0
1b307e558679583c7557a44984634bd8b5324ecbae4d260b374dcd670cde2dc1,0,0
b32d9441cb37853d34c2db280fb9b9196ec2e2e9a76705d3a44bde6cd2170b9b,0,0
673859bcb4ab85a51a270135932dfd9d229b2d8338d581c2677bf7b7113f6fb9,0,0
f8e63d831c940b94c8f8bc746bf3998a3fccd6de85ec2566242fbdbf2520b270,0,0
9dff6eca00f3e311bcc8f3ca2734d79ab59340eae34ee50704d3308355b61adc,0,0
a19932e898a50c43bd3d4f095a20d3bef6fb7c47e0e149e628149a237414832a,0,0
f631480f93aacf53a75dc209a4f1b71cc235e8454b85670b09167312bc715bd8,0,0
03455f2befd33696f8f5e6788c44358a94d4f49014f285e0384b8bf6e880ab11,0,0
b471b3d2005397ba18a365c32ab3a895b827beb8fcbc7b43e495f237d07059f3,0,0
953c878cef6a38360b9d0244e4ad8d5faadc57aea9aba29729b24f2fcdf74c2a,0,0
3a2e6c475737bb505faec4ec5778a8211e375dc5f3bd03a942dfb68272701313,0,0
931e317f6d0291022814ccfec022972024fae7b60b04f0d57dbc35abe0f99561,0,0
3b92ca51335011b75645b293fc285451b4b5357a827361aa84846570cd50e4c5,0,0
b19fa9d09a5841c0d1b7f91fb32337fcede486c06a2c83280d69230423290a6f,0,0
ae2d92cca10cb2238e069cb70010d11236c83128efc6703a81115f6dc530d1eb,0,0
e1f5279642e61b3d4ebd06cd3b045c6a6b7cf664b13842de9e5467e08b8a5a5e,0,0
94d75d4906fe17b25748eec26cd847dc9a2bf4dd496216ef138e97fda2a9e121,0,0
88284633f6894a6a2efbea26f364a97bd19571b7b174d2021aca99bf52583f4e,0,0
8113d5028ddfa62145348613c35dacf0c30b102e1edad398cb0a7439562a10eb,0,0
479ed351ecef53b1617970a2662bbf95b0a333773ae330dae055b19384bb0132,0,0
a94b60b6702761c722f282be8a098b277db2b3ea2836c810908c2a8c9c788c1c,0,0
0555dd4be33f46b3c8ce8a5b6ecab0384215e185a4d60d42647c3d9a70e70d9b,0,0
ad8b5196d0074958559bd7afb58a53526cfa895de8e688c48f970e2e017b4258,0,0
9ef77d9da807f0f2daf96f9ba0230165f6b039157c34b3b5a809e5b1096e657d,0,0
2398878ac2eb9684a87b0b82ddcf7b05c66f44bbc54f213da77034fe49836144,0,0
3a61db52ebc5f7c4651a0298a6011f4f013728ed034557dd17dee35792d9271d,0,0
59a2d00de7d623e706125bd915717eee98544e38c65147b00bfd53fa590ab3ae,0,0
542547ebcbf2aa3f393a710dce3fd874cfccecc7b596c56637677ff2e7b4569f,0,0
5554a6781e042a2b2c1958554c8fb731d887c155160111841ecb4b1c2045a6fe,0,0
6d6fe588e995f54e021939ca18d17a058b0fd678f54a6104e8153d588c3a981c,0,0
c82b0dc368ad8720f7ca28bc8cbaf01e3e823a614ba157e59631c0c085e8bf4c,0,0
9bb0778088229a0f9f360e0b58d390d3b9653dfa790c06f3e3b13ad6e7cd2595,0,0
8e694a7f47b0422488c2c00193b779686a8527b24f5695ee1b9e10b4ca58106c,0,0
4bbfd647be10fb181ac715af26466206e6f79b18ebebe6d200d4bd2f7e72dbb7,0,0
2a147b4cda173afc8ddfeb9f17b26ed887707488c1c0a4246af7510f8aa02785,0,0
0fb2c76c8b491443befeee6f774c0dbe151546756f0b452f3067faa4d98f1cee,0,0
df23985c042e9e191e7457948f19fd13b6552a9d8cd25512d94ef9d607f5d821,0,0
f503dbb81f02c00658038ee2a3ffd8712cd0c237c16ff4de70e83a402b6a4b88,0,0
709f53a412b5dcf937ae3d80826ba0d5e2217b876944429fcb37bea92552963d,0,0
cd674a5faa2bef809c4ccaabf606f14b8f6ec3687536a10a6d3f85a4cc91e30b,0,0
038e7f218eefe84620bfee03f68876a9de06664df7418cc3d8aed0a4b298566e,0,0
04bacee2308bc90297754a0c8183b2c27301f81a9d7cfc0e827818b80bc9628a,0,0
93120114df59c931b90e1e243b90674b86069fbb9c13b4754835074275ab1958,0,0
a8aafcfc47804ae8a00ee14f2c861b4c97a8b6d0dae1c4d0cd405b72dad32698,0,0
b1365976d69a9cbf5a26f9eac97bb447565588be8410ed1dfc4fa98ff7e4ecd6,0,0
2dec9e989d104d108143f48ea72dd4aad2b2256cd6ca8d3b3521a48f3034b30b,0,0
cb4da870b4c2e2813c67748be2d61e9a48f48f322f97b5bff0823ca05f9607e1,0,0
f6d8ecb457973f2bfe1e398953105779faf8fb689cc8b9972d00b9e9e50abd74,0,0
7d4d22a2c84c348d77863b2a491c19fb0bf57959f7d9476463550c8932375e7f,0,0
4c2e2ef1b753b3ff6990722c35c3009ee542c118d86821898d972e56170d46ae,0,0
6af740c7ed18ac1ea77171e4c2c29230f74c7c608e260d65b316e3b6530f8a31,0,0
95372a14c167243f65d9c5e9d27e313fb2d169e6f9e31eba45168ad2b96a5808,0,0
74317ed76c255ee86f4d1827eb9dccb47e4d936a0c2811d621694b75dc1f1f3e,0,0
3e53ddab2e06592c27fb5dd362c662f17e4bbc5dbd519fda032d04156356580f,0,0
09ce23de11451d5fae955c6d8e74e7ba5aa2fd542625b647b9859dedc010d746,0,0
f1a740fe4972acc30723d9387b98aa43c59f70d034d7ebb045f87f73fe1dfcc0,0,0
5a33a82845286a0e3e7fe25e17b7fc806597ed6b83b24267186c39333dae5820,0,0
14e8d0bd6321f384e1faa006f11ab2a90bbc8ba0adff8634d023713de9d1b7f0,0,0
92c9843871928c703992b9bbe110ac980f2ec59e3ed9cc889447766ecc3a36a7,0,0
39e725b5e8cbd08ca8378ad0021175db27cf527a5fff195c4012f53b205b6c6d,0,0
beb79de3cc725b6465eb8e931c27d9a11c48d81e6081e7adff96b8b65551a60b,0,0
156f4c8e01f3b9fe7c379758c7ba22a0c60c83dd9bc3ad485eda97eaaa886bfb,0,0
95b34cbdb19b201dc3e719a6130953b5d6404b9e5b524a4335de2d2ee4a30578,0,0
5fa7e93fe6bd1e511e77267faf833beed06f3d542a8dd77547b19fd7653476d5,0,0
7cae8cc5ee9f182c950d722ee62837856d6904cda2e1aead48cf92fce74f1cc5,0,0
c02e40a1a331c639dcaab6440e4c25a9a94e982b9ec1780f920c13a7acb47f44,0,0
9d16d9bf3b21de624085c6efba41465c06680b6ba13bc1f3dab41a6b7cf576d6,0,0
9705b6d58a7a068e7515ed60096da05cadaaad4fb1fa9f3be6f878a02128cf16,0,0
9d5f70bf3f2dda6bfea1aa21b310867919b2b5b5b41612335820e5d818bb37ca,1,0
71f2304022cfd7627827245ea969064544e984d0aa414c6ccdf42ebc121a0b59,0,0
fd15da3ca7144e77f1203b431dd9d5ef7a9bdbbae736851f25b3f8dcd619550b,0,0
6c1c421c2536dad0627757e0c8cf652b49145b6b89015da98115806e5da25385,0,0
8f3e6602c1aca1a30b250e4ce94811c3f6e4e5265030f3a5501585fdae8220d5,0,0
964422678de587676cc6a79f1e8d24f43ce3687230357a9db4ca012f792262a9,0,0
f470a73e5b6257520192f12e15b6ce06d5a22508526e67c83f1228950eba5ca0,0,0
fbdc08e172a9dee73e1504ef1be9cc86354d463c2fe19bd9098ce9638b6fe222,0,0
59c217b3728449f23a4d7ae463bb4c6915de821dc4e9c5e7b2bd3b8433429e25,0,0
eb4caad2512b0413d9994eefda98d0d0fcfbe66dd8538fa10197e068a780a9d7,0,0
a66e4fb3d7119572752d81ffc928b406067e69e5d22d9356dad4f3754d6166e8,0,0
5840ce3a2b45fce01c34f6564b3bc192ef26a8fa55c8207e638fe489c5ae1a5d,0,0
cf6b15d06521aed9c312d289c52eed50979836ed5c52d7eea041d294078896ba,0,0
8e7f04d7921df7cc70400a446cd622e58d1c1f8d7cda9fdad476d9715a44e349,0,0
217a2b4d05038cebc33443410bf8ea9febc52b10ea0eedc474dc19a802039158,0,0
633f9de8827bf996a2906e506ab6360a09dd3bdfe4092dcb5ca13bd1b627aa9d,0,0
e2bc07a1439203d7263524ab5d6e2e1eac3d003045372b0239e75c915790759f,0,0
8a447d9493f189874818ee249ac743124ceb4be6b0de925cafc01775315d810d,0,0
5cb9b45ec845ca0697121418417972d8abddbd647b4127d01a25902acb09978c,0,0
84b53bea905a81dab3b0c2adb0be45f8b2811649e40774d35148a327a5fece42,0,0
8d71928d21836ec109c8d50c420a22354781cfd833d5def927eecb8d4c2e06f6,0,0
f54e7cf5a6d7daec9c6cd86fedf5e1218f4df65da0753685438e3ec1ff440d62,0,0
7270d4eccb29b5f25cd6dffff4a94d4a87621ed3f70b27930f5967b081ddd728,0,0
ff5e3436c2b22d6f40c29b0a3f4b28eabea54a31fd5519091a321e1c1c2e23e4,0,0
fab70bdcdbc7e68fdbb6c7e8efcbc1aa6121b1bd1e023ac6ebbba67751b343eb,0,0
b702f1a57b54a3fbae68b4d4b9862802b96273d272be5a577aaa64f4d7ab7ead,1,0
ce5d3cad6e0c4b0a4f406cf4f51b680b46bd8477db5fd0fa4cdad8d1247515ed,0,0
8fdc515beebade25fec737c3b7e1b0d74ec946e01202286e1be3bb6c4c865a3b,0,0
4d0fa2ec1777e69fa0bd628a24c5c21ad5ed977ec50885ac951d6bf24021b575,0,0
7f0808d03e00729328256a20638a36a157a0337160e005c990fe8b90f7ee7dea,0,0
6669663a81301f9c538d019c5a0fc28156f1ca145f78bd085c7e3406e8c6b5cc,0,0
e4640aaeda0abea0a0958878d29eaeceff780870cc52b0c8fd80028ce75c82bc,0,0
60c2506c42af174c8c5bb0936c1413c6cad1a1042704c5cd0cf419298c851f56,0,0
629a9951732d099d502c6ee33169a45b0a4d31fd3ce68d48b2f16b746f3c31f5,0,0
1fbd0ed25eb6dbe76a131fa4f8c06cda8e6c70a11884737b086e9034adc3f431,0,0
23c379bcc89cc6aa4293d4f455776f3a4ea02e468648770c7d0503c8108a3e5b,0,0
9792506632f02e3ad159d0d01bb3d3d1f8bd91f9ba16d60994c11f8e72c06f57,0,0
9de30b99b0aa67c4a1c168f505749269b63179d983c0592b2ba7217c2f142566,1,0
50cf18c5f818431148d25cce725cc5f37cecb8f20fd04bbfdf45158649b917c8,0,0
691ec0fd654e2713e9be43fbe9d4fc2680d5b373f6859ebd14eb727181c262ae,0,0
e10915fee39c57d6d3fe14cc94a84fe0ab25e7d0c806e79775b0a7ba87f8ecb9,0,0
bac4f29f98012d9b3ac468865d0d6406ba35aa7b8fbd4b6f71dab6bb4c5efb36,1,0
f2a5b4aca27143e2c1661f5794c8887738ea30d70f2ac82333c1e764d1ae0b86,1,0
e62e9c07963223ab151082dee965fce6e11824ce404506cdd7d056cf937bb4e4,0,0
572dd3427c78b88379b787d7d2366f05cbb499961c3bf500949087b322329c55,0,0
aa60ab6e1712b4dc21ca164229141de22a5f003cfd1dc53c51438c6a39b9bbf8,0,0
62dc737c1b717054a3fc33c4af52dfb08282034867934cccdc8b4d2a2f1a2baf,0,0
4d5dd3f4c47d257c5b19f84ed26a7c017438d801ab23366be82fbf5b16a13581,0,0
f9d14c9794c5ff3a243a81912cdb7468b0bb86294dd57bb905b82e945f4598e8,0,0
22d296702ae883c29b80c1fdd5df204d7fe6e408e0cc5af62248d0ce94ac041a,0,0
7d689704937ab3676d541188ef9506de67d99b9778e15a8233a10449ea40f726,0,0
1650d49a735acca50ccf2df2bbf9305112b2fd477955b7b76d1b6e68c9babf85,0,0
3db3f3452df6b6c4cb3583ad08ed71a74797945d7820507f3515ea6cad0e5d22,1,0
9c5f17f61a286c5f34f60b5b2558f60f375fa49bbe57987d56f48ba0e2e26247,0,0
248a77d0934f3967dede785d70b3a5ed3f5fb307ee82f6a4674a1b9f88226efb,0,0
47458b4d269bfbaf21fe34f586be78c41dfd13861f40e9ce8bf1f1e16fcda631,0,0
92d2c6237511684f5bdec038baffd5bfd373671662e50fe191412d4f1ec70aab,0,0
10c0af22b59f41245f7b8c4cd9308ab0efc0cab703b64c894410022945b93563,0,0
f2ef8766f3f07f41d117b53043d33b54c5a02d398fb3e31f58e3541424cab3f7,0,0
ec950188003b857908731019fae23dfba1b227295bce98570d7bfde6f3a7c387,0,0
80c61ab9ffaaea17dda58caa8a270ace4ca868b1607345bfaa34c2eda4ea4817,1,0
dd8939f09bd24c50e1685a9d1d356977fab309141301f90c4ac16becf40bee76,0,0
0bc8702f97666606db34a34889756696904613e1d0ca4e508c21c11309ca7cd7,0,0
5b5634f91ed293ab798b1504e183662f8fbc9d0888d11ca109c2a5e0424249ff,0,0
1e52c51265fd7c056f81bd0a95d5b669656e0cc8ad761e9db95697a13ba29d66,0,0
ff149829312d36c9240d1225e58ae480678ec334e7645b75a0ee3b14e850ede0,0,0
aaa1f2262992ab92bec8085e42b974bc0af1aacc368afe16ac5d8b869dbd959d,0,0
c7bd30a2f5c5ca2da003ea7918d73d8d178af9cc4427712d536718bc8cf227db,0,0
f2037ba72f92c32c6164313df888def081fe432bf7f59f7e60e16141c925184e,0,0
38067442ddbf06806f4413f6ecc8b78f9bf0cadec7859483cc3d577260021a9a,0,0
df2ef4f4dc9162d8d3a97b8d865040577f6e60b7359d093892fa90f5b6d13790,0,0
871577a71a1ffeec44922acf990a43cc2e0b48a1d964db1c89c7b5b5429bcc73,0,0
bf86390043191f66ab43ac6cbcab60390140e3d5e554a17e68030cafaf06d185,0,0
45d5b39750da9311f01b711ae4490020a8f997a5894ae02ff572b48355601763,0,0
ef076e3ee380e04ec8d256db737058ceb568c4a13ca0fac70215a91e5d21e9fb,0,0
29070f8d369b2f62b4f8a4751f83d1a5be2aadd3fa5b4ca5e1a17da76002b1b8,0,0
9c392a39fe0ba398646d079ad922409e05c828df730a7571974317fdd0afb89d,0,0
a5976ced859c0a01e74aaa91438a3e6853008e493252fc14ab64e3f1a5f7e31a,0,0
ebe99f8e518ba4587bee192b3c6fd18b9b5ccca87df43f2322875a65f98c6445,0,0
48b027c7464c7003a6cb2a0d94ea5d7b8962bf7f5f02dbac2627ac86b8c76962,0,0
ac41763efc4e4cd7aa126845664e65fd6654270a7e178327993176b2d536aad3,0,0
f86b0582971e9847d52ef82cf9438fd4a2820218673e1cefb966969eed4c2b74,0,0
f7b9c9ffe86f04a72336ee226e5dbb9fd844cbf0d177fdf041cab5594f1d5496,0,0
a3c258d8487f099db9bf747fbbfb42b5024c1963f8533c66aa51eee881a5426c,0,0
a24fbb1cf38bfa0496bf45fc831b7932c0d6fe6b20efb268830f8d679f192d97,0,0
d894c1fb112829457f353d7bf691e1ace40d5ade1f89adb8aeb592d44b63d4ad,0,0
c5b41497a0f1a999e184c6345c754fcf066a4d4e4c623bbd8f56525e2bb82c44,0,0
f770062ef00232b5f4d5bef9a20bb1962ff0d6c54cd58720e0bd1f2375e8ba0f,0,0
a92084c399202f3b66d386a849be0ca35b153b86a9c204283da44657977684b9,0,0
e317b3e5b1b624cd3b5dcc1dca1c83940bc4ca21123a2e4d2c2b3b331fff287d,0,0
67a91d55eb10af25ab30d10fa274a3e2a9183bdd0d999ea37aa1a1d7775add05,0,0
e3514c232b998c4e9b01ef7cfc5ed0680267bd75139b8b68b75a9e4c7c255678,1,0
1233578311860b5f46559ee4283d69c081ff5be2593c34911d7ac32930f85c2d,1,0
cb3d306b1c815b265216595751a147d38f40ec60af8ab77fa3190dfd6656bfec,0,0
2e2cb8770ec6597ef0cec8ae3b3ecc51ebdd7243945c9aef8e474aea900ba3b1,0,0
239229d6973bc4edae1599094fdf82ad18a4cbe17a78f18d4da22000551339a7,0,0
ccfcc80e60ce8ab3316af02a031675668d11297e6ba6b4f399bfab9066ad5b20,0,0
c0719f1a338d6fe4ae826e42c11e8a8339e95575c12cd10c827c3d5bd3967851,0,0
b5cb21ec727305e13591ab91009887683abd1a6568a73707707faf4d8534d427,0,0
8f2b171b7ef256b5dbfae84108eec8630dcd4df13909a5c1b8490aea5b0bcecf,0,0
017da6c794bcfa2c7f1f00adae06f9fd57b954581f0543b3fe0cd49ab06d0edd,0,0
5a188d6098dc31756ecc505aa9b9c337315371e198a2096cc1370d24ec756bbf,0,0
fe91d9722cb15b91c765499b5d665eec24fdcf2b1488b677bbffa15b28b4b52f,0,0
4444ada6e87a06330a445facca0c75132367613e9d71535d0fd1464396b12126,1,0
40c70f933922a186d5ae2def1b1b5d11a88f1e06f0fe3f18102ec347eb506999,0,0
6083f468252f5472c6126ea0367183d07b7657546e8829598c7fa76552261986,0,0
9ae631588779c0b3c48e316d89edd32abf06fbefe8eff2a20344a36abfa5795a,0,0
335237b95faac276a99bae2f4867d2cdd2795c079218e9102fd1a1ae087ed028,0,0
4dedd4d164f4e84c13102370aef7a80bbf909fef10f157f0049b8296b0c7ab9d,0,0
926723662978f7280883b73a091217dbd2786867f95205c2aaa503ebf0370da1,0,0
531616db7fb8cd7f29b3d56d9ae8389b621b981f6a685ef1bae243128c1e7892,0,0
0f575134cf1b8033a71308437e15489f9f0d500e94b238e2428c2494074b253a,0,0
db4025ba38f2e801aafc6af19d52d60c2a2e24ba5a058d2cbbce9e8c00ee2dc0,0,0
45f1846ba0aad323cdb28f1ed3866502d1b2b46dc10337e9106f9045c927dc4a,0,0
56f611a96856fc2d0b9e6d9871fd4cb3bb5e79dca5fef1ccd0efbcf11b77eddf,0,0
d98b7eb96136951b614f436616e2669437b63c3a37a21501867642d349a7454a,0,0
b3439fab683e3f18728bb6b2639d15286df60c4b2d145e50b7938a190d27a3b2,0,0
f4bfe3f059c70ff8a341bc9e8d44ecf1084a0d9ce4776a82cd039bb3e2eb7ea1,0,0
73e4af550e665a91a07fc0ea776709c81f2a8f0b589ecbabf530ff9f0d238a78,0,0
dc964b64b1c74974f79416fc02f588b3ae89e530de26774b8404e2fecc7786a6,0,0
a7722bad068ce4eee1c52252d617b2658674cd29e948df4e2d7fcb0036d422f1,0,0
871460f3d91df07e704b9c6e5ab0311a37dd847bde884be4f866eff18d2ce2c9,0,0
e119fd297483d3e427b0b3b420c1cb83c5189d9641b5ce9913f6333228551cad,0,0
63215b32eb3a3a3d551390df6aeb944006c26624b175df3bd4cfa0cd09b56a14,0,0
3e82bc9af73b28c94d99d7dcef0bbe0745ab0bfd6ee6f9e9d6f52133339709b1,0,0
a86f1d97e7eb8ba0a54823901223a19b75b9d5bab520198112be97c2db7392aa,0,0
401651fefd7a8fbc0a8499bd381b4b70276a069dd74ae7cf74cc424b07817479,0,0
5bc3445bd8d701f42dbf5d285ce0f0d8c1943ccb428f7c4ff27fc5b9352007ed,0,0
2779ccc38e74f69bbc781456a5d05b9588ca8fbf246a8bf74be92ebd13e8808b,0,0
23bea92664ef9a487e48697d7c47a9544e6f4aef4b111e2edefb6fcbb9c14514,1,0
3bb9babbb6ba74d4101f1d84da159014b548fb674164078c1a755ae401c82a02,0,0
ffa1f7e92fe5166947bcb1ab628b06283872063381fc5d140e23f2be7446781f,0,0
a844c9bbafb5524216c7c75ebbf58b0a439820106bd64f76f7bd670779daa478,0,0
af6b5204e90f28a933e615546dc2f879ea97b71eba902e90a1184689bfbadf6b,0,0
1566a8b08c956ca6a9395592ab13232931cbf9bca7294270911baabe8b64a118,0,0
c1e8de0dccb2334bb943fc55a2f6e7372c554b7e3b84a00ffba1755c79f1daf3,0,0
087f66897a9c1895b096f6e43cf624f3832f095e8dde89186cc0558c5ac7dba8,0,0
bcf05a57cec7bac2a4b567d4438840b833e7b9bead35a26166ce46fec5415352,0,0
ac3a58b12a96ad022bfe79ecb83bb38113fba3fb84cd27cbf76844ddd6c188d3,0,0
e475d92627afa4d8edae5342da7ed0bc1b3e812c9e845326f6783230372f3b06,0,0
b3700f0aee125e1cc55c21310e1e474aa29ab15e8239ae661d64e52c1cf7e9f9,0,0
da87aab3f35d7f5fcfb86fa06e512f978908aa1b668d680a789980f2989a7405,0,0
125f7974225567c8d4c7ddfed5e504ac8054651b03020b3fc0ebc822a78372d9,0,0
b83f9cbc852334225762b8b4e4297443619c8a1b9e425c7f4b38956eb8de8c26,0,0
4b386357d6a0f2216c5abb49381a86f15f21563a6396ff56ed50c927ee77780e,0,0
2008e23f2a9daa4da971e61bb72d17b149587b7fbe32e6b39bd211ab8be47b00,0,0
3734af1effdedeb0ed32f698712852808f7f4b136725245b9111a11c53c5e6d1,0,0
eb3457ecbb5307d69e0723d1d48bf70ad9cfa9f948f1b4d01da56cee9c3eed0a,0,0
4382e9e88e63c99cf2bd5483bd6856e480b338f42ae05eb1b4af82387f08858c,0,0
84f7eb27374d8322dc215aebba331d8c0e2e48d5defce167a1d4bd4b437cc8c9,0,0
753fca5cd51f6046a408b4f9caa5c7c6090c095d9414338f5e92f998d52dad09,0,0
ab1d5968b7ac2f63891873be120fa72fbd344f0424aa2510b4a8ddbab5c6d379,0,0
85a1c9ec3135ddf99c388db4e26dafad2539775a9001879e0328533b556fdf98,0,0
4c32e556576599aada0625d99cbbc0e09878371ac5a81c87c0df4cea19f7b7fb,0,0
6d25aede24ccc1a142a3bb0b1ccf1c75873ffc0b006be2bb85ea80a42ac32d16,0,0
47cbf03e34f28af09e3d74fd407f3cde727a1be77e2508c77916d93c3421f803,0,0
a08b4eedb031c463f15999ad25af4b657fb9ccd2ba1fc5fab3e7ea33c11b8845,0,0
260521414a7496b97eaf763f8dbfe4414c258475d7d440a00bcc870dc602688f,0,0
afebfd90212dfdf5c76f6456c402a4ccf6372f1f2d7db1903de5bec5b15ec356,0,0
83ec96d11069901ba61074d5774bd6c82303b7ff264bf23f34fb51ae576ba51e,0,0
19e13559e8005fe719c4a755076703570daba03204c14c6d1469bdb906bf5507,0,0
d67e116a09f609cc24016a7390e9dd3c87448b67ba061ceffbd5d977953bad0d,0,0
fa0ecc4c0e7d875dd4edbfcb985cd5df2b514099d7cda16d0736276048b14f2c,0,0
6e9d38a0d12ef9a2b767d06535d537809ef7018511b2a98fd6f87dc96dd8971a,0,0
582dcc7ca5826e477b10a4e99752f10351499446f4632c9884da235d17d8210e,0,0
6ce3e796d2c1b127ccac84ba0058f7042ec72543da58579b1e6adb63478a02aa,0,0
b1ecb3aabee1e69298ef81206f684de8bb541f86a93f83ad7cd1acc67003bca9,0,0
4bddaa7dc25fa2c5223c9934eca0a3b25c156d4c54abbbf46cd3edaa38431e1a,1,0
032024592f4a4a4206cfe737182bc2c87eb90e81f051cbbe5aebea0b58b89d12,0,0
42c9feb8e83233f8beaff70b11dbcd18b75dcfd6e2923ccccfaf418844b8104f,0,0
e53eb1ffa81e3c7e1549e848b449e745a2baafeefb18f8e9b31ae52d3dae7a99,1,0
172e2d74a845805ce94c576d572c9d5258f76428fbf8a1268dbb8f89a7ff321b,0,0
aae4a3b0951b0256e234e936387ea87c2f1730c525fd0274f6f34bb4b252f0b2,0,0
72ac0e61b35eb6369828f8bda8883788512ba4f171144b7ee8fd5e4165b13467,0,0
46aec2c1809dc5ce732f75b669445975eabca53a05b61c412e4c631ceb591b87,0,0
2741f57bb007005fd4f3dda9653ae031de7e4fb3de60d62ecab0f849456a0a25,0,0
4a1f86c3f95cb1eaf3b14138e3b2fbc761e2b1d733a1ab8d047fc5d29e7c8f71,0,0
543b63b5029d89d857f7fac07d95861de922146a9611e6d845fdcd8f24050532,0,0
e0e8e941a8a22cd0ccf01b546f873e411b6e68fa2cbbb50751f61d3a18c56cd3,0,0
ee8cc6c3abd445faa9f657e2f881522426d6c899f04ac5d8d69c222e40a38de7,0,0
c4cec7163a0b15e35e4c7f40dec642cb4270cd5f7672a83fc71aecdb54d3fc34,0,0
1e7aa09a56398aa16f3b217bb2ddd549b623ba20ab5e067f02ecac4876c04b4c,0,0
b3fb22bffaa04935ebd924c86d0931ce5efa5cf14094470746e6207093ba530e,0,0
7d5e4f0439e5e24d72113efa6c05160884d5999f51a15ee1d4aacc29d8418afc,0,0
1175c9b487deb003b39e3b50bd3dbb8e1407480669c9680ff10b61be43e2d3db,0,0
0bffca1ed8b663186e3da59e307e55799606c5a8530e129849be689944e919b9,0,0
e5f2d2d9937c58a7e182faabe1c06d2ab6cd918af467b9103d5b0cb9b471d6cb,0,0
c351739fa58a5e14c5a61cc13c525da577812bdc411467ba344788f0b0442465,0,0
23af7cedfc321c5744485941ad3f73d8e02ebd5e2415d53651a39c8bc730d179,0,0
38ca2692b3f9f846f5b7c139fbe255af2eb25be769b7bc7dbbc0d747a2d13a57,0,0
f78c3e211206c56a6ce46a2146da2bc22e93b94863d8f3ed22772aee7755b32f,1,0
18312bd8adde78354ddd2d1d09b4ba08907d415097796edce327613f10dd5fb6,0,0
9ee5927c36768efec449e56c3c0708923f1cc12ef1952aa74e7d2b593f01f1c5,0,0
58d7f3c95142d9622cb4f18c0f06c4fdfe4d504bf5d4ed5eb8285bca24930842,1,0
91bc1c85aef7e9de645a38620b9591e408957686cac24f169aba5f77fb0eb639,0,0
9d9158a392529fb08de81122e992239c4df0623a05b7b5eb29bf40415dfdefe3,0,0
a8cc98ce3933846c7fc613fb0a2cdb0589d4052a21cd3a10a61bf0cc566131d3,0,0
1c6ff8d9e179b4b73a69de9714dd6dc90e155e9900fbcba5b7cebf9506f98efd,0,0
c1e822fd5c6fc1de0ef17c9a1ecc952d28918ecc7bc3b8183aeab3cd4922b485,0,0
8d7581a5630ce86dedb14f5e7868bf988bb9117eac8fb2b7e9282a840087ccb7,0,0
fea3ed9330bbfcbd1966ee3f1e394c7b32ffff846584c0320ae5082096044888,0,0
3abe8aea547a917cfa65b99ae69d8142da728546a2321ab797446ecdf90f486c,0,0
db0d9b43626b0f4e66df6b037165e74be17a38c2673689f1403d30b756711866,1,0
d938fd931ca7469fc5771207f7e9c2cc2645e889333e76b4561ff73a7ce8b15f,0,0
10fe5bb83285a3b779057531fb99c4805db647935c0dd19f65b204c944b5d4d7,0,0
5b477b77b725e7642c69427a2889ba8ccee1e285d4988429c1844a3ef6b8a059,0,0
0d1eb0fea5705926127cca365229bbcb5686058b775fc262ae1f6ebda69c3e5b,0,0
770d32953ebce9b12802f18106eb4891b5c9b032276f2c844cdc7880a101844e,0,0
eb63fc3bb8db72cf2b9f03b0d6eb145b152f1f581aaa7203b76d722459380446,0,0
6f14933386c1f4bb37698e21bee46ee36ef6aefca13e849e7be684e9412aef82,0,0
76fd327e5750f6eccb4b9f30810d967850a2ae60a965c1e923cf6d855155c16b,0,0
30cc733a8da57a33c02f4a25a81a72411423502826ae9f64562a7610bce4c539,0,0
4c599bd43d388b4ba363d648ccf211e81a63713cbbc1ff027a3e1d9bfe10ae1c,0,0
c17615e058b9afae83cd995c076589b0581bf6e3f475dce9a364c60bc9168c8a,0,0
9533d3da9bd961b214f8ce5dccf3ab80a5e0bb4569ca8bc899e7d433b301abce,0,0
fe3dbad33f2136291dc343251b83252980dc4dc06705f4ae1cfdd67f844f3522,0,0
e3f265aab3e01c9843f85d26fa5563e4446d9ebfd59b6749f07107be780d4f70,0,0
cee37e06d4403a3f6c4baa1db4c32bacdaad75587a0943a01cd51ed190086c08,0,0
d0f20b7a6a8e8bc72338e0b411f94e89691c7640f2eb0d838afe77e3822c51b4,0,0
5ebb6f7b8348f96bbab479820eea261a22f6849968d6363c612053d61be87493,0,0
943607e05fb433ad800b2498c33b7f0b222c53ad8b51512f482bcb8713002691,0,0
cc0674a1cfc0ef18d4e41a67aaf296576eabf6f03b4c0ed3bfa93e78b82bc67f,0,0
d43f80cac0f524aef8809e468c1dd5d5490f1e503b66260968bd7bd47ab1280a,0,0
d4c512f053eea87ca92ccbf55a9573cd2580b55482545f581e86a6fbdba6e5f7,0,0
f73ddcad48016be74a56801945bd9a82675e3d3148453390eef2d294defb1b34,0,0
c4a5423a919cf6fa6ea33e68712af0c09ad2e11ff3b625b0220caeae93dcd8eb,0,0
34c7c71c225e9ea4129a87638a2bf8f2bcefb79731d6a91ca6f74d5680050ddb,1,0
23acc97551cf4f7d06a550fd0e8b966b8fbd36a4992317acbf51883ebbdeb385,0,0
278ccdcc363a5e48ee3b1d87562c61b6a99d888bc598eeec4c1689f815acba4a,0,0
0a788109f286bb2275a1094c9116c58a1c08add1a9f0a112ff7ea58e8d5f63cb,0,0
6b241d77af959c8c6367a9bf1d5ed45b70e9ac8e413d501885ca1a0f4ffd1d7e,0,0
90be9b24c01c9f870a08c0938561a7d1d51f929033de9696ceb6f6a5abe70a97,0,0
c64e15beba04951f43447850d808c0093384777cbd0c09c414614220419fc0f2,0,0
614ae6d7ee12a83240983dbee30c32b561d3c841851096fef296c62924691349,0,0
6ac58dbf6b2ccac1e97ff2cacde8ea28fea25bb38db0ff3a947aed4a60043c10,1,0
1458e03987e95aed51381bacbb1bd4e9fa3fef3a5330c90704b1f07301eee9a2,0,0
f6d6cb2df5bf31d14c43a614fa6fba266bf9242f0a5b245c36e7ed6f9370bc29,0,0
547a10eb42d005f9c7a12888e68ef4ddc36a7ba686e0dc0439ac0fbe71e98a5e,0,0
de6cfad9cec6f13d4987a15a02a6bcf04ee205838068eca2c3456434d2fdb754,0,0
dfb1708041e6801d3a3f419579bb024d65d07b5680ac8e600bbc186e062dfe1d,0,0
876830cce3840911b4311661ae6d8c018f5388ac0d9a81fccaaff6d5e1c0f0de,0,0
5121c9c6557b4ebbeea745e4b7ec0e2cc9f4c58c491f3c8c68479748540a4ac9,0,0
66b721bc1eba0dcf51186f2b68dab7e0fff3d107bb0273fdd96e3f9d629cc983,1,0
fee8a2fe96b518c0174d66300e9d974b49fffc6eb7d9697282fb5817d91e7961,0,0
7ce390ec370015ac4fe0749df78e542896e3c8e391a866362317a82224c647f8,0,0
1e8de8216244888c2c2864d6e2f68b8bafffa63bef286291dbdea0b322ed60df,0,0
bf6b28f5184ef230bc8c681273588abc2d383f85ef29653a3132fcfa83e1a3d6,0,0
564338eb803ec14dba3dcd1894e09034257f9fb39b410b62aff28f2b7cea7061,0,0
ce83b489be2dc2971816d5e514903d2f2fbaa5bace7e0506ca76440047ad90cf,0,0
9e5d21817d97194eec4ac16bfc47494eb602dfd7435f680a500ffa871f1f45fe,0,0
c98577155e4b1bb41be5ed1481d22e5a73c7709f162624cd7e86f832df939960,0,0
f509d70e1a4d989f7c87c6604186e883a744293714a4bcd1d36d8c32a1c808e7,0,0
e0f0c7f0e2b2029603222737fc43ba9bd87c9210571c3edd7c46633b6dcc79b9,0,0
84a39a2f898d59d141c89d99744a28cd2cb74c7e4f00faa75d794ff2fbc385c5,0,0
205a6a7016e96dd1555d80cc54b9d068af5a3498c482e70582df723c4b05755c,0,0
e700c2ca8bdcd973f79b42df604265e5041a4203b1a016dbdc771a470bd60b51,0,0
e9b010e7ebf4a4e97c4e802b8a2f84336d1acf5c8777f7f02eeb591db52cc830,0,0
90eaf9d027bda2c39720a91d5f155c7013f3d31449a6f6cff363894a9885868a,1,0
29f0cca2c67ad8178a4836583ab229a7cde3f84ed1b67ebc87592a712cbd3d96,0,0
3159003f6ecbd026385aae00720cd361034cb7d557185455d7c870fc4e1f08dd,0,0
414603853aec2d8b9dbe306d11a17bda6972e85d9c98da2b622b30b60cf4dfab,0,0
faeb4b4b541c38fd8388ba154da72e803dad543780162456e11d7d149fc1f38b,0,0
ee887beb0d63360dfb1dde9d5012dd1a37c2f6b164d483bba14c426f3460416e,0,0
bc9ed84b2a7894e216a2e0830fd3fa8d24eb4455f4ee11e49169e77f82e01b60,0,0
9f900a8949d842ef351aaf6b54ff2481066da76f0142b18c35ecc15864c52b5b,0,0
88336f92925ff5b74b65ca57b7aa1cd872fc651da2f2e9a0450bed2f0562596c,1,0
5842b468a526f54fef5d89cdea15e27bc10900b2c406af6cb59970aaf3a68644,0,0
680629898a6586ba1397d618c08ec413c5db26c90af28ee2b63b9632b5533ec7,0,0
7367c463e2e83cf7f13376c4033d9342c2a84db2f1edfbbc733cbc791657ee27,0,0
09ee9c56c827f35216aaf7f5063c043d1232bd5ed9f23abab2a80a3ead47f7f9,0,0
878a24b7cecd571bb8578de026046fc7e378ce4f8c58f583764d5d643bef2caf,0,0
221ee6235b3e6c99041874f84d3c099b659ec2b93bd48ea27d33a9d541b11a2e,0,0
5ca8e9ffb2a670bb8ccea84f7a052589186164af12bd88b9e342903efff303d2,0,0
804c218e5bdbe6e85a1b3382c142072614b8aa1d8df0a9bc558e2cf9f9d210d5,0,0
fc9edb92e637f1aae923f1a9ffbb73b821af9be5409db4d487c5a0cac41d8969,0,0
7c76d8bd2245ff0f97612665d29aa45c2c37810f984e4dc86d2d353df9886213,0,0
8f2b4fc9aabfca4289f70a392181eba76dcb1d9f4388105b92f06b77077041cc,0,0
9fd2ef8102154f00e4349271666cf41fd797ef83440a39198c8e6e97f3a11bef,0,0
1cefd05e4aede1e2c2c1046b1217a11e98aebb1de71e970e994efd2db324b7d0,0,0
594708fd2ba522b6e813ac49c837b4a5a970bbfaaee6b07084c771ec0c7d50d5,1,0
1fcb968ac0ed34d5b33ec0e394b21271d81eab9784a5907a4338efa3d425f4bb,0,0
79260b7b7f46ba78849fe46a97a949cb312bd47ce101f1143db888b0d5e57d38,0,0
b7a0e66f38bb1cb13f1d30b6738e21e784ccb9d0db99ae2700ef977beb2f4c16,0,0
899718a0b1184e08f2d0febd474727cfa99006534eed6b664524230225d7f6ca,0,0
fdca70384c0e0def6d76423cb2efb46584f5dec88218b27239cb44af55be3eaa,1,0
100755697f5351e595f3819067ebe8e5a0f655a815dc9dc1ad2a5fa957d28faa,0,0
ed32afe049907f729651e4a1e0be0548f4b7ab9e1f373cf9dbc43d0778167c31,0,0
fb35028ecd5fc6c43b68c266cce3ba012273074c441ba47435360d325d99b627,0,0
39ad4adcb1bf23ddb22b967cb0fa82f4614998ff42330986f629e99582971521,0,0
c2ed6758516d547f79da87c2426fe9b72b43804dcebaa8c32c5714bc617523d1,0,0
e2ea4cb68c892622f75b499dae59efcdb3fab4e5df38a99ecbf4f18b38aac9a3,0,0
c3938de5d5cde731ea61e52e39ed73f92452e0853f6b41e42da3dac40ee2c490,0,0
d7e70c181258d6986c0466c6bf196f3b9895432d0c4c9e7ecb7d0d5d1c9527e7,0,0
0b86be39655b4e0cb7a70cdd295cec1725fa3cc523da77b4c6c86ea458b6b7a5,0,0
d93f0c917b354e1227aff1a017fc3876b7cdbcd7951255f23fd35842a50e3b66,0,0
45b48c0902d41a80b372f08453fb0b4d6dde2c8dfb9533aa0f0e2c37e4a8613b,0,0
2a28cf7ec0d221d999021a5e770c60c34be9b54789d1f3076afba6618534df9f,0,0
1501eaa11615244a7b6b72979935979a58ffb6ab21d46661bb7ccd12e31af8e5,0,0
cec34ea17670d3d8edcd08584a67abd1cda579ef0485d132fdd8b71074343107,0,0
8fe8e6f52d9da4c7d8ec9f8c36a1a9194cd741dd507bbf080d2a0af91ba57387,0,0
9f82807274d1ffac83ad3ed7ccea32492dca2d917d9bc57d53faed1695a52fae,0,0
5cac9ca88690edd6ba284d8928762ce260f906aac1531fe387055dbd50e1e653,0,0
2dfd1ca0273ee11e9f7241ec944b172839e2151cb6deb1c6e0ecb1da8e05c97e,1,0
d70718edfec0322729bf6e3a679592340082d763e36e393f45e2133faa39102f,0,0
46297f0f2d940e2cf886da36556bbaac3d8e4e4792c4418a012177614dd8ee1e,0,0
4b3e6ed79cd3351971c509540de6b23d94198f02d2ebd9ece6e2d8c96e43cc8f,0,0
ba962da8f12a1259444e42a5d9e4a26c7efdcadc22921dca66079298f78b20b6,0,0
666e46f92901623ffeb5d6db06ca0863e254ffec972d2f7953550e66f90b2b77,0,0
80ff5766f37ce9a92810b5104bd186b200f4c5782608c19ce78ed0ee45dbad41,0,0
a6e749b02e289b75875889fb37b59faa3aa6acc17a74cfb84f12a0f7f2b0155a,0,0
ca4aaf802b8231f9752eabe4dd9f2ffb94318c755259b9c0602ce2e262a448b9,0,0
c6aeab89bf3aacf40923b50c053397b0479915016bfc2402b5585f050498b82f,0,0
f73baf9c331511736893c14ec5a1f3be31ead3b5f8e86c5966a49fd1921101e5,0,0
dfacbf89104f0d853c2d47aba0a6fe77e19d7a1e408343ffad0d918b1991524a,0,0
aa187e248d0fd12dbe01c90072903648f4cb2415b24a6e83b467ee7960c0c17f,0,0
a677c5526af9de15105ba0a0ad3f49db70d1df7f205034316d08cedd39cd5966,0,0
86f4fcdcd5be8daa06fd28e5329b1331bd5af4bb170d7ae16ec0247a3d005b2c,0,0
812b7462c4f174ba55de118bc7147cdd394379556eb7920c72e6be6af4e08fc4,0,0
b09cf0eca5f4bdea979eb243f30280f74f1482f85614550332d25611800c8d3e,0,0
1c9757397a8d86a6c3633cff14fe6a4062dcc8584a82a6a4c3739056764a97e7,1,0
96cda4c82b62828d280cd41c152b3df07508d31450b37ce4f687f645a2b9c40e,0,0
61ea518bf0e82d0fa9571748ddc7ae687af8b246125066a4c4cc19409d064321,0,0
0b53c37dd3aa0faca7f3fbd190603eac9172e4ce0ee28a70fd9b06888ba4583d,0,0
a2d0ce9bff86cb5030146774090111bd1a110fa3d45b63d6525a6c462044002e,0,0
0cd517459c170b6ad5f8cfe762e072ec8d85dcc2e4de9b75b937073a12cb7adc,0,0
2db31406e18f599d3d44d444d78bb0ca3b32675f1bac685a2ef968f2dfdfaa8d,0,0
8c3a4dff4b328f0b1d53f899dda7bdb0e294070f024e9103043a35f103e52974,0,0
d5ee41d9619cce5739b6d34607eea5f7dfb8f001c1e2d74e42081c2fef4c3c62,0,0
a014e1baca3f804b824cf82ecb483ca6f9ae28b8464a5b1c39d25e7b426f4169,0,0
5befb3696ac566cb4d51ecda8d46e20fd438bda7612235dc6eb2bf890622a00c,0,0
c82c0ceb86afa868afe6d7b1a89e4ce9ea83c3a0c7c68f246ae54b88f44862b2,0,0
ff9f8b598728a948d9587594aa79b25c50181ec4ed00c833bb29608e01005541,0,0
c79a0adf1e891cccccb28c8ee32a5117163fc1e4cfdb7f907e8ebef848186ed4,0,0
8feef3f575c8929bea66f4fca68662d8208a7e666ffced84436d4171d15c6d9f,0,0
a4183d15391d550f3658ec3ef9f2879238dae658306f02e60080ddb2b9ac66d7,0,0
8f524def9b53d809fd20bb458a599fe00e0a01a84ed28506a4c87ddeb5131417,0,0
f9257115da86ae607b8205972468498cc5435761a4c408dac25ab8423a70a1ec,0,0
fcfdab19c3b9162461685644a03e6fce0cc718b261b15c3511d52e860d0abfe5,0,0
b2fd5636a77d28901a33e2ec32cd4d4093855c7bfd64a1eca2c9aa9371118a11,0,0
cf67c53acb218e656121a9fcbf87ef0ba226240a58bcb3f7d38ba3a746d85332,0,0
fe0f3da3edb3efdf50aedd9411444fdcf2c465fed532339cef7b34ba64fed177,0,0
5066b3da6a4311d7f8ada06ad9cae2a11b07ee63c3938584881644d140b18d6d,1,0
67dd938e82b70bf18bab77b5b7016110c09d00ca7825765f2ac8d0f31fce7be4,0,0
39c63d30953f4bed7af6eb4ac10ab8f7a3b1355f7f629787fbead631979d2ec2,0,0
c016f5e3b174be42d67f589ddc088f717117208d34c27fa843fa8b5962f0af66,0,0
d0c46be0d52fd6f8ff4d0040ee8b258d9495045c62134519b142e90616d0aad6,1,0
2db53e7e2ae48f0ca52463326f6ccb41aa24fe64a9a4d0ce297307a25a79d98b,0,0
028c3779c12e7309ddedf7abdfc6a7f194a873700d6d8d0ae591eaf20aca79a6,0,0
30e6ca09dec7a89547bf7fd41585b780045769a30b53c58b61f594832189e361,0,0
47adca38096e8cf610afbb305dab0bbf537f99de01ba7f813d2dd945b28b3973,0,0
12e89b2b96953f790bce3e340834bec64e95fbfead9342719e2ab13f3ff39bad,0,0
e7e4f6e1cc5bc892e4f64be490ac4762f5c5262b121e58c672ef9f624322961a,0,0
5eb626c1247d0a75ce65e4370cf8b4f7b4f236bf2fb7f5990e3d72ba3a587622,0,0
78907709f10401552fea78873ee4e63121c625dbb7dbf98ff9a7907eee590978,0,0
4c7746da41132a7539df61c4d3b94cf0be98e2d5b862aa2b83bf779ef9330072,0,0
e52afb666f5f771f1b08f948c6c9e01c2cd17090719698fbd7bd9fb438ab05d1,0,0
cc90d90c113ecc8134c19a85d177accce1ab052ebed9b6c8e498bfc5f324141d,0,0
571c8e39c0cc20b989c3b4dba9d807d241d343fe7e466743d923535b3ad70ad5,0,0
ce723ec94a490c227eac0a0d306c9e4a3188876afb517c552f826de17916a982,0,0
9d38999c5e281e65d59f0c0a17be967ce5474c4c173e3369add73a2edf416bb1,0,0
3d8892715f83d348f7d037a1d522dcf9526140cdc23f4990eb18103e35db4ac5,0,0
bf21673f08cd9ff8efecdc1c3aaa1a78d63dcf84c25198e216c5ca2cb4778146,0,0
645bfadf0ccf5a72ca00f20ceb88d434afb8389ac7915fa8c6fbc10cf5bc6837,0,0
f2a5ef9b53e98f667546c8a46d840cb9ba9405b90c2e96d691a01aa5b9dfe65e,0,0
d84e982ec8f8ff6e218ab9616992a65b021957b0719cddb5813c59435b594325,0,0
004b77b8b8f3f1666a5dc87a3508ff8c7a64de801a8d6fe006f3f5c3cc9b9f8d,0,0
880457f99fcb6f71508e5c4cdf0cc9be0eaa72092bd3937c6f80cc092c72420b,0,0
5bfc38fc9a429d0abd13f19814fe62848ffb64dc5fd0d9c4712888dd165666ac,0,0
422aa6c91a9a8dc0fc59da4f69b50b39c62a6374ef0547e513bd3a2edfa35cef,0,0
3fbb63e1dada2df33d9780352bf4402e0f4eefe4fc3c0e5d7743ef62cb4216f6,0,0
70bee3e908359a3abfb485c95f21fe80f4ec397bc4dec86dffe6d7bbb0d5239a,0,0
f9d29937b5ff92f780881390981884d5e99dc80ffb53111cca77eb5c0c03c2a4,0,0
cd520b171cce52a9e8c04184e176fc55ca9088597a412cea84c63f67b541b4ea,0,0
319e79a1a6bed597d436fff4ae2e8290313b137a148924effb5c9f80bfebe383,0,0
3a00062293985105312405b0f4848a82d4ae0ebf68a70446e8a81008fdb103e3,0,0
f3d582234a1f5e360b099b36497ef2003495ef2bbbf446e3d1409dd451ae0bf7,0,0
8a4d0cab3c3cef971060b3285abe586b1e9656f21ecea6e80b4f52251eae3789,0,0
514ca23d516f9a90b20b968ab3220105b906b0f92b6957669a891770f6ed7459,0,0
ae2701c377e78bf9ba92ff3ce617c46879ceac6ee9c27a5a8760752a7a9bd39c,0,0
f2b20a48ceb418e48a0e11513f68ec2caf0f923e2a81b120d0d9d3e80fce4642,0,0
b84cf92759a120f06ae74a4dd04dce387d5967548c20a3e6462d4fda694959a0,0,0
a38bf31674575ea751ecfb143f4d6a85dac943b205d986a5cbaf1ae1dc64f589,0,0
753003035cb02ace09b753fffc6e3f52bbf3669f63909d35530a88f47bb751d2,0,0
7553f3625e60cdaad5234432dec48c9cfc8a34608d44bed56038dd685f8ff5bf,1,0
3287b4ca3e98a428d907c5e676b3906097207a15547ce1548006ed5b153f74c5,0,0
91d293b416fa4d1dcdcf753b4b6fcfe89ca265b7c3118e9d2be5ef086b4d21b6,0,0
dcafa1367a8b6b4b6ffb26fc65c98e44e8e035b80d3f0e184b971fdaeec3b374,0,0
644cf8ec02d65364965017b950ef0f9d2e66ff7bc05fff421c6fcc20f6c04e49,0,0
6d6a84ea6bdbf39190310b64a719e100fd0132151ff9bb61ecf40361846672d1,0,0
feddaf50affaa697c4c1b4554cfdb2408e073529d44fd6e6f3bb53cdb9ba4790,0,0
47644482924f021318fd22f8c3abcc5465da54ce3281e7c93c49c4c782c9953c,0,0
b52477389145185b1bd0a7e936b105d7ecef284c904cc367401b3dd52e7e82bc,1,0
643ce2faa1315978b07ba2f9539bdb1379afd1b3d160d0b850e82b6c2ced12f5,0,0
6483deea6c2cc3d5b298a30af7668e061858949c1a186ba6a055f5d27ee04594,0,0
f39e8efb2be8eab4c4a5ad806e4eb6e66e05fccac91213d8fc8beecc186b9428,0,0
c7198dd34c1024559f7fec5fc19cd33e44be1a99c2411fed77f635306e4009bf,0,0
123f66b70ce41c62d92353d52ae9da3c576e855a240b490d5d027006ead5e2af,0,0
71feae52c02a7c3554e3ba725a8118a8d583cae352e1fd77a0b17069bfab7371,0,0
b265c1538c8888cb3d4b15fbf7957204dcde85e66b6a3eff8ec9eba591d0e197,0,0
c2828a7581a4488c1f09903d5dbb8e0604e80c95f2a0923556884b745c3742a0,0,0
9ca51edf915145b274d0c7ad8c9f3a2938b7ca4f7d5b023d4a853e3faf82f289,0,0
8184f77c31b9806da0629137accef21f725f1ba0dd93e5bd75348be6f8efe1ba,0,0
256a2d3a193805a41b1c0880f16c27d365478e47e6c17b6f1af3717fa2c4a1be,0,0
f85668ecfa4453f49a54f45d550b562bc76043391b9227ca10ff5e9163dd7cfc,0,0
f75d9ecff7dd19d7a0d2e1c8ebdafb1779befe44012e2fad1e669cc3bc58a1ac,0,0
4efa6a08f108d44f424350ad17c6b0b3af8eb29d412602515b911cc848e5110d,0,0
1886e16a13a7d6ea69ec69bd7bbf7cd93518c143b95515ad675abb26ca4e91b5,0,0
2a421d309ae978048446eba07743e8943f170cac6aa2f820b55dd03f8b52fab6,0,0
a77b5222d6d49dac391db136ed87061ad45976488b294bc3efbd9a6466d98a5d,0,0
940228dbce9dff3ce97475701c1beb57e401e24ccb776a66fc0cf509f57f5bf6,0,0
7103bf06d84477ad64e6b8f5f5d14ca1b3e616e7d993d5f202b2dd44d404a2b6,0,0
da883428922957475655a91ed6f772f7d0351109ecb279fb4b390632aa590049,0,0
e03088b726d8730000aa0e581bdccbc4e7447cf3f7275de118dfa3a1267c2172,0,0
229acbb924e776923281054acc45c218c88fd4322b209fddc550dd10fdf6dc94,0,0
ac1951b73a3cf2153ef65d86131aef34b3f2e231d0274451eb62cd4df0f71dd1,0,0
7574b67be163873ea37ee6a58dba03a7703b38f465f900bfa94185f639a9de2f,0,0
f96897fb36df8fe678c5fc747ca8c5e48da2974d4277b331eedd98a4cb4f4fa9,0,0
c034069719c575986bb89a61f3b588adbca1dffe67794d4c46880bf779bed59a,0,0
a2a2b3ce256ea3843d193f0108a675a3e163190c27dc277fe2359c7958b615ed,0,0
d8fcdbbedf0eb1edc7d9148a30925dfee370308c66777709ad033ff3a0f8f0d3,0,0
8c3f4cb43f11254f87bc2962be5e929df7080f7ca760b75db4bb724c97a76db2,0,0
2f2396eef29aa395f0e7b84f83f03ae1090be1ec09c0728bcedcb598fecf9b2f,0,0
7f5b528c2e1fceea25222715aebd4bde3a32fa4cee8c95f81773ab7b5d048475,0,0
8a08d5b90467a595ded31ed024225d44d5ae78b6a028085b9e571449e5d7e31a,0,0
ac558e62cc05820112cd70229770f7038e2606dcbcd37f72fca732bd27f72d49,1,0
8b71670b8257a33cbd224f456ed166fba3594d736bc88a5e0bb02783de439f35,0,0
ab01e2f2430d9eed7487c77163f989cc5d7f33c02db69ee24b14354873a7dad6,0,0
a222ac40b898e1d1267699958b8c77e316d509e688e4e28d72185a935d7b27db,0,0
fce2a36ce702cf7e7398173df7477f83eb7b4f7304d2e6062bc706ce30a577fd,0,0
e513627e9e404a238e9b80fa0fee05d5ed650b1f21565c4d864f53eb6442fbe1,0,0
c50fdb94dd7af73d7e19584778d8786d04195675cc038dfb0e04a329bed64607,0,0
ec6017f44714b2335c2cfcf23c7898f354101ca1a8f3afe39da49bff72ca34ae,0,0
e6e8987d7a6ed91defacdc4d55ccb2f81fbcfa547f8db43e7f51e2a74bda7210,0,0
f4ef125485f4eb8aac728130e5c30c26d8f4f93d91118b95c9ee16cc51cd5838,0,0
ef536e39fcac4966805d6f695dec86546b4db7058dc3757926b88fea792e34ab,0,0
bac23312a17d850bb23b959cbb9592c770e3ed76d6cbb747e6ddd75f07a0e8c4,0,0
978b808abdd016811f791f11f6256e3e20ab0849aa5fb2b8a7c25af84e9f968e,0,0
0b752de07c745670ffe46c3a15894078838ed6700829ecf6f347beed3126b01e,0,0
95cf90767dd3a6b47aa145c683980197d05b9bd2e8616d4a2a6308be8d94086f,0,0
1cfa0845c23a1f3bbba48734acde6882ddaa13cf910949574fec42348adece3f,0,0
073a665ec243148f459bf0d73c780b2b939190d109f07d182022bd4e4472602a,0,0
b8e9c5cd1aca6198ef3455f1c7177e849cf7fe9059bcacc3d8c7ba0c4d4be016,0,0
632228093bd698a3347b04b4476049b9d37eaabb52056f25502ff1511110be79,0,0
e1a6c68ab16188e9a59627b7b8559c6771720948403121a6c8808f479766416c,0,0
0dbdc97f8cc525a11fb5a81d6a3831ac12f9867e9781f1c0c02cccdf18daffb9,0,0
b866be05037fd85e89ec33a4823a4dc1cd813724d884b56bea1441390e88cfa0,0,0
9ff0f7d65c25cba4c233759c20e1034fb5b1106927287a91642d7b77389960a7,0,0
11e95d143f1aa1c1c10829fe057b71255aaaf3d046d8361bd321297710cc7736,0,0
3cdaa0dbc3dbfca8336aeea9af0a8d477eebad6ad282bf92b2534225d43420fe,0,0
5d8fcd3ded2eb9cf1b33c0c01b113de6ae6cdf78e342f68b58092b7e7db8038c,0,0
43305e46164359bc39b85bdae6baad67f54ec552aa24886f2373e543fb69e02d,0,0
01a951b059c8aa4d0a8124bf9ee7711df86b18baaa273266b1d00d42cb1943ef,0,0
184a92c29419ec3a97fbbea94a78b02b92d5d15db96b19c5deb8c7b34aac35c5,0,0
97416aa244aa7d4bd8a57d6dd2f0f914eb2d30f12155d0f6573ea011d0df497c,0,0
8125bae6cac4f135c297427c59c6f00562024ee7d6028d105993881b644ffed7,0,0
26a19b158d198c59e064b7c69bbe3d94627df60d850d5b1fd5b7df61a3181cfa,0,0
a7fa51cb3d0ae13a80592e39b579e27dcf277a179fb075d23dc130c5ce5ceedb,0,0
e7451fb1438306609acd3b8b6a7e18c3784694ea14393a0a317dca47f4815376,0,0
06b039f8a2729c87f27f6a8267b944e2c45500306cf491d08815f0bd9918f82b,0,0
bb47918184d532317369a61f9a8c2a7579f0a2a6c8b5f0478095b7e3f8953385,0,0
c1226a32294b0c641a4cbd0f1369a854de247dff1dfdf3685e71c23f04c88ce1,0,0
63d151901cb8ecbd8273d66195410df627d1f45e464e31eab66d1308235bd5ba,0,0
b5f6247a64c2842339d79264f1e503f57a2accc59556b27419f075ba7cd537f1,1,0
9b78aa6dfaa035477685f2b24f22599bf42573e41e274885ce3c27ab97272b37,0,0
63e05461e0664191b8325d132a7d0a3f7c28a3e964cf223f7040ab7c8d5a2e8a,1,0
768a879a36c0bea50b66ddd53079e3c9a91a93bb410a5d66613cd1da65bc97f9,0,0
976e6829f8640043f9bd19e98bf086928bcd1a54ecf2422543949ce6d997e10c,0,0
cb1d69f157ea57c09dd6e323a6548ae53bf973b51c5e7da1a7669a2574cefc8a,0,0
a4484fba9f6000cb1c250db6312520f80ec614004155ccfb66d635cccd059187,0,0
49d1da66dad081f7e285eaf399cdfe422391a8cf472bb03cc233cdaafaa770fb,0,0
ef1ea082b1abed48cb3b389da43b8f4be27a694404a904848aaefa107801694b,0,0
6a41cd90c0cc69f19136854a565eb2bb4101f137b23a4846faac55e013a7fdc0,0,0
e6e5ffe9d6a47c8e2c77f84290c104a0d69241f5b9e9d70110e123ca43f111f4,0,0
dc186f643be4e3615e9bba335f085f8bdd25da2821428257a638a05d8f2604b0,0,0
736b8dde44f93dcfef4322c9bb8cbae13240cf7fbe9ef02212504df0d621788b,0,0
cf971e78fa39d41a2fcc87d0701a68aa4d9d99277ae7b9daadf1ac71f3b695ca,0,0
6f7383df7f1686a7d9b522cc0d78c6e68f6929825e0ed79dd9ba5dd14fd155e3,0,0
66d8f028d276d7cc9eeb4147d69b4c73fcd17d9a3b39a9ab29af951b6020e811,0,0
651cd0828ea041d5c2678e7ef3e8ef3d258a537087e45ca0cfbf80172b395908,0,0
69752a4bef5de7551c8b3d9a3b8332cedc6336ceaa89f90958b25e5fba3ecc92,0,0
53f5226e16815f1c95c87f7f4a69a2b0bf86d010e07eaf2c1990b43c55232db6,0,0
558eacdc64009a3db60d4fea240acf584d9ffeea1fd433d568a6bb1103432bd5,0,0
1c4f0fd346556d9f44c8cd2e02de5fa12cbc4dd70d0afd7871164e33194f1ea8,0,0
35a2df8e524d93e75f119660bb9e6043e8fb6dbb0fda2e96f6b9675e94526cbf,0,0
4ec7067df5541b176a6d7bd5273124e7c5e3a877400a4313bbd82a280c8b23e0,0,0
6f74ab00e7491016049d191bab827a13d74a4be89cf1292c9f96035521b472f0,0,0
53387d1d9fe83322b8aceaa8bf85461bb17bbfd4de3307a42707a83256963153,0,0
17239782108c1e8c8bf79189f81a06d1d24f80f3eb51954ac8b57469d4af1c38,0,0
b0468697507259e12e2ee09c0e5b1c6f2a2c2b11b42cf421404e8f702f29113c,0,0
082d938a37cac056a7f373986fcb35fa34fff8a9e44893380c13b2bfcf898c8f,0,0
d8a3ec1b0ded19c84eeae5c3feac0977f6e914ba6c6cb672b62062a40e2986ca,0,0
dfe8658ab62794a04e1f3843cc8197c39d22cce7ddd160c86cfe8698be9cbee8,0,0
323a5b1e337ec0ac21392a20a61f206f1f455fe1cb6254101e9f5582f54f78ac,0,0
7dc4a47f27172b8cf94f4ac986536321ac0a0acfa0197779da024cafe9b68dfc,0,0
9a5c69e2f1619255a6999c0c54a3a6d646414d5f0fd1e0858fc57ff213c2ed61,0,0
e00fc6c5315311ea3ad2f1f9cb0f1583c50c05d5f5af83baf35c914128e0cbfb,0,0
0aeef29bd86a0a22f6587e132bfffc9a95f128de4a78b6fbc5960c4d0de1b86d,0,0
d59088dd7637cf39dc007fe28aeceed59dc10047aea2550ad243a60054146422,0,0
caa01d3bb1c9cf976236b003e6e58ddd40a4341a5b766c3b96da177771bc6045,0,0
0684d07333ff9ac9ff326095dfd704bc6de55080809831643c6a813da78f6287,0,0
9a127d6fcf0ef8977db9569f328cf1eca35c59f81fd7927c0a6673e5444cf915,0,0
3c2d134003b5a6a12ca0f0e2ea146fe41f4a8e6a9ee511704ac36141ca55a63b,0,0
0a2f48973f8dc6612a30f7de08207cd5753d451ab62d22930c7a3b01a0ac02fd,0,0
4cd8fa03f00ce51dba1c39c582b446391164eb3bfb855c552fae3e1f537a0c70,0,0
bea1a8fde0c4ad44c31ded02318d1b827ba63fd26cc322e329442326a89a335d,0,0
d5310294de48e000fdd634f989201ad17fe63cbd5f262aa061d40e06370c41fa,1,0
89b489d900edeef9ca87fcc840a72df5b94f95791dc3f94b6c0bacc82a7cf661,0,0
22f636a67abed40d5d10456b8f9eb6a09bc6d350456040b43bd30bcefa6265bb,0,0
9191c0f1ff7b9badf8840bf7c705f4e418eab16291e8eec058a7d847ac51a1ec,0,0
4f257032729db9d9af2a059f78aad1431516ac02bc2a3fabd4c82deab7b9beb3,0,0
559b86daee92d927cc2320d4a1e98ae262120b898dfc3a3932ff393ca9b1e04b,0,0
25c50328ee7d701559c59d681a0395c475e1af55a5899cca6892f3ff2c2696f6,0,0
a45fbbff4dac70ccecc00fd330af87bac89e39753ed2358f532e0ba19d130a4f,0,0
ab809615e0924a30dc3f44fce00fed60457cc14f46d150a4474000f5dfd13de7,0,0
f1d930659a097ae6379b3a81df504e9ef21d9f1717fd2021d70ce7099514825f,0,0
97259dde4bb49fc452605a3a306e135a1b0032e6b3871a685f3253f1b5facabb,0,0
69e9c955a62af662e7e553bed93f57192933d21ee1c1b44efaf6051451889cd6,0,0
944137be6c4e6955c3dd141f8ba6dd356516eb25e86f65622b5c6f7c56dc6041,0,0
1c9bd7d3f784157e4ec4c279c69592915be47256ab3390f82c09564494c6b4f2,0,0
f77896424610efc1da79dd1f53d1b8d4a8d097e2efff22a4299cdf4e9108b9ac,0,0
2183bd3046e44fc9682aec5d7779cbf1a710acf95e8ce23392822c45b1e01424,0,0
c85ecf36fc8acf5c21b95357c10e7897efbb6e4af347dc9f49bdc29725d9774a,0,0
619a768159f67fd37aef793cad51643f9c3d56091da351a7a4f4350a98f46c03,0,0
9be4fef74c118255cc9a76d9faa33dc36365f69e46fcc2b9198b666e085d4de9,0,0
2945ad25ae9b4cd2c817bbc0280439ceba5fb6d38d9d87834dbee68dd9ec1a1b,0,0
c3f9df9f5f694ce2d363d027f7d98938f7c709abef3e894a55137a0b8b14cc2e,0,0
68ad4719d4aa307cf2302c8c7a067e6b6abc26815a94369bd33045a5695ffa0d,0,0
35ffaa9c5204a113e9be175dd1fe4cc8945ed2693eb9a7da33e2108040bd4b11,0,0
9da17d2a479d0d65a3423e4b3f73d3e9986a18aed260951e50e0812159d22f5d,0,0
91587e9c1d619ca9daf5b1c337155fbb8ac37beb9e575471b819ff548a01fdc0,0,0
95aa7947611b6e452d3a639fab53a799b0cdb2edf4449c2c9faaae58beed962d,1,0
e7252067584faaa4e22ecc0f777971165baad49bd960a9e51e2c75a865505220,0,0
fb5bae7dd9742b433c37bee42c988f8a4cb03138d6ed62421b502410929c79e9,0,0
29810d6929081305996770f2e3ba2fc6bbcee2bb806497c4c4ae74263717a335,0,0
ff64974c49f0d242b514277848eb5615cc72d3750acc29aa362eff58df03c065,0,0
4962ec59cafbc4724c066b4c0df2ae213480ee1ba6b6cdb19aeb891f6bd7fd45,0,0
98547bc1ca10742b4425bd10154301072e47a541100e92a392d1ca9b09399d85,0,0
23020e3616c4685705255a3be2c3a8e842d74b4ce1008292efa6a9d1b5f4ffba,0,0
255e93154bdc9a52985f4174559d3856c8ce0da2044b6a103157adfe3196ad83,0,0
8f9aa34e94495cfdb06cd901966699db0fec6f0015fc798a50770b310aa09936,0,0
ab9bae615a4874f42c671a021d49873ffc650ead87503377f5aab5f6999877d3,0,0
767bbbd0e22034e8bbf78e8471cb10c020fff1ee8c02caa02cbf65a4e1bdb849,0,0
2760469014d1c6f0aa50487ff66c42d6d46c8fcc355f5c687430a6a088f72938,0,0
3abf684c19a0294c6d0e5f75546ae55fe054614eadc51451e76f58fda3d1af05,0,0
f779e68167834bb6f8205fbbf019af96147fb044f58140566d7b414933205e35,0,0
91c91056c40669c79c8eb6d44925ecfdf31a30c38ee7937c5cc94380a6abb68b,1,0
027812bbf26f9290682811506e940f7b1f9a09d58729a0c09b927a866555d4a7,0,0
97510c189821fdee4f6b937aeeaf066bba9f573777353ea7f193438000fbff3a,0,0
ae8e0a1027f5c60c58189f8c0e531117eeb59e64c7802b067abbb38d81e92186,0,0
85a7b68873d8ff1f6a437854e36e43ae4df21e40e0a147069b6bde1936af8903,0,0
19e3c6206303a3acb8d2d72b0606b3dcec04754f7c56029e479c873e73aa5881,0,0
962934c7810f0a014c984289c323b46f58aaf28e86de97dbf885fc5abf33c4b8,0,0
e4e903a6e11bc8206433f9b2182ea0c49d20f589f71aeaa13cf23b7faec0edaa,0,0
c554d520a3e29d6273ffa4ea2e0bd08bd2f5e15d260979871774d833618d53f5,0,0
aed583b2ae271c94781b08acd5bf80a65dd837dc227ad98f2950bf4c6577d6e3,0,0
759de6724524da4b321972d6ef29528af6ff6a90d7888372b33c7f52f4bbe1de,0,0
facd8e6861d2c29dd51b1845d6423bbeedc5aeff6a5836df2fc2711a817fb6c1,0,0
20827760eb35462ad196fb5e7443ac0a1a54c735ebf551cc5ae1105c6a0ef219,0,0
9a148b7ec76ba591408640bf120bd97d4dc40dc719cb8d5eb2c62cb9853a4d3b,0,0
a411a91b3a5164d128f1e14330d8f5ee5661f3a3ad4bc880e178cfc56c4be771,0,0
fc18568a0f40b8e476367502037104a533c0eafab5f0382c7592056e80a420ba,0,0
80a4bfe0a05452cd988b108354175e8476fa2fa0ebc64fd52a8469ac26bfd854,0,0
bacbcc014d42ea9a580f4fa9331a93411fa97b51d669c1f3c6f404a96ba3f732,0,0
d9f68fc39e24c42a924483505a8e409801032ac21674c8a1ed84c90ceeb40eb9,0,0
b088d8a74033a1e2ae544b8e0c22efffc8495f117fb6cc56f3c9765ffc999e53,0,0
6bb7a2962ae195208f3974d48c6b7325d0f2d1769daf87d4f0014e33ad6b5ab9,0,0
6ce0f6f1901fb7f6b20787a1a9e0ef9f49fce6be93c25f59a22cbb2d2c4cea5f,0,0
cb08c33921319dafe7d5e5cde011f5252b8d8cda66e869ebcfeef8dd98a0c672,0,0
30946260041b525013d48dd47d887c53f8d95d09b5cb1752b8cbde960033b414,0,0
00899b2491a0aeb75bb6c005b5c704c58eb8e0678c03010b5c6be6098f4a28d4,0,0
901b7449be4711357c3837c133eda86212e8061ea2ab1cc6def555cd949dfc13,0,0
d91b5b7b4d71bac03c41eaa250a262f707b934b737901621cd114b378c0d3a33,0,0
4eac4b13d5f91d7c3225ce38635908af1b9e7d729caab6d3a721b9e2030852f5,0,0
a750240a3edcbe867e868959d3327683e81ade193a65ac1a1aab39110fc58674,0,0
127e9e7261352722ffb02f430db6ebce4cdb5a41cb275734a4e258987fde15c9,0,0
87fff6b137e313c684dd3231861cd4067502db71b6eee821d1eebaa46081f495,0,0
9a35255a791d200bc5ecd79ea122aeebcbd068b2604f03f7883b378ea9e583be,0,0
15af4b10a824719ebb42d0b6c8d4a24a82ae27ba493d768b544e922276338c1a,0,0
e5d1d9f72dc6a52ec353159f19358f7b70a94c429f3389f5599e91733bea69eb,0,0
9b17cee8c71c58f386f159ac924eb54bc29bfc0e6dc3d260d56b44f41e824f78,0,0
c8b14e5179c4fdbf590be33e3562c86d4f046c00d99e6f65a23156562b887deb,0,0
ae348585b874aad85779223285337492e4c1f052eb32616cbe461c671cfc768e,0,0
939d1cd396398e79674400f2d18cbf385e572a55c719e0c0ed9406cd98774f0e,0,0
42d56346bf6307c46f80645268b39d854b4cdc81c93bde302408150c3d07b9ec,0,0
8cf03b6607b8c5363de236203a8d38511dde17801664f881b38e04130bfbe633,0,0
0b57a9d1ace1f02472e330bfca94baad8d41d2c2acbff387cd2365afa9075d67,0,0
648c0a72ceee6d8cada508fe1420e45e39d8f06ca316984dc2a0720aa2143533,0,0
44ba7148353309a127741fe1863ff7e26e66dced0482a9074d05ed49a45ba137,0,0
2bd93deb1aa238a9a2f171d27b66ced43fc6a0d286d272bfe100fad976eb07b7,0,0
12d0803e5b0090193389ecb6f4ea0cfa4848aaf55ffba23e681407eb8c5cef63,0,0
99f01421abda6ff04d60107b6824547537600a28ee9d71987001202385536f2b,0,0
eda416a9ef2cc02aa597bd288ecb0a5a551abcb95604c5fadc88e4a2902c15d3,0,0
db82513bd45b06b9334243b3845220b42f33e6d738a0eb8f971c4233a078864d,0,0
350ccef8fd24de356df2576a8e8e4662eb8006ab0fe2c7725011a1afec0f0501,0,0
f97ee8198614499bfd22c3650cce3ab3cc76a70b26098412c9cd6bae7b23adb8,0,0
bd08a668e19c6a9b63f1371fc0dbba7201330b91e14c879a26097bf67ba020d0,0,0
7cc4dd1fce9d7c5b5a958264215fedffd155e2b9d945b20ea87009a21e817ae4,0,0
48d37b97d3d40f5bb31f0b893774bde9cde6e6fcf94d83938a68e23e24feeeec,0,0
ae1c742d9bbf33f95d3c29b0fd89bb1427226d3793d18fa8ee384fdcf2b3c0b1,0,0
ef1b2459a7f9f84da590abd1d557d42782a3f6b76d75753ca1f0094337e54853,0,0
16ce47c5bab82b311d2cb2a2cabc35e65e2e984d9a77582d89f3fcbfa5865112,0,0
6ed2fd2ad5224915213d6a991d7fbdc544f33f73289760912a54ed1c502e27b0,0,0
85d082453fb55aafc85ffb89953cecf85093cff02cff68c922d2223f5d15fb4f,0,0
1110b1335fc022d663ed386b6a1b0c000a21346f341608195085b92d856bd1de,0,0
d606b9fe6bbcd7759523e5299a07470442688c799224bf5416654f1bde4359b0,0,0
13d6882e366828df4461b59b4b12f35b5193804eb4ebc940b0e19273d36501ce,0,0
9489ab8e650c47a137dfcceb69c19cdd0a8e0aba0bdb9e2a63f50adce7d05d29,0,0
e8e02d8cd84546207d66ee9f421724135e193ccb4618ece232de6ace273a40ec,0,0
9f2e1679576b05d3ca7dda256ea6396afa982c17ee6f70eba1db15c4efc88462,0,0
64754b1f110414d9b86b5ac50af151cebf5a7018af82b44f98da36459f57c466,0,0
3bc495017b5438e1b0e707802a14f02235ad734f7d34cc9789943ccc91bb2163,0,0
5b4c00a5a7b351636852b743fbc5525c8fdec0310767de8260f6cb953c074ddf,0,0
1d3a2e39e57ee556ca2e067656b8a8fc67f701b7e8802080f5798c631cae2a61,0,0
1d2eb13517faeb5f736933f12349f88f9adac8a2ffe9560bb8b8fff61e6a347a,0,0
4857ccd0eac03ce814ca445a72aebcd66b4e9d5f75b64fdd1a6a722d4889f80e,0,0
1a78b16754ec5bb62c0b4b890a4675940eb7ef84f198ff3558a75c8673f10e8d,0,0
49e1219cec71f1f4876e5841175df09874dd672d95f3ae8acb1c14009e627503,0,0
47c5bb171c027bbd632a3809f8137238939fcaeae6ca5281ae395d560affa63c,0,0
61c76af68e9b811883e7b7d97bcd2cb2c90a8c322771da1075ff8f5e8798edd0,0,0
345ec96aa0c7027cd09f5816a94a7950134c347cbee0bbc8154d6d85b49c5887,0,0
dab8b26ae3e746d4bde16bd83d70414f2a21c413a33f27f2ee610e130e165f9e,0,0
d1f9bd01812f1815260a0931f95a0d6ca79b8e0ebf0a2ddd52e811aa4446a075,0,0
e43eeeb695260bbcf8b8a3247ac4721817b58a179c92bfdd485d1c5c2d277689,0,0
1c56170c90f114fa5564f906e59b073cfd32cd3c55dc612f8438df39353d2353,0,0
9200737cb97b02bbddb6c5d33740c5ff99ab22dd5947d25be3ff0b046bb0c866,0,0
74dd96d87c84b9cc83eceba516f76f943a9b6725745f4cb97ba79157b97e5cb2,0,0
a908a8c148e89ecca17ae5a98c2f130fc48b3b2cdbcf8290c267b7dc17ba0ae9,0,0
bd849df87ea5171e9435c4ee4269cbe9190bbebf9f4b3bbd198103b9b0cf9e36,0,0
1b8d1f851033d194754cd872810793d0f64bfdc00d98d8fff170fb906148ded1,0,0
6851e72709705a8c559c6c19abad86482db4826376477efb5cbe6b112a4f7bc2,0,0
354fe85942af53197efb888f477d947923c0ec19d2a74e98b172fedad56ee400,0,0
886df4e92ddfdb00ef485947512b12cf5240f5c0bf565697e1bb6fab327c9595,0,0
7de4edda152333e7eac5ec9a3ab28618ece31af0fd2c9d8855ed454db60a22ba,0,0
d9878a443bce8c069d2606b2751a0d430a576ce9dcaa117e117ca131fe3c1d78,0,0
109acc8236d384f084f2d1d1e1c2a3df8e707569a1832c053aab65f1b2155102,0,0
7aa3b17361479aaa6913431c30fefb888a22d4b0f107fae9051de3cb70438bb2,0,0
5d10644a943ad8bcfd8351863c3c5ca4e43c39558dee19b50c4b5e78a8541843,0,0
9d7e2abe4d3f4d210c9a94a0382f0387818cc9bc45da60bc5eec13a533946e51,0,0
441c2a863d6c744d8837f2f2054a08132a11469e18c8f973a8ec7919f238892d,0,0
961b49de4f79d868f216dee92de977d5a938410eae318421a0b85279bc53c900,0,0
867cc127e78beba003ed9323c9368a5a6a343984c76f535c2e87505394e2673d,0,0
567af0cd4829f651c7678f6590163172ac636711ced5623ced1cf0cfd3ad3391,0,0
be8b3652a1d6d0c6946a4ec6c26e2ea096397a5b3bb93dcf174f608a6c2292e7,0,0
32c111e2e962ff185bdf5273ba522479db7cb810e116753e2fc719f932c2c152,0,0
988ddf6d183f9a8f46036468343391bcc6ae45184bccccce8859e3b0d1ffe74e,0,0
e69aa338cf4b22586515f547bf118f15c48e0a9eda47cf1d3251a7c8a01bdee2,0,0
64fc6b357ba06ddcc9f8b12635b65823bc473e0ba2f35891f1bb346f8c0e8be7,0,0
ce9d0e0bea29f864f8750fdac76aa6784208d625a4eb42d3ab4804f07c9ac971,0,0
a958e9f75c91c8b2db2dd54df827c92fe19ccf79874cbc98389223717ff7a0c5,0,0
4f49cc2e4c661387de8464dfbab01e800b1be3f4739a9105367be1ace38191fc,0,0
6ff9ed7690de6396bbca286b28abc762f7c01cb1dc28125cade02fefcb47034f,0,0
581f1ae455dd0cd3fb2b14d19101c92e32c0680fa322cd715601026840f8253f,0,0
50037690f1cb5e41ef5f3a0a6b839d4df8d09d9445a2a0557551dab684fc5cce,0,0
5ee2565611104586dc0912592eb54a463ff424cccf75270f6c5dffafa53d3c39,0,0
0c431ad8576bc8b48b0afb6429d5d6978ce10e50b1bb39063a860b5954144620,0,0
a0846fffc9f57b77c1dadf6c62b7ed5ec855b2cad4761a7cac6c866f1b99e204,0,0
cc737f0408552a8260a3776e1f046741aa210023a2bec47affb71f55977b6b6f,0,0
0ef8fa4db3b89ee2944f563da3fce214fbecd5e7e531711b97f4d4d1c2fceef8,0,0
1609b46ba81d54e51f87fbb40928f5a8737c065dd111ff0b0d02849ffb9603b5,0,0
8b785e449d49e46ce32c9d503b4bc6f34df10d4d536726790d64807760a43adf,0,0
a13c608bbaffcb31b1559746aeb743433a5dc474b26774008b4c3960ed990b91,0,0
d553dd6eb81e078db9c8e16fa535c61fd3619543356f7fa0737da641c27701b2,0,0
c170bff0ed7dae2c912fafbce58591a7194f1e900f3b9f59c93ad57848e49110,0,0
1d2375e6b9955e4b21b710265d723659721d1c8e98f66c53b06b65a67852ff83,0,0
d95796d953e0fa50f2a844053cd1e07467bda0de79a674a493b7bb10a981b5e6,0,0
614262d300580b439187a1bc339a996b1bf331f2c8dfc926e2f3f04942c4850e,0,0
3dab3e06a2a09a0814c6903bd66baaedf69f6a66efc97f06a7f12e5ba755ce91,0,0
7e1663b456589531e86d0bb676f2dcc00318ff20e09f364b7a9c408e841a19d9,0,0
c35fb0244d3f17fe289e0d0b1c110f7c30a7ca54cbf094a086d9f691d2eca512,0,0
ab09339435e9fe0cf29b6c5a30a23556985cdf04400e720daf572a33e8caf27d,1,0
d4f1a31726471c6a8dd2cf63306a2602bbaae7ba35c2a3cfece4730d018a18ff,0,0
bc63ada45a54d0684f6239a5157afa1d9d9d6e6492f72a53f0cd3ca0d650ff9b,0,0
60f7ad0ad2a3c677a564b9dab4e139951270c5fdacc5381ca82b45f5b7ece8f3,0,0
d15a39c8be7c4b05f167a7d47925651eaa54a8e74ed39b3902784ef5da5777a2,0,0
488a9ee3805357e2a35d94680620188d5ce29513b13b8f73a5ff7073ac6c0c0e,0,0
685e0f661eb8bcdc18ea1d0f7dcb9306f3885570465610dfff41dde742973d46,0,0
8ececba432ac953afa188e199d73ffcd65d98bfe1e5cf7e5c21ef61c82789bb1,0,0
64247bd65051b68ea3fcc33d5de14bac76bca16706f99c0e2cf4b1b9bdf4281f,0,0
5324bff59fef2d2a11ec6d74c9d2af0bdce8d3428956bf04c704a7844da7965f,0,0
097a0b852280de633de602a50702ee60eab5892833332d2142738e6e13f36a60,1,0
9250f4d89c4f430a0dd76d2fc24b6319944eac10a19c5f198aa7ef6be1fd87cb,0,0
d8641b6be54f5f7e56d35a4e028003320de34d5f396f3856124321be54239870,0,0
18148dab3398bb9b6deaad6d9282b652ff09f083b1a0d66f9e3351657a958ee2,0,0
23d1bdae35f5e80ec704d1fd96050eda418b0d14024ec0ab65c9648cffbb574f,0,0
2187d2264718f2ff2967f8b82d17a24d369bf1b5a537b4a727d5fd4b899dd213,0,0
a98754946c9b69aa1b8479f217015cb7b8409ceac84d8f18b44d2374e41522eb,0,0
1f72ad0f4e330f6d1baa88daf3e33a000b36bcec4471f37e648e1906975dc8c6,0,0
300b7857f402b7c6cbad0d7c3b5eb633414779d6dfc62c7ff6164f31c3ae771d,0,0
7063ebab9ec9f32a0160588276a8618bc2588b66931033fe6e3a257f424d48a0,0,0
1980beae20d8547e8d5aa089de11ba3d390a16fe6a94e5f7535a593c2d74f488,0,0
0bdb080f9e077dfe5c48df48fd0e35ebb496405721c9f0962fe65b395ec6dc8a,0,0
2bbfd6695547b2b28e15c0f90ce4032c160edf69f095c05b49ada6d8e28bb6ea,0,0
338e7cfba46ffb6d0e61760bed5ab3130fd61ec8514df59e9762d94f2eece328,0,0
527ca08192ce47461c367b6f724900136417430ed443f879b8a3584b9d9119c0,0,0
e96b915b257ed749498aa70c1b98a6ffdcbf4642b3f11af902f71206e9348e50,0,0
763e8862e275017c84d4789dc8c3bb072ca90d6efcadf433298634d0386cb532,1,0
cb36d89544c695027bfe22011aee94bce374006559de1e681c0bdc069acb4695,0,0
ade46f1cfa96ebbc755b57d622375e46b27deac299eef999f1df64129d77f5a0,0,0
89b77a884ae01dcdef716f858aeb9fa69d3ef7f6743c2d90a47b709c20a6505d,0,0
8380186120c2ecd6984c6e963d8166037c930faa2c2e8423ca1cb9ea79b51b2d,0,0
4e2bfa4435357eeed4c83002dd75a7bc7263e97120adfcb8ac28e5147a24a1d0,0,0
4316151f46550c208e8c6b03c90dc6ca9b4e6b7cf7f6d772dcc0cf9102562047,0,0
067ad773fb9f5ecd3f12ea949c1e82f4902626d6ae1ed47cd47f90b269a1cc08,0,0
2097825e08b86e8734611c451275a357f1eed311840381bde8525ef7313decb5,0,0
10ffa4ce51e43dd77aac407bc868dbb91ff1ad69a84000df942fecaa502d5b45,0,0
8998b3294da8fd4295dc72f943aa7dde435c4147536aa527ac8fea605dda3391,0,0
36a02adf5af799af6249078193f1ccd4b3cac4f30f9dba2fea0f7ed37bbd6a45,0,0
62218c7e25dae7ea049603f7939c99aabb63843ffaf52bd1f32116c88fab4055,0,0
ad3e509b3c771b1ddc142a5cf93a920917365a26abc4426134a8aaeda67e739a,0,0
168dfb141410438aa9280f83edcd7af089bfe4e482babe252eeea5b12c383627,0,0
bb39cf701fc3007cb0738e068c00e46b106a9d6a0d92ce15965787aca941d5cf,0,0
ee8a2dad248a025de76732dfbf62ec076320bea0b8650e1bfb2ad9cf1c2b06d1,0,0
0192b4cc3f7f84953f131aa5202e0ae61e0df16dee7d6e18dbba7176b1e81d61,0,0
457bd45c463b5cdc06984938bd84a7a59a67df3f2682e711b602587d46229879,0,0
5d785dcf789acaa0d0400b3772bdf2b9f315644477000db956bf5884a2b16522,0,0
d428b44d839b74245eea9041e75a3974afd327ca1f25858005cd805eaef80777,0,0
cec4d0a735147cbf31b18ee78ecae1d0b6e44c3a71d483063f3c0c4cff5d93c9,0,0
6a72c9c4737ce414d6f81f5642e3067c9fc2834daeb9a8347e5cfdd69f109ccb,1,0
9077a3941e4d2e9a67234335799cf8d5a7d00b0a01e397bf75894dd36766c648,0,0
c282c2be6f59440879160a6e406daa73a0d74c86befdb490ac9e443206dfc65b,0,0
55e7ea66ff8c45931219129fd0d297ffb18f5199ef957f1b70f8fa61f110ad0c,0,0
d6d0fc4069bb47a5b00c86af2476add4f73f389b0ff50b07e25400368b231589,1,0
fa03b1380ded46609bc805cddfcfcf9e026ac0448bd95e54a4f1d9a47343ea73,0,0
a1ef1f29c850374c51cd087c5bc372e019e505935eb9e5b2708491b2a528c802,0,0
ade25c6bf8b5f5dc4ca17ebaf15f95fcd0cfac17132dc7b9abaa902b8e859e4a,0,0
44e650d1cfec7fa0677694b37211925a2295b0c17aa015f1fd513328ad50a249,0,0
21c01aba929ba1a9a7fcaac026a530f8c6672dd1047224241fb9c05dd8da99ee,0,0
e1adce43e7204116ebef171b326dc12d9637b7ad27eb854f7a1e6dc054abefd4,0,0
962d3a0e4ce346cf97d87a962d963754a4047a875e31f105b46b2b284093aa20,0,0
8d6fb2019fe274b1ef5387d66b356b5d40679b2aa06bb7b78bb54539adeee4ec,0,0
81fe5aa5e34203072d514af7de2640de8a11b20ddfeafb705f1c0756c26dba11,0,0
b01f9a9ad9200aa41d1fc678e40edf6110221ca3d0b2fc438a0b2699278279f9,0,0
90040b74be706fb81fbe42c0da914ddccb0b51b4e00369e0e6009fb0d1644ca6,0,0
1f04d7acc99461892f66979026a65db5b0004908be3250c4f8ace2d44f2ce76e,0,0
a1a723faf312ebe165c9acb83bf691221297e9de4f162da8c14387fd1d64b66d,0,0
b66877ec826ad22b76c2cc58985a8b968db4e4131087f70d85013acee7642e6f,0,0
c79adc222792c40e746d90bf718ddde471a5c5ea2fb9dedc39194630ef40118d,0,0
af5926aabb42fa260816f2eaf01084f7637c081deda0f3ce74f0e5eae1ea2841,0,0
f8ad7b2e777a44f92151d3d3371e1894c7c1c3e01430f636073631279688130f,0,0
eb7f24d7b6cfdc11986e221cba47912a7e9165bf5862ae0f5f1181c7424de9c0,1,0
3d0be984a664bd383f886360b9f1700490d98482e4cfe09cb39a3b180803ac7a,0,0
03edbeb18361b223cc4aaf3a267618d9273c78fc9fddcf4d3c97eef38635ce2e,0,0
2c665d62ff98c5bd1fc3eaed540e777ca6cb720309895d1fef3cfc740fd9f51a,0,0
cdd93f17268a7757618bc397763b84525c26e2ed795309f7010d4f8f72dd33ff,0,0
73010eef0cdbeda0e832e6dadd942a196ee8b721ad571991628b5a29fd519ebf,0,0
60ea57110093d9672442d4e4e8b5f4f0745480ce6725c801d7337fec5477801e,0,0
8295dacae5fef0f74d90fd044af9f9fff7d00cbe0f93eeb0dd7b4284961be338,0,0
ecd4d38a1d9b997fee4927bab41ab2bee1e8ef894960d23cc125ed13dabe2241,0,0
727c627ac025da8296be1b724a5d69d24ce4925e07b8d4f3ca0232b3eadadfbe,0,0
c43da11bbf00aedaf464202004c1062e3fd0eaa71a4da958126ab13f13095ea6,0,0
55f206cadc11e125a859424c0caa5b17912830426e3a14d02b6627bc02f5fe0b,1,0
1b2f6de3871279b9a72d287ae8b549e574298fb71c5ee56ed02706e7d1b324d6,0,0
33a207b578825ba488742f79c5ed17699815e5ea0916f4ad85eb1a49a0a71f74,0,0
60dc6e486417a857898ba9ac936ddbc0139d319f255d02b32f43a22dd41142f4,0,0
62bb8c1bd75e196a0cccb57f73e924e925cd55b26e9846ce7eed99e52c11ce64,0,0
e5ff7c07c70d8afec3a317775d28416ca66d13e136d9ccbaa8ca69ec7816a400,0,0
afd751c075aa84e0f442bd67652a290d1e636c132111454bf63dd1827c081ab0,0,0
8a0d82768cdf1ff5fa3a1fd87dc91f4f90e809e0eaef99ac48527ce9f3ea893a,0,0
9d669169bfc725b278a1292c5b381ae2422c18beb5adc08c6d39c4c52b04d499,0,0
a427669e01d0b198bbaaf6247aeb2509f73a8c29177c7a13d69da0367d096aa5,0,0
4019f3b3e4307186e0602024a7af69e8288adb37f870b3222ef1feb6c83b16b2,0,0
84ea6e61929f339739aca2219aeca0dd5ab0c00e81759acf56506e8d41396bbb,0,0
8aaa0b1ebb8f979b42da726cddc97e04536af510c43704f873239056557384c9,0,0
26fc1aaa87156cab8eee3ac8d9f484e4329f7e2bec6e99273df365705bdddf23,0,0
2d90827c919f50a34bfc34e0b03549f28b6f5364fa722a3243118b58a9313b98,1,0
ef924c00e7007bddeb3fda3e5fbba7d6dddb6cadb1fe423dd8f8282441d2925d,0,0
02c5193aa7a8cdf33ab6dea47584138a486fb0cd265f4e4a1ac612da36772ddd,0,0
aa960ff87dea441e3c132784359d122caff9cce8743235a7fab73f57b4efb7f1,0,0
f57102d31c0a3b38023f1f92731576b1ae8d24bb4e4d068a87f4a7c52b9dbdce,1,0
26a5f43f630bed3920539c572f166820df6afb315db5424c7f26976c12dfef16,0,0
9d0ab41e952ce17bcaa6830778b588c74934af4a88ff0644137983e23c48067d,0,0
be9a8f0dde23365e2d140a82887729262432c76a1011727b3728f499a8aa56f9,0,0
50f067e99166ce08b19b651e4edfaea5c640804db07926b0ccf5d7107ea3bcd5,0,0
bdbf47732cd1fcf780d1d0e8c651f0dc1865a5ae27981abe979182b3c5624ba2,0,0
6b5608ef24b28298bfc8e239afd294238faac6c3123783eb5ee4252a84f5df86,0,0
9b127ec72ae963ed841a665e7e37d5c5daf7513549b1e774c6d4564aba6a75c1,0,0
b9e0c953cd529b477452fc1840fdc5d7d16b28a90c349b8198eff6442ad5f1bf,0,0
c67ef6ff1900e08c068cb839a146a95009b5d7dd7674027f706a300ea6dc2855,0,0
00609914e301a913afd3b8731325f907e6a1fad1c91ec60f88bc5773320d408d,0,0
b23ea6ebdf2cbfa302043b27df95faac6a3295addf694b704dfa06c2f7651bb5,0,0
60b65fcaaa7eb96e43b52ca5ac5b38c5f82700f7fb40c91b58cd64748d1e1f49,0,0
7c88a33d40f1efe9891c0b434b6a23d307dd4cc95ad1356db981a6e8fafe78b3,0,0
18a3847e837d8b634fffcdb71744910383dd65654037318dc971dc3ef797a999,0,0
a0d9fc7d6be3444a3c47b31cb7adadbe3052286d20f647c55ed6722ffc742dec,0,0
1c58d1ad98fb7b14ab3c01982db1d2383b66bc512fe91d35470317ded2bfacb2,0,0
75c8972c237080e3bb98ebc7f422086b7377f4c01d0e2a1ca0335eb3110bf6fb,0,0
8693f7df51c4143b3ad98334f297687e2541e61876ee281717390f366185a73a,0,0
f9f7e098679142410ae6433645fe1ee05feeb3413b63db6193fc0c03d7eb9a93,0,0
7ef473d977677d577c2dc8fe25979780b15180e0b654ab0da3f23c377b29cbd8,0,0
82f3740530bc189b516f3936ed2a83dd9983783acb78a6ede2adce9bb6cd8005,0,0
4f7d21770e1b1afe378bed5a882185adaa620d4a0d8283c4f5c584680b53597f,0,0
e97288ffbf6356b8f2d7d263cee500c47fc84e635163961867eb5102b4201273,0,0
c14704ce762b5fc85be34a5d78b1e15f929b0958809fc3e2657a4ae5f882fa6e,0,0
0ca4fdd9b852755e375b1dd89e04f9f3341dfc46f2869f95ebf44bd9a0df435e,0,0
e869b55491a999d57805c8db4461a387ffc610e48eb985b21b1cdc7f5f7bfafd,0,0
1cf703e459c263150dfccff02e1ac969dfbd25a6d930cbf367ddebb054e73da3,0,0
045c7f62a82a36ae29f7f506add69ab80dcedd79b9a7eea5b3eda5f8f4f14aef,0,0
c39c8256ff6046f67bdd1f80d3c9526ac3490e17275561cd565eb1d1839c5914,0,0
0de4198d88f0b6b38ca18204fe9adb53a6837a93f75142328b982bf11c707bab,1,0
df5ce7212b91d1f8d37f1764c80a0324b8291d867de11fad1f74acf36c699942,0,0
09b057650c571e3dac7f15a6afeac53d0a39c08b26ba5cb12b66f5b22af29cbb,0,0
92ac1b19423efcd195c5da28d18d12993e69ba83c41691ab9c8f73b1a8db79a1,0,0
3f960364a1854d9a6547662e6399f8a2c186f290084ec4632e6333cde11699cc,0,0
a07c223306cc626896faa29b1fd9b64271c61d8a38a44d2acf81a18a2d48f1e2,0,0
8cce80bd2b45cee09684ce6181878c73aa18ba52e837d8a7c5879864c4a2425d,0,0
b17a712214c74fa42f5c8c28644ec713dd72297cfea5558ec3507ea11e851b06,0,0
c392e183ebc988702be0c5f5fcb5829968c0cc1b18839e2a04f48004034a3187,0,0
e231068e2e3ee740d8f47a9def8839f05f02c65752cbdecc42498bfe66eac8a2,0,0
75ec6eda92bc475e8a7f036a07a261181b96844fa181ef0352537427cfdbf3f9,0,0
77e0f39ecd65b50e0ecdb6096ecc7a0d7f8170d6c0cc3212e6e66f4cd21164b2,0,0
19bcfb8d7e79b2fb3f3980fdf7c229a0d353d0a50ee92fc768ffa230de923207,0,0
0415db8393e05df11fba290bb65375fae0dccc596617a02b2e1f55ee3c3370fa,0,0
fa79e935fc6cd5aa6909c739738e44802d9167f52ae3fca11a906eccb6cbdff5,0,0
fb35e5d8746ad49d7e43c0ccad18868bdd9846d1f34befb329f79183dd8dd70d,0,0
ea524679b4ccc465340b09c2966cc83cd90f617d9afbc3ef8835d15f57a384a4,0,0
dde109f5e58f5451b27a362e5221ffdcc5a3ca173f4411eb0f5437f3350cc29e,0,0
c18bb45233bf162f211677234ae0d8593ba195ea1bdc57ee39a2281396df5174,0,0
4a81d1467e10a80af1376b2c3b9452f4f736526798d3aa76603d731ed36769bf,0,0
33004ce9c1dcbf9c793a7dd46ae91f54f236b1a192cf1fc79319a2c31bd75234,0,0
9fa1c83a82bf80196f0b2953ef8ee9600ba3355ce89063fe7235c6bb5d9dbc11,0,0
767d998252912c72f847d2cda029e3dce432697fef9b9efec107f3e790b624d5,0,0
53a75270cce14b5b9d014d5e33e71a58b43163d42604aa3fe87d77860f861c4d,0,0
5693640f51b992ef98671021300b1eaf2e724562737e4aefdb882abfa1a2f53d,0,0
169e3454ffb6fddbabd973c66f8abd033cbf458c1f920b7e1be08a6aee687e09,0,0
50c10df7f15b5b4cccd0d2e509f34204ae33910ff0f0990d440e3ce9a380fa47,0,0
2d7121b51a641cd4ce38e5ebd214db51aa721d5257ed4627b9c34bc90144749f,0,0
d66f33e6a0170349c5bff9a971aad4071a18b470493792bf9e4232cd2af1bef7,0,0
d676a06a175c94c0ee5c1e5578aaac72138c08703515e97c5f0b1c8b25eee332,0,0
fe9fa3876a80d611f4ccf11f076a8d4c313d8a406c4f797cdb68945184b28189,0,0
9d6641ce13c7b23cbf2999f6fbac2d0ca934440969c4cceeae96b7afc87d45af,0,0
eda074cbdf70498c61a740cb7aac3cd4262f85ba187e357fb783fd1669bb93f8,1,0
dabda487172fde2b6c8fcad2eb7f7978230c4402e9a484a85ee471f43eafe7f5,0,0
f5b11b5f36840163089e235ff2aa3a5727bcc3afda7b590c2ecf427d2fe67cc8,0,0
ddbb5f0ab8688dd9bb11fc003b5b5415af913e01deb03acd4841f42110c4f4ff,0,0
ecb9beed720bda7fd722c04fa5a5793556b6bcee0da36ead57d5e83a3c403b55,0,0
5a80bcf8401082d159b7860f814e8537fab4d7d6b4dfa72c5d886fee175df104,0,0
5f68bc61c78be038d970a4eb3dd66652d51f27ae33409b1ee395501afd891b42,0,0
e3b3d5f29c2ef76014c72c7f712710b19a5957c33d935267a6074a66e72d0bfe,0,0
8baddfa0dbc4f87436f798268173d0a7b7cb804c609c0cdeff8f1aff4733a852,0,0
b0295ea7978e6d9454934f34cc454d0fbec759efe1ebf08a295797a9bddefde2,0,0
e3e918817e92071c1fa864cb7779a52d72860fe0f8a82f28e34f97f6856a359e,0,0
0e3c13a22676e640566c8f4983ce5ef45a5c57bd51207b4765a8725775922a24,0,0
9381f71f1887ec6ae0f4dbab96034c887d835375c9c6b1b687606d68f481ca7a,0,0
57dbeef0589a0f2e50ea79a817bc73d13a38e5629bae4c701d0e709b4dcc6bc8,0,0
e2212662253112b2de2be9859226702745dc5967a980f89855269800cde29709,0,0
3e6ce9f0dd060be832dbb074d17699405f250ddeba03871cd45dd2050e8df4bf,0,0
1f369bcb1ca0cdfc379d8dcf4618446414eb91def86f1152a964b38114c4021a,0,0
61b072591e84f1d6d136b3e047add7ceb3e94dae380b8eaa0b45875b7af75f72,0,0
45278108a8985997e182fb83c1f81aa5e60ddb188dc13e10cb650f1ccf7b79b6,0,0
f0bff9c03ec519925ea14cbb29836e34980e8f995d0236454a6fcfb8a5f83d48,0,0
7c6c8966cdd4d8354e9c747cd25877f524d3866ed0e41fef4652d28d67442952,1,0
093cea474a9e4fcaa35fb59edb8966eefa150ac899fededa59dc7c27dc3dd3b4,0,0
69650d4d05949486bebe51f1f09870bf426e7f10a6e8d766d39d9331b2789d7f,0,0
be5b92247c4fb71f534c2fd730c74194b427d25ad37394a3a2d573bf02a068be,0,0
c83251722f273b286b356674144352aad0cd65bf8f0ef227daac4559caacf6c8,0,0
c97eca3470066d0d176044b28b6841b888dbf49257da649cb7cf9db01314ac05,0,0
961eff9f9c314b04241bdbcfd3c930dc45a8b15cc5846f90553c5dd343de53a6,0,0
c5639e1376476f3dae29b89e45a4673d62b8b53da115aa22ede41fc8fb6bcea9,0,0
138375c609e59cf026c28b89fcb751b03b3c84dbbda6c56ef5ebace7868598df,0,0
0e06ac95042702d9a685773d61f63629250fe1db9cacb849d7c5e557111d9b00,0,0
c5d6ff8f16d4f489a8219ff3741dfe4defe773b66932933435496dd2439c40e9,0,0
b4544a6b24cd1c14592eed5ebb670dd9525e19df496fa875533a612ce4618670,0,0
28348f58b69badd5f6675bad7ea8233b8bdea87f4fd749e6f5f0b0d6a728331d,0,0
6204947d5cf21def6694999a177b2734d20db6e26e13ba0846b1553d644fefdb,0,0
6ca5148566138fe9c9e4c58daac4811cfa8171e61d9dbfebc346d65ac5d51d87,1,0
68330b1efc5047dfa3d9cc688081bd6864ef9c8a9bea4c93188fcf09e3f00edb,0,0
6d8dd51020f94858ead8888582bf4c5c3c5f60308702c0423d5d9662553b2a97,1,0
af87ee118b11e1a291ca2554a72853538054707d9dc5a075770b3cf1ba46beb4,0,0
8e5b8d90ad71868ac669a479ac76b8605f6e3ca69e5e79257d66745d44ff5900,0,0
2f3371bc6a5716b01d6c3e4df36040df775267a828de521cd0b6e243344c67b7,0,0
1145d25e92538467d22fb150c80f3af9443075229aa6f1e0964e5f8bfa1504a5,0,0
1a79e76f906e7494bd6282b2a1d1f7e0205f853755ca880fefdacf1bd0aa73c2,0,0
d539066e61aa9bbc74aecfeb91942dac5a469aa9af69dc33871bd5fe71e7210b,0,0
3e6c78b9228844d1c084a72748f60b7f585dfd519751eaa8eba89e48bcfa4f92,0,0
0df5f55dd0a82216d662a9280184b093f0d856e7625d977e1740c2332cb41fb0,0,0
911fd6a33496ab03d0371ad73d48e4b0df88791e3f0043042e78df226e29261d,0,0
98ade9988aa40b52adc324fdadf66d65a110add97fe55032641d5d49a8c29f51,0,0
f5a0701db0b54fafcf8325a103389e91e2d643875f0f9cd169cb3c80817dacf0,0,0
230a021cd7e280131aaee077cf1ebce8aa5b4edf5036a1c9523c90c23322ea54,1,0
ebb3dfc3b6877089285ed8186129c8f6dde02d7ca4e529dc7b7f4ea05553dfa8,0,0
206dfc3f9a102e169da1f1e9e7a1196c971fe70e11f8dd48547a0a961f96c7e2,0,0
e7a5a81ec937754e971de13c1c67d05619027d6e28aebabcb834ee99e83dd170,1,0
e26891ac6a5b87d9d1304822ac244779a88b80b49ff5eccc81442ebb5e063dae,0,0
e0a80495f14c523fea6384bf77a5a03ff25cee3bfd09ee6b5ab31b9103d9350e,0,0
b34420187b522a0368d9993ee9c8b752ff6504a404e48ca62e1ae7585a878a18,0,0
dfbe7518ce3d561e02eb56461724a905f25109bb049e96c9392343d533cbf624,0,0
0b5c921f7e3f2452f30e126f93ee65dbf42de83c55bfc528a20a97a5af650c8e,1,0
ebc30288a6fa9151fe2f0775239a17ccc0a603cd45627fde57f5be142affb475,0,0
bb50b9314dd6e155410e2deaba1d06d607eb5a273789fc097c51a9e108d5d0d7,0,0
d4809c668f89d83d01c90e955c519280bc0e42b9920a79fa1310c6c29a463c7e,1,0
a80231d1a1c95032d9f5adf99005fd7e2ffa93948295d665fbfa17de2efc3f30,0,0
2640d3cab24000d03cc74fe3957f980de0fa2b42bee0ab855e1aa3e869a87d0c,0,0
93ef850eb9f4a4ec6eee7f8a94dc84cac4ac8b09727affa4af7883677047bdcc,0,0
7eee4a3e8f36d3a1aa2395f0c29b1ba3f0151412ed00725427f13e5c422c68c5,0,0
90e9bdb68226e8065df94a294c07566214e374b3aa0ee27123186868430cc868,0,0
9a9ce023bc93e954b72b8e287589f56b4e92763aef268f0e5bc0465910f8f43a,0,0
f2d8c70809676adb826f060d37e4cd6a9502a3fa60db9c9ef1ec7d3f8b1bb1dd,0,0
2dea85f99f07a956dd6cb1c4e8f08dcb008e053e268213b50783aa87f33f5187,0,0
32bafb9fcf5b01b06df3d737fe1ad0c7e64399a12e27c9d291763d39a648e49c,0,0
a4761f47ecca4bd47ff3c4f5847391d7fb0bc3a1cc7e497ef80887d033983081,0,0
f133f0ddaee4c7b12cb1081621a0ac97228edc2d5056cc3e617097ffe63025c2,0,0
eb3c866300e34ef93eca0e696b717e12fff5e40553c4b5a53cd3ca584a45882f,0,0
7dc835f22e68d0c018ac8611a176b0a1b1c6dac5a161d016ba116d606f18b705,0,0
eea0610dd899b52e85364037aec36a2170d466703ef4f764725bcf383f8e598e,0,0
5fd2c1491c5c3468d64131b7195161e51f5e2f027e5e12e06ed1ecfefd1f14fe,0,0
6238a8ea79ba3072076c53fd12f0e3e4c6fc4832fb0506d0f3442bdf2d1f1e43,0,0
d41f77c72d592d5a724bb4ce9a62f238234190c1ef2e74685fe60656290ae74f,0,0
8a4f324086a80aa746437cc452805af1a57837a560e11c06299ae67d2822736f,0,0
76ff0aabff1ce8675a4a00618a356e17d3b429a65f9e64856dc87b95b214491e,0,0
80741510a17f077d209ecaebf8c75cbe1aaad4d636c6adf3c4385fc214562e71,0,0
136d15d5046c35ecb606b7f23ccdbd2c598d45a96761f4e029e05b521eecedc5,0,0
1cbfb8392f1019b5beb4fe124a19cb305eceafe86a5b3ebf236561bd16bf9fc0,0,0
80331250664eec538b814905c9f8bd15705e84cb43565bea255b7b43d717ac58,1,0
5345cd9655e14e875c3367bf76a2562f7f9fc7b04710076338c5ec26486f6ee0,0,0
04907a2f027b1bc00bae1b7b381cb9a23305ee191f428757b76e35e3b0c73aa4,0,0
36b92c38149326da5939babb52889d1fe3be13e581b294a38b17ef412156a3e3,0,0
119f15d35454f5b4cd1bc3add3c23d9d2a41ee848fa3cf45420aedaa974007a1,0,0
314ad68b83cb2b60c02c5ed7ea9932ff1f073b77c7fcedc6c5578df53a37e2c9,0,0
770c1cfb90f88f563f4ad47b3c8f615613bc21a2e58451c2cb656136a4a0c1f8,1,0
6138fb5f6b0bfffa3b53aeabf0d11247367f991dc26d79d4746e575acd582d87,0,0
b7911023ce39a14ca29a8f08c4d90cc3e1165e08c8640a15acdbce0bc44e2f8d,0,0
c3bb1fb44ffe068cccd5c7ab2f5257b4d680aacae7d037f8b2d171b2b0326d83,0,0
080aa964814b8cf75e422b99a235e26b1d2dab06a2334af4329201d0ddb843f0,0,0
9a6ce9fe40030bc83a9ca23a30df1ad4e9a5de9d30daf592548725c65812cab7,0,0
67dd31ce92f26634ad6f82e28b886bbea18fd64c94ab57271d236347159e1de7,0,0
cc759e99e3aeb62105fe2f31571f8a70c1d6a868e63933f5d31f17309e89e560,0,0
177595059e28108e4ba80f47d5a76f97ef3635bd1d595693354daf6b2dc8e1c2,0,0
b6ae0fe0077a741f355de46ad3ef67b7cd734f9f7c5553f17e39f3638ba189a9,0,0
e24e3663acbb6806ecc4b927f3c3c1e315d41f2b3a246618130f4563fd928d80,0,0
ada0fda19f7a6fdf5fecf6c020a9f37b5050eb5e3a5f2db015f92cd555fa065b,0,0
2ed9e2a6fef9f142d2702d354b0cbac408335b2aeef852c70e33d175f7d610f4,0,0
3bc60c67fec6df2f4d2304c413c07368d3eba58fdd8f5ed82bda37ee15adbbad,0,0
b5e75e9b887c9cc8cdf8a6838e76cc98961c6ab61429494d19afdbc47d2b4b50,0,0
219585f92bd7d94b6078b5fc29b8d79c3943ee5358bf38d6708afac801f29400,0,0
1813935ba80c877d14a909f04e944faa1b23b14194b75ed9ff4a3129891e1c27,0,0
f4c4707d2e64483fa401f46064c3611d06f8487e93408c22c9c6b657c2e42ebb,0,0
96536543eefd01bc3da9aa4d88fb1d20f8585b78893a92c24d689c269af4d9a1,0,0
449e12ac008a995fcf828f2eee2af438515907017c50e1fa00d1239953002f00,0,0
52b666049295ee1df5011ae697446c0b31ad0ae4951a6e8865433a8135750ab5,0,0
98f0c0d1e827acf02bbcea84b58e9207c39c36a33fc5fbc193cbce27b2519d22,0,0
71ca9b931c13cf05378982afdf5f9e0a9c265c306d9cbf57afce8764ad2cbe6f,0,0
2e93c8d69573dcd3bcbb5042c7a4eebea35f2493f5e0ce52faa6cffe110e67d2,0,0
78a744a06f409c255acb2d997ef15c28a6535bcb668f3758f66b873ccd9996a2,0,0
1f001f1bcb47e8d2bf2c17f54c60342b8a953e440c5f0eba06e7da32c11f78e5,0,0
3f841328ef0ca28a57fe7ffd9b68074568ff50cd7ecc04e87429c8b27938e4dc,0,0
68eeed07fdb73b7cbcdf13f9dbc107a137eb7346d58ee5d7fe3c744dd4ae180c,0,0
f030e5a116b50e2d9a271d3ae10bf352391d815a634c8a2504518336c15b0f5b,0,0
060ab55108a60be19c31053ca33a9366786ff45cec7450fa9b1e7fc53607c1ef,0,0
95902e270d64ad96225c9c398b2a97b06b55bc376d8ea0d2db7baa1768e24746,0,0
ba5db77c5537c54df3b23d0e6007b28a0e4c574cd0c183883e66501d37b12b25,0,0
0320bb12dc7dcb035bc3a56ed464db659b57628193b793c562b7811ab6f432cb,0,0
7dbad1c0463f75957cc1d43731439f787d3d95212967a41ee70d9801b11fdf7b,0,0
2c9c8b484edae4c534df9d506c5f82dff5ed64c9c4493ab1e71f250c3cba3c59,0,0
7044d0fa90fd71fdfab271b9f684585b3ec8574cc2cd474449dc73d1e90884e9,0,0
51d01453f4905f09ded0860025d7f372ad05b35e2e84f6a0bdceab56175f6905,0,0
280d40beace5f8f60650e784537f7e77c72d1992d48ba358a0c2d1f18c7c1d4a,0,0
4cd56e55cc3782db32699dc365c4fca9ee687bc9314e06a2a92858776267fe84,0,0
788a354b1698192e64abfb7cefeb9322d9696a6a59e1da93d14eb9e381e2a52b,0,0
5caa3e7b4cccb740dacb6288aec5a705c3c6b8d7f598c0bebfa0c5a9da34a9e6,0,0
1a9eb4c9fe09ea424ff2003c240aaddf560c58f41736ebd0d01ffc5b5ccaa334,0,0
798dbd7c9295071bb99e1e5387320707fb7e3233ba69520c4e8631b1671c8dbd,0,0
167f46d8956371108485e7376473797ef1ab0acc578a319abb2169e143fe3fc2,0,0
2b05da80a910a44d71325758486883a073c3e3478fa86e3e147610de828348fb,0,0
b5fc2eed9ad8225a0bfcb69cb4452bd990bb614c0256cea7fa921373337ed5c7,0,0
d4d7e9f4f8a0b5bfe5e814b003c1dcf5d6325354a98005164613c7c9842a266a,0,0
851a99aa3d9fa9081effe6d09e7e372582921dae467cb4addc60d32a3653645c,0,0
bd0d2c257f968526c510ed62e5ee7c3b4df89f3e4098e6b4cfb76b4b6391b2c9,0,0
4200636289210aecceb167c1d052b5560336643c26c531d46deb86dd1d5df8d9,1,0
62fe15ee5f6e8f05247f4d7b6b76a553174133e395666d2f03ce9a39de511af1,0,0
263ae39c058710e86f98ac543cb7dea2350345dc9e5b4381b862266bc7bed2bd,0,0
5adbeb0d3eb99e661ab68659930a9dcc397c2d43bd6512102e1bd2fdeae8647f,0,0
0dc6a3a0864a7b916863ddc40f841127a183206d16f9e91d27db1fe910b0120e,0,0
edd76fdcd68567e1cb1aafc90176b7fa561bea388c59340a265556e8d5a0ec0f,0,0
bc918f531c7978c38cbb298bba829ba771daa2a74654368a8c35f32022b2cdd5,0,0
a7be53e391a2bedb7d29c04f15a5b54f7ec083517dfdfdc98349e3d62bf45928,0,0
ad74023e728b582a8e4433eacd10621fc8318aeff0b3680d937fe0fd4d8c2fcb,0,0
b322b2bf179c8b2d99c687fea47a6135f71a565737eb7ea6f56f29e5ebdb2556,1,0
ac71a8dc64f9780981af9c05a05f3b1b97a4c7844bb2dafc37d3463c824b9036,0,0
6b26bea59dfa20bfc66daf488c2eeb8767afc0585d6a1739c72ff19638681e34,0,0
e10d36e1d7275a9beab953c0e914b49569579ca6f656fe79c143f54b74344642,0,0
7e78ecd163067ce5f1012ddcb6ab138dd6665a980509302175e1428783f896b5,0,0
17b5af1b9165f8130f183b04e62e9bab973effa5a48e8ff4e4d5e662e428b687,0,0
20301b6cc61a10671f548a182fe82710f3dfeea5042f16d6b656d4492a60627b,0,0
df3496f6a2296407c233f2021be38efb50cc4b39a3775c663afafb477d6d6960,0,0
ec74f36a25b75637510d932bbff11128e07b9edf9ba5b35cf0e3118af8faf35a,1,0
9b109450ffc6bdf626281c03559e5a8e72db65fc29510a580fa0570ce339aae1,0,0
4ac0fc646825d9fe69bb70dd5b82c1ed11bceb3800b161b6ad2c572cdf8aaaab,0,0
73d0cfdba95415602e99c4e842696ac28336895974ab05d1161e0087181494a3,0,0
bbd7abc2365b8d574a6e82b2f378a2f56cf757fecfab96b5180e08c97f94502f,0,0
3698c59c216bdad3e55e475c82824ade67b0ecd4a112b5b6902276308bb149f6,0,0
fec4efe1d6c64c5d2d8a7a694b0d119c7163a5aabd793ecd4511758b91aaca65,0,0
ef6dcc6d4f580fddf7f0944644e156ae5917f0509fea32882a483f03d95a8e8f,0,0
0a587d34efa7fce329b138a972a3616e711047c243932363a55d2d0a556f6f7a,0,0
9a850874705e78417428dca42445cd8d5dcf03f4fe376f6e8836a97d67895026,0,0
6a9b61a9b445e9b0c0ee331dea8c01c992c7c45146e0172dcfba0d5b14e364d6,0,0
30f30420b3bba4d99b3401b88186d4756cc37a047e64cf3895576e4e640b3931,0,0
c46074645e59348011030d3a9280d998e2cc52f10f62cf3fb8a6d8c1d15caf45,0,0
65f62b2bfc289c2d1209bb9f588c344ba64e46e7309cac4a678e3846d4021ecd,0,0
599c70a43523aeb31a20042b5f8a9d413c7cbc2c48999a367dcf96beae60d4f0,0,0
2554b4ddc4b5a70dbf27c5eb1c5935d74cc629b60a70c3304a6e7d994263fcad,0,0
eb1b7c50f69216e4c8a52cc2357eaa6ccde986178071d900001c7b7bc70d05d2,0,0
188518ac7b1bb4c5b31ca46ee1e261bd57181f024738e107bc5c87ddd91cd833,0,0
44714c2b5f688966660aed4ee98cf9fb942548d62b505128240df769466e7df3,0,0
454df75159f51160947fd4c4613a57d845b6bec1a4d54455e207ec380577a0db,0,0
ed8c7a22746366ac0055f9a3cc0fff73634b72eae51e263a4a678bd43e876cc0,0,0
f5181e3513ce4ad5ad50f07f608bdd3696715361548a593320ef2c352c692634,0,0
a444748d37363880d213856bfea3159fbbc9cf278af883d9b7a249363be68053,0,0
a9f33d699165773fedf6fcd392e4db3bbc2e0e6668611effff6cd23a8cc16451,0,0
63e96f6b7cc684f434aaf2c4d26b8b78925e93cbcee76bbfdda1869917610fab,0,0
82eb18469c3049fa94428efae849674ba4cbd7e30849243ba8a299f723108dcd,0,0
e5ff94ea8f8291d003eea4bf60303b7ffc487cc9daaa56a8b766e62868038899,0,0
d500657a889390fbc5cc54a3cfc9bf420125945547c2153791f689f37b675912,0,0
8460ae1f78897efc74b6becd0986f01975f64c7eb8f8c243f90e6fc0370a24e3,0,0
57c0338234816a2dfc8717af3c19d584e17bff9c219abee037e754ed056aeaf9,1,0
a1953e7dda59a21faf24a2323ce3ffad1cf56d5086ba3aefed00f903cfaecdc0,0,0
232b4c8c8f9dda810ea27c09fd2fba71361260b4223a64f73573aec15d8340dd,0,0
230438846b0220e0839e5355c7b5c9899dc600f768d2a6a89525934219731120,0,0
1e6eea0af60e4f19a1f2fcd3a782deae10af030bf0617a02bf8519c6ef054aa1,0,0
5b35ffedb46a6c8cfdaea852626b225e880d5c756fc359114b36688c8870b3fd,0,0
098593ee0d4c3cf1f7303bc0a09b1c62e8e0adfc3a11c3346ece63a446fc8666,0,0
83225b6f3786966c63c28f5639d1960a747a3f529d3400ae1ab10d94cdd08767,0,0
4018fe9268ace29414067ce6ca6b4487fbbeb16c06c473c19b43914de99c7cb1,0,0
d128ac81c7490430ddd10eab4dcefb7fdcb39eea0d8068f1cb6d2e21c08d5b55,0,0
39a96a737220c4f563940ca6a7af6a70677d89f06dadc7d4e03c17abd4f79ee7,0,0
e563a075e788c8d162f8b02683e68436320435ff3960d0a10bef3ecb43a9c059,0,0
be91777bd0e3f5a4a28eb1eaa951038e1588f639c2d68497d52a9973722a2059,0,0
c7edbaa62d113a84e834d0ef1af82b11604637b4a1d409afb1e4d755800b0d0f,0,0
910106aeec9489b4448809c453bbed4c54c766b24538f928fabf0f2eab469647,0,0
a5a2fe63303d4e2ae6974d276ab6cac3cfe116786e5a2de853ed3d9e365e0c75,0,0
9b10721f2a725970ed280141521f6086547627f703a6079dfad352922feb0e7d,0,0
1ba757183f6d1a82b34e48b3977724350519717b0dcdd1132a02506a6d129e11,0,0
3a0072f128ba59aeb844daf1d45ed8d7205dee73fe7c4012c28b64a3b2ae88f5,0,0
8642d7d768bec1e0023ec317d7a174e11acbe0564cf733118f8822935f7e7d62,0,0
61d6de58c42bee8c652de2b3811c576097268da57092eadb68038d3eb859534a,0,0
b045d64f8ab986f9649d712a15a25a19e2823a0525138a8543b703a6afc379e1,0,0
6a602848cf9a11b8daafee0d39bd33c5d17f46d9c778697a7b3e51922833b3fb,0,0
69c5b697ae56325a2d862d5f74683a600c11a3eeb5e454cd722633252ee2d7c3,0,0
7720c113719db68783dd0ee07350e3c7a492e6083e4675d75479275e96a6fadd,0,0
5bd1eaffe3baedf8bae8bdf78e554ca1a27bdf79eb13a8599f71cdcb7265e3c2,0,0
f9dd5c96c70e4ab17fe1b88eb850b9b5e8126878a82111c4cde78c098e3928cd,0,0
f1590932ef220a8874e8cc6dbb3b84534d6d8cb3e11e0fa5bb31d71d90d270a8,0,0
e85bb2c3c7fb30f0fcd65572b97df2e874262bb30751a3fb5863075071599f97,1,0
7ffbbd868dd9518b8a7e429b1627612fb9adb192da5bf15835746b9546fc71c4,0,0
3fbbe56f960ec0bc0094c16803f93bf8bdf3d791f0e0de7dd74a612e44a0b325,0,0
38287cd0abf196dfc4b02200761c58cff0ae91f7e4c74c38a6c3e17ec06ff9e3,0,0
3766f88ee5195ef72d679c90e3de0fad186165ba173a00bb327cde85242947b3,0,0
f956a00b452f98b0debf3bcfa718fad2bac5b0e706a32d9d8a8086a5c48f14f5,0,0
c50954a20e3c7da19d96f5204bfc1622028f088ce1ffefc53c2a0fa7e7171108,1,0
c1a7493f5168fc767418847666d89cd2ff4212dd7db37acbc50379a36c6132d0,0,0
8fde0fe2dec8976297254e08d0dd7951e8c90ec47961465e50ddadb59c2e423e,0,0
c2423fff8cf3c94a227cb6ef2040213f92cbde8e259e0cbf98067c605569c53f,0,0
b80dfd98a907fa11c36ca526e6912bbc106adb208d20eb139acd3c86ba1b5297,0,0
fd7b80b0f667c8ec595795daae5b20bc612cebac6823a7ec1027d854cee0d77a,0,0
cb4f8ef587d1de106812d3701706491733bc700ef0536f7f0861f656b018ca99,0,0
7a4b914def4f7db96a68e4fcef583e7798d56ca5d391a88b342907d6c40f3e51,0,0
37c833c149d3f97b42f2ad417522558d6296a0bac94e868428db09b68dbd772d,0,0
c06e55cab398bfe4e308a775dd09ed2b44edd2fae6bee9ba809a1bad6e8ef92b,0,0
b39cd398262e51729e55d909e7310461fb81bef0dd22c65c306cc3c6fefdd3c8,0,0
612feb6000a79c664cec3ddb6e72b818ac94983bb70084357f565dd6648c3c38,0,0
e6f9ce36b2f6968ece43446bf1e341a2cc5f8dc659e6974a6f93aa9cf8c7f2b8,0,0
1559828847719e4b8942c90ec6d3139086e7d0e6beec4a217092f8d9fa90d2e1,0,0
f38ffceb0e50cb57b7b053aa4f82fc0bf92506366ff211ed6ad2b58137c640a2,0,0
d740f70199407dee42c41023dcebac1dd0c3d04e332d6f80b8952283e312de5e,1,0
d051f94d2f631d26c5b971979ca62a61a91878d24cd1616e93cebeb6a7bc475e,0,0
3827de83af36a43b1cfd74fa27104603111b7cfecf3d47d961b5292634171258,0,0
bd062785fb3b81a4f255bea748086714838b384c22fc681ecc7481236f0a5af0,0,0
75fa622d31ce2696221da52010d7e1507420b03d4640b17d687d4bff51f353ec,0,0
b0ea5e77454640df9ba028163e970d933c665d6ad22c4002945bc96f89f4866d,0,0
991c1971d67dc0464a505641150cf2acd9f96831572a8ee096f2a5d44da64e18,0,0
4e8248ee241541d18dc341da2c1fb9d7d7e94a664afb12924b1d1100d3583fb0,0,0
c3790aee1bbf7f7602fdd1c273830e29f31b997308f84afcbe353c19a7e598d0,0,0
2f06fdd61f77b90b2b0f42bd1f098dd0ac25f45e3fe8771ec0dc652e0b2f71a2,0,0
3aa07ac34f185423043d093e28eb7e06c95c00f67c03a39ccb361a151a976664,0,0
583c1fe6ff809590cc5e0e00af8246e2923211a7f006abfc667328530fbdd39d,1,0
94ebb270e8e32455b70da13503f712071548efadfad0f2208314448b5b42a8c6,0,0
5a3591c6e783c28d411b88b16820a8807d3945a711f8279c36e8c3209a4b1a24,0,0
18ef5e3b381328fa0bd888b09a1b0b167d1503e594847b5dffb75d58161d28fd,0,0
0e291a3c3d45aeed1219243ccc2567c2e90bd60a3a7cf383f07fed3cec32970c,0,0
e9b3e8e8e4692757c54f0745976c4387430474d7058061bf85fda416dd5e6dd5,1,0
7f35a4ab386ed0543464f3f683f0cd4b812965bde759339c760ad81009617322,0,0
3cd77861bed0266e17105b6f32768b56932fd1e43f813be943cbc9c658e4d6b9,0,0
89dcf58801e6d5d4b5a6614f26f306b3bead10768735652c93d85430bff51d02,0,0
b6007c3f4400372b02503f7aa78f0e90f5c8618ca74f20982832a1f36903c3ba,0,0
ca4a74d25c83778aeceb17b81f000274706f7668367296cba3e7101c204a8eca,0,0
a412a8c04411b78dcaf76943b21445e311eb772212e4053603798c2ce95d40e6,0,0
f1c19dc4eefa19a5e2179a3987fe69d9b5760d70f86349a9a10ccc37839e528d,0,0
2f5fa1fa545c75ba988f60e1d35ad439ba0206c676ea306893e461c354364b66,0,0
19f04185d60a8991c9dcae69169206ef6e326de4c369a1ab1faba6b491afb6d0,0,0
4d0e055eac503485f63b85a18919d874da1e10a378b12beb808f197dc8a65dcc,0,0
034ce57889e7c8d0b86ef85a67ef51fe07ea9dedbea9c8f6c95e9578d062ab06,0,0
363b8fe8d40a1eb873aebda8a815490064043dcb7b9792c0168ea0c257163382,0,0
e671012240f4ee8780358479de5950074dad25b17f9094dcc2521b92b14ec323,0,0
66070e6aa56dcb79a14d63afa9577cb958a405fad545fffc39dcb290d68d919d,0,0
1bf5a7c133b74e9bc4efc33a0782bb160d88476e27745aea6c88f0b5c4529663,0,0
a4c1724a895576e5d2a88755d94b962665b6ba9fdaed473cc2987ab0adb2c91a,0,0
78955f8363fd158e8267260fa1933a72671f46fbdd2c188224b763043eb7889d,0,0
b9d6d942ad54947c55e1a6aea8af76803631add54a4da407791559dc5691978b,0,0
554439b15f467d297bc060ed8ae1c2a6837aee7c901d1c9d927af33db7a30c08,0,0
fb70d71fb9c6e951258584932a96fa28f19d3d8094544446bfa3b8eb127482a3,0,0
73ecb63085172d9f298f18a1cd00e44892e7a2c486e3782fea65df0f2630ef58,0,0
475de968257d74656e6a23d7c360d4610b7646c7f3b1d02da48edeb88a25b848,0,0
035e67209731a085181c2e61d5ecd790d3eb74b67d5e0c61f306c05b94e27d33,0,0
e7fb0b1f49e3f681ab16e7685d79f572c33e953a97fc70a62a4d78e9d5206d3d,0,0
73dff9a42af4fd3a352840cb4f3a166082c8a97112dd8eaba3ac83bfa22c0b45,0,0
6f5390f8201e62965501bac647b380256979f9f3aed5738e4b6ceca095f354f1,0,0
e0ce5bffed468983deeaef9e1cff26e3f0bb81ef29fc3506470073ecaced0ecc,0,0
6ac5043c155889087a93b091e484ade2fa3fb8207b1783a6ec449f3c3f691d11,0,0
0e1fd3ec74294c3f02c65027bdc1dae68bed703b009e7fbd378519d226a036df,0,0
b2d8603fb99bb5c478d50a369c16f207f57f758e813ea6d8759a685b7efec08b,0,0
998270d0e66a01f5bcb320fcd20d9828618092e2431ba5c7c55d6694ec6d49e4,0,0
9de02fb17580e45fc048408c000c6b12142650e6a88348edc94c66bafc8c82a8,0,0
c208ecf71efdd1a5d656c217b0d2c1a1fdb6bc8e4f687b547fa41d6213f827df,0,0
601c4c1d26ca150fe38a14bc879af954d30bfc9b848fd657d90fab128d7818ea,0,0
3f9a8e4d819185e495720babc1c7326c6c8b5013433503c1ec4dcc740086d35b,0,0
90bee1e3c079c981ae7b73efa4008c560d2ac46e280ac1945d63cf8bbca7e14a,0,0
45d65646231a44cf392ccec0bc92e72811dda9784f5cf7a8a7c2fa0058fbc034,0,0
e4229a7a89b9e01e2fb22abb39664afb12c42038049450407971295802bf2edc,0,0
b0fda2f157eb64f2b0bbd0f12d709780d44a3fa7cce863dff14b517369b634f2,0,0
ba3ffd1c94633b18f085587fd1b895c7dbe4b416626e2e09481a41c91bbd2307,1,0
9004b1b583877b03bdb2e181a9d9ab6d5ecc73bcd1521b77cf5751c39f090389,0,0
e964b597d1ce0dc91fc9bf5faaaabf1fcfb37019d328dd5f823dbbd4598d6df5,0,0
6c2b29637449941e5b85ccdf8d620d4256b2e3be478b6dd5bf1e3dd355e66dc1,0,0
c5efb55c35535a1185af71605cfdec44b0d5fe1756b531e3572aa22ade73c17c,0,0
aabeabf45fe9d2848f7e042fb8c75d1c8e03bb39cb5e9329f380fa5b34817866,0,0
442a127d86b27d3f34274b47acc51ccf74593373a94aa0641ac17067ea020b8a,0,0
2e7c9fb024e68bd16b54ac629009034e621e3d4a88d3a4af8f3d4de7dfc83625,0,0
8de24753775fb38076286fb6c20b70466fa5bd6e9a87e888de26fda5105e7fb9,0,0
e97bf67a8650f35d6c4f535c11ae1f70ffa55a75ff6b3233bb7976ee1de43947,0,0
5ce498a104214ae2a84558aa5e8e5e6d892e1208478013cc74e11afe788711d7,0,0
5545a8be5d5831311b969388064719f3625bc17f36e4fcc11781f79e25f4965f,0,0
55f493558c1889e8ef0ffe23a15665ad73b95e9d85ea134a3e50478192fa4a07,0,0
081d899a45e99edb089b734fc361e997f0cad6a7c1d50a3d1a73e7c8a7f7b8c3,0,0
7d7129009ea3d97c6e07719faff5777dd585dcc05874848becd75451a7ef4a3a,0,0
8c020434f203680cdaa66b793fbe4a9480453977a990be2b530f2bd327e9a43d,0,0
ee87afaaf5c2ccb5d15192606cc4f67a1df2d949964b74a5bb8c175c445e5a99,0,0
07d353f52f9391d180a1c87c0482c4e14cd1d84f51eb34b4a53fbc511d64203a,0,0
f8aad5e703513276d4ec27bf762a0eee64ff81cd7ac1fc7ffc5a06df7255d30d,1,0
d70f61711e7a6031d8710e2f1c416722dd0a4010c71a00fe4e532e4738ea7c9b,0,0
d4db3574eefe5b0d5ea4eb5403e6d8aafef2522ddb059dcccd1b9261fe50d099,0,0
32c67469aa87294eeaa665811dbb7c65413a8922a6153184bcd47f5930c5366b,0,0
e670766646cf5d57083ea1b8414cefa288ff15e63da84f5b4f5b064055f1d74f,0,0
be627360788dd3032bff975b0f77fc52f2eb6f614e1c466ec1ba433d72af816d,0,0
eee3670e934757775207dfa8021bf3233e012f6fb113cb157fad7fbaaa6495f7,0,0
eb2444b2f4d041f89493c0ed500d89de92485d8c11e8061f9055a9e203d1d299,0,0
eabe663fbc673a2c2cd22f9df4a2ee9dbccb92f41e373f24b9ec19e9d8b052af,0,0
029a87906c406db1435c61dd27ea3e91b66d5f824cebd5272c21b7d41989e0de,0,0
8d0b304fb6ae001f25632a19ad958f25fbd55eeeef2f019555f97f8de5b51e7f,0,0
ff64113b44afbbe2d0181a5d7cd9bdf1c7a3dec533ce536f7b0ac585446e8bb2,0,0
c69891009e2071ebab65c91a42f15ac5987be8b1d337c346592e910eae00b862,0,0
ff564370213c84a9ef8c8a5136a3b906ed4ad1493bbb0c903af1f2bad2140c5e,0,0
8ca2d1f9b0d314a6c5fae5ff46d8dc5e48f249809be7fc760058cd5319199720,0,0
91239dec83605d61bdf60a70885b02e49b7f261e776883a82cc0634027facf3a,0,0
5169d50023bbad88f99c66653b71050d9795c2ec8d3852e879d8a7915b90201b,0,0
315c1d1fe8937f0cb6376b9b6954eb7ed57296f339589f8b54544c50bd32eca5,0,0
3e2f5b687a94eecd64caea90fafc9e8d3a935b69889a224830a3e1110a96f2a5,0,0
713b0628611cfc330d0053fc9bd2c4f8e2abf81516770c431e469c1726efc444,0,0
7c5019d7b0d1e3fd48d8845f70e4e904cfdce6a0ba144e799e193ab0e432e3b2,1,0
22eaf27cf9dc7bec9bf2694a7a0775eb89217c77a82bebee520c45ea3814a35d,0,0
fafe487fb35ef963918ac28d401419c038154ec5603bbee0972d45984eb4d267,0,0
f96b5095d265b6798f22f82f30ae706eecab7cc8b5c2a876cc497d58c674e39b,0,0
9358f8adc5ef2583ae99dd3eaa3106821cd9f9bf882cb4e72e82bce620c71115,0,0
d875400fa7743224b900a338b133f8ba0e8958ea5dddfc263ec8d8203add5641,1,0
4fd74a7b9cf5a8f928d07aa4656bea067227168c54481119ca833b6fb2ad554d,0,0
7474197816d3b2d1fb998bfb28f4417342d06d72e96a0e035ded2c74133d712e,0,0
9e0a8d02bc1a0b1ca00d2148ab0e7da52c4dc0e5cb57db00c87a558500f975b6,0,0
a2b4ccc13aec3b4a37d06bad26eb5ec837c42904cb9737a68ffcc432f72556fd,0,0
099d3d4964ef16e1e4e5003fdf5e8f7819f7fdfaa9a06e30b546afda8bf13000,0,0
5ff9feb9b869f6476d2a785b32ddd726030be6fd79e3cf77fbdd7b3dd28723ea,0,0
242e67929230ecadb88e9c4d948c0602943c353a49a4e86da5c74643c6011b80,0,0
cd38b59c056a64556e4998e844c26a513bc8365a7167cb789f793964f0a9c4d8,0,0
46bdb648ae8992234f2c8be0171136d425d5709f2ff1a185637f1a357ec12b37,0,0
c592d680fd355fb47c7e2c6e7428d0cba88a15f18d97d3638d7008f2ac7d9ad4,0,0
38624d0adbe2c8c09ca128de63b101cd9b00c3c4c228668d67f9ca37d68b4f34,0,0
0f9becd8df94845b25f295e7b4ab5ebda5dcf4cf6d824e86d385d0886fca68f3,0,0
8a98fc0342028c855b82f8165f7b2192f78c6fec443ada1b17448b26533ecac9,0,0
80f01f1d990b107c86da17fbb3e3ee41709d625d5eb716b710dbfaa2b88eb939,0,0
3b6692a3a617106fb99423382cd4f8e1f10aa101ef5809eeac33dac9f82bbbc3,1,0
db3aecd25bee38778fae83b94541f8c87eb9f467bc947bb2f59538926fe8deb7,1,0
11652ecbc0c0295b854c0548b790fa52149d96c2935722ef3647712500d8ddb7,0,0
bab7850c73233e5d78c7aec717e7baadd2251b87dc8eb1acdd6b5e9dea1ad506,0,0
32c71585dc753011e7b26d1aba71aeb916cda3fef372a488bcc49cbd1316992d,0,0
4994d3fb492acc28c06f2b204f09d9eb955a99027b20c72f3f01f6d99b04b00f,0,0
f3829a8988329f0bf09284667dda1fe90b8494745f90cce78fbc14879aacfa6a,0,0
71545046f6ceec52f2064fbb6c3716718fb94fb990d2612963c0085fb8f51403,0,0
3a0ee86fa3e44f28be78ac0405c68c4288a1151c5bfb4e5f0c8b90ff8d5174c1,0,0
6752b94f151ef68a1c2a0cf2505a7ebfd14c6e8c938fba61cc764b5dd1c09aea,0,0
1217f3023bd67321a4a4ea9a650a47112c36661fd5ad12eff2afe58fd610965f,0,0
3879cddc6154f1dd0a21a60325e38b5f5420c74be7ec548901b6455fa09ef26d,0,0
02c60f56447add6552d2d31a31240fbea06a5e85c7310c546075561c98926bf2,0,0
05ed63ab790069eb7084c4cd72810ed6a6bdaba067f49cef5a049fb4c55876f0,0,0
849c9da5102b3219b20066bd202d9b5b4a0f1d602f90dc69fc46373dc5672caf,0,0
f22a7ee06e465bc6fd867ea9fed4ea7a9dde7003471742b99985f118ed721602,0,0
ce6f40197a07639ea3cd1ef87d0e0e603de15a785c7a9f44eb23e2094cb95b41,0,0
20f90cf7b59992e411ba98ad41b6985e21869408bc5c29062f9ad6168ff6faea,0,0
6c062cc370a2036145c2d9bd83bd272134d4ad5f3ab337577b4c68203953a08b,0,0
ca4f9f85d5e6735ee38037ac8ccca5d2bac33b69ba2cd6b4e61a3023fceff30b,0,0
262946c754ef5fa313ea6ba5fa52e915debb6992ac0e0c0d845ac3263730cea9,0,0
37ac38eba02dfc1fbd925342f264841b3b6e17d3ca0ecf25edb4f78d776389bd,0,0
595dd088c1bc464f613175a5119d5932a3fde1bbe08ea99a92ec723e8316b000,0,0
8a7171263fc77010c7506749c37c07b10adea4db63d4e8e9d5ca76552cbc0475,0,0
e180d158e0e8baa264ac5e914ffa5b1ef93bf4dcfe7cf5598463b9635ab86a6a,0,0
a29eaaad5ff9b14cd36cd090ce10d4e4a16a690ae9a948845a479c19e4c48119,0,0
c874472072828ed920ec6f1468c7d2d968dc20ab20c548333fd492cfe034ffed,0,0
41e7d4598384bbbcf5755350045524280a00351575eb1630b20ab99681b25ab5,0,0
cc5bdcedf1acf16f0fca2aee7d6dfc65116ada7ceec62ba8f440505dbcf0f319,0,0
910b911291d3996e476ea5763a3ad99fe3241735222e683dfd4ff0b14f192a30,0,0
2c7004d97dbd2dbd140a84a71e53799c72275f1a2f3f8d9f4a21439102c50efb,0,0
198fe37306583afaeeffe8cbe955cc3adb1a5f6c13d802e28059c4a38b7dc6d8,0,0
78f94f100a89413958b2c6c26b73028862244ac129be920cd7a33394d2d23c02,0,0
b6dbde64146202b9c6aca4742631ddb532a9598e4f39bf5e2cde64c1d9e9da2e,0,0
a0bc20902d46d1464e5a0cf51ff8604df97a3fe3ae7c6f2077626e2d56b565fe,0,0
76d1ab5b0c50061da0fb1c63270f52a662f9b93ba35162ac826772bf17aa061f,0,0
b1c093b9f973cceeeaaa268fd5f7cad8955523e64bb520fbbe871b8e391de9d5,0,0
159bc5bddf2e436c574a52b234549d55dc5e9ed05f5573f715fb1bbc0f3cab95,0,0
c59edea34718e4746b234bee06efe7ebdbcafc45b20a0397050b4e71427749e7,0,0
1edd4a892924ef33cb1ec2b378b4d19085d2f9af2a8a939ddc38138aa9015d85,0,0
c1800eb553f4173399b87849099a19d02af200ff9e2f2001966d5535e2eefaf4,0,0
ea7d644dcc3468826c633a00eae46d706b72a8e99e452a816448b4dc3e9acd5d,0,0
70c2e48dc0cb57b01794fe3a9cb3a9c67441caa6d947e48fdab1d8d33ce42371,0,0
472837a889d334d9ac9df4b524a90283ca73e63ef38501a7ecfb0966cd0c71a8,0,0
cc710a28701ad51f2490fbae5b48e200014bd2a28187f962e8a69ec59eb15ad1,0,0
bd68a4bed65a79275832477bf1351d1df14ee1272f0b2310886d495383117079,0,0
b60c630be9e3a37285d7f48868b8244a005b63e921e34646419a70997dbbec54,1,0
f3044cc7e3fa81afb8f6b4c1ba4b0f8a5ad982b87faff70d7a5827cae0f11edb,0,0
7b99e3e2e3bd2074d7518412530482299717ab774e74ffe8739d4c9d45ffbe0d,0,0
33b67f05267ff453a988896c5d97194079d5fdf4b6f2645662517ca48a7e64c6,0,0
cc944a2a112a7226252231346beae23e419976487455e2914ee5044df6d5ddac,0,0
c625def195ea56e761d11c572f517f86d84d3e19e9b5982c64e55d05bb920317,1,0
359e68557a6e6b017694c7048260f92543950ffe648748fb86334892868cec5e,0,0
82d671b1e323e484ef1a95567d4a7b9f98492b0b651e599eb4d09fe3b28a1259,0,0
4e5dc4c414a0b7f613e54c7d2085e325ba51cdcee58d1e8a25f32bee0b3e207e,0,0
cf6acb4d66a941a01ce026b4a17799b5122eb7d9ac4fc91f8992c0b811e849a4,0,0
49f3193e13fc2790dc3ea850815661f1e548ddd926e28bdff08103f38f82ca91,0,0
ae5c23b1601511364f81a9ba43407efbd0bea9fa1a9e8d015e2847db96fcb119,1,0
7e7d5cd3b495f5466e00a0f90ded8c5939ab2b617373a65de97cd8da7cd7262a,0,0
19a8b342ae95c170600e1cdf7f9c60af9c5b15e7d2fa85490e3a841524cb8729,0,0
2f92a8fc79c9a768308b450967eee383d41b4b7baeb871574401b0560739e1e4,0,0
34ef2059ae2c78e609647c955aea7fb9e42ccb09b042b8a4047180fe87575bf0,0,0
cb4fb4e8c88d1b8ef0acf8b1d6f1be8d2df19d30fa356477716c68e7f2d5d828,0,0
58aa39e7abd3002616558160b720ef56ddc1d6ec30d07887225e1daaf6f47ec4,0,0
9ed71b6629a70c9a0d44d8d3e6937e2d290b4568c3880728445e37c1cba7fd31,0,0
1a055bb4657ab16b56a85d4377dbbbff4c611574d79a9feb1e7e5d46013ed8bb,0,0
27e88eb6126283ed4788762eb127f92cb6df2eb7dbc9d19374450606be21aa24,0,0
5bc7a2994e35d592ec45cfca0b9da11b2ed4d18334c6cce01d88324e13ba3401,0,0
4d677ffa19aab025f0c2ceee9b3e8860cd41ade452319dc007089696d2072619,0,0
4ec6a8de11e0be17b8d00204733891c11f2f030565664662e39f175392ddadee,0,0
11f394f1f3cf6cf2337720484a74e25a37a991b1b370889649dde251c98ab5c2,0,0
bf4cdb670d82cc4b1dc2ea40987e858af2075290403c74c0dcc193a840d92900,1,0
a6dac1da2de12761149e4f6332da2dc6f76d7f8a2280142a0408c837fb05fc8d,0,0
dff2c32e71b9597b896449ea5e93b326d3a15c7a79b7138800c7dd52916e2205,0,0
43b41c84ec8e27273e5cdec9f235b5eec7153c397a9fcf3982430476878d6118,0,0
fce8515b2c4012d51faa8b9d53f2353f9153ff35f347fc2edd1303ebed2b76d3,0,0
715f420a72fc1cc59da4d67ff9bf2fe3262e9bfebc9b1947c254fec82d13b15c,0,0
b0ee01c0f526de7d053569eda9fac1150492d97d5875e43e62d3861de27a62d5,0,0
b2008775431655694db4699183f9a804e78103d5604afa4d41c541e9348d29f2,0,0
e4df16c1dc6f5f70c0e1cc3c83ee4e6949a008d053ec6ede1c1a69209e50cfd8,0,0
4f2976827d12a3af2e4eab61e8d13d6375ca6f2690c97e9717312ce83651f33d,1,0
6f51ca2b2eabf3e679c18de55afcbe953b2e31f0e3bcbdc81de95b3ea20ef003,0,0
16003e1adb4d70ad7b7f16059dc1c633bdc5a4e883f4021661be820db695bf58,0,0
c619e92e36d7d4cb9f4414f6d7406318bda0f9fba4497559be07b4953188bf96,0,0
aad010e388ca718678ef3b3604b7f2ce2cb47d2580ca16732270da41dd208118,0,0
7b32a1d6113d15f9b57058c2021c4e028067f5642c94a250387a5cea19a39071,0,0
d80c2a714eba2a2e04a530d5935e8d9dcf575b5ba45afb0887bdcc667cb14f23,0,0
8023d9f036c467f16520ce9a6a2a73b9750ff6f44f125f3a52aa67c859552f45,0,0
495dec91c3c5613277874542a6a877bf24ecd6aab23688f24b564d59a9682b60,0,0
06cc066f1b19de2fc9e517297633bf8a46b75beb86461b54317d9345ec1b9138,0,0
08ce19d9e957578daa65d48ff25b4d055fcbcd666e29809927c55d697a2a472d,1,0
af5785a8721cbd30c3252743821a5ed61c6bec4d13da48a850b527b2f7320f0a,0,0
d92c11732d60b94b4b4a8caa5aec921128b73a02552075b23eff2d3e7f4f8cc4,0,0
9556b240df1a241e506272b2f9bcbd3735c966058411d9ced3a7e8335e23a141,0,0
97064f6f34669066baeb42a930c80e6c3cfd2b9a245977204aa8d283bb4a9e26,0,0
24ee34dd2dfed4df42ae67f6722e1ae06f0416f04178b3badd9ab0922c5aebba,0,0
f73c51808cfe443aee47dff9b832599adce92e0f4d0ef3e63d7866d394422dc9,0,0
1fd14a46ac6bf37f7063db6330b46405a062fd7a40f5ce99c2f688fcee15c328,0,0
e59712ee9cdbfb7f5105934ca5c0c5ed870eead268b42908bb2ad17987c5c596,0,0
7dae727d1cdd4585795d7e6e02ce60586caea499d38636edeffbcee20d00d89b,1,0
8b6e89d51476b496a9ff8d0c03d5dff7ae07d98fad8eb7d14ecc531b60016b84,0,0
34d0834a941ae44b52568a2947dae98b027c565bd602d2fd9cbafd1cc3c06a22,1,0
d943f321215dbc498b63c3102dbc398647570697d174ca574c9f37368000a461,0,0
fa9ce29ebac19791abdb4c0b78fa57c6b7a3825bba1ba9df45af9cb099c4c30a,0,0
312ca3405ac05c37040c4e72a044c86165d711082f3e9bf7a7aab5592a4ea0b6,0,0
c914e9a233471a642df437fbbd15e02b358f40662206fe42bb3541b28912d5b1,0,0
02d6c42b09ee8b7e39ad9f1deedca36d28ee225a8f628d1bf61c98f79000a1c9,0,0
2c580731f4e4188c0ec375bb7d9c00a23a7bb5e8dd50f9101b4ef3b48745bcbb,0,0
cb586f928a05cb178b15cd27a255ec44fa7a04f4f6e967d1813f8caa7fd0b8d3,0,0
9a05b2f8e13bd15f228720ed4f8a935c8fc95a890481c66ca8df2430865b0b5f,0,0
709624dde8d26550f1af1d405f73aca9ad0701d62fcf227cf6473956717c4d2a,0,0
a7afc3e766ff59c808f123eaa88815cc673bed1102a050744e87035b75514fb5,0,0
3a9751078ca99b81c8f7bec8a4091b144a37579dee74cb7a7d0757900f5bf685,0,0
5af3134aa14b040e771cc19660ca14e12404bf23c1fa23633c811a85027453fe,0,0
999f1db31abd3ee3ca7155c2b0cfbf33788d7980974f8de964e99e1346da24e9,0,0
b091d29ab5f376637947f13a4206ebb681a03808a3d7d6b3107a1f7bccac24ab,0,0
f47f43fb0faec1d31f9e27d6c8687fefa73a8ac77e400b1ad682ab6f27f76b46,0,0
dd600dc6b8793a89112ac5a09b2467db579dcc88041a49ca48020156af286806,0,0
3dcea4d07dedcffc8a6540afa91019c231c9a82e36e1eee03ec68dd5fad586d1,0,0
97723027e7669503522e88ea3be021e5b77a1401292ee287245b4b4f41f3f8b0,0,0
bb4229ac4388cbb27df81f2a08e3fa7283f4c56d61415c226a0edf636939dbbb,0,0
25473d9626b1681970547376eb0476ff745bf36bb41ddc7ea1e737e33439cab8,0,0
93192178cf0cf8d94ad18afa869e138ee51835b45b3ee5fb540049a18eda47bd,1,0
ae8d42e8aaf3c5a2d63ef6c5061691d420850b0ec5bc2b681c32c9a955710197,0,0
0de85152d32859c195ffa2a64ba6153b9d210c1afb3909636d177c60f50d055b,0,0
e0d15778393a11a96975763eaca8da48a44e8f8e520138e4f83c20a44a8b4150,0,0
1adba0fbf4420dde5aab7d405b51e013f815b4a87065c841ef90d8145ebd1ce7,0,0
5e7233c90cb73b3a69c57f37e7732428bd94cc17154c273d82c30d341edf87b4,0,0
7fef493e52a9570b52a9d6c5dc68dfa0ef40bc68bcfc85d33bcccfb23e377a6a,0,0
569df171d1a51f7bd8f1971cbd83e6235a19c07ee84837c259daef4600d205a4,0,0
407a6128ba1e065c49de3febdefff3f322cb85cf7bbef11025a7141c731c43ef,0,0
7562f8fc9843d23ab500c089aaa8f1357788dd5f9fdfddac818f954e8fdb5d77,0,0
3c74cddc3adbd6becdf94221df8239b4587767ef2767a195af5d5050f8394530,0,0
901f822fd82223acfb78f15f14a1855fcf6db725a00095381ac8d4bceab9de9a,0,0
95cff8bbef50a2111af12351a0df7f13edfb313a81d16156450b4808014e9f66,0,0
5d1eccfcb4f1af0ccc5df6176903f68a4e2fb0b82f42ae21f25ae0b0d3f485da,0,0
f335b222447eb7045b079047497fbcb1a77c1c07bd37922732a5099c76293a46,0,0
e144ba1bc7734d1d607a14ac81d1948c54a1819dfed10ba263ea25da5914e855,0,0
cfefe38dfeb76d533b26c321651b6e547477eb51ddccd864e5bcb41bda84824a,0,0
61f9f541361c72f270571cc3d2e88129bc04f87c5df701b9ead02e9a7e954e98,1,0
4138c71d36b85acb1f3fb1f3279630d09d5799c80c75cb30b22a01af139f11a2,0,0
a93eb7aeacef9218655cdfd27e4054fcc10d86d2e3aac3e9f1dc01d6bf1637e1,0,0
3e46b8345b5557504a00107194b3fc604e741ba3a03753efe50fef6bcd5f6c04,0,0
259336423c564a0000789f0e83abc43bcbd1520e38e7b0e3ee67ce0345e6056f,0,0
229c186e1078d7040eb9d6f481d93c47e563e141f5690cf81e804caf411b08e2,0,0
db163d4dbfcecd983bdba8dbfd8a7717cc71fadc61f2c4b771bfbee88927e885,0,0
9e0987c86caf6843d6f91947a7a135508d2867066d5a787c0db668b119226dfa,0,0
0577e3110e1091251a4802059062e830d380079258460d5f1b935f142397cc6a,0,0
7d53260a2c83f0af9d63b79231cfbc1039fa3cf022de9265b1fcd77363084b64,0,0
9c2c8b389a2b774d16ae89b825b8c5d64a197761873bee7190e52585fc8a924c,0,0
3f8576aa01949c82781f975dc1ee78c4d335845e140b4054c572b1a491ae185a,0,0
237803a85492056390dd36dfedf64778f4283569ac85d1906e609e1333dee643,0,0
bcf6d0e5a8e803a5ea72e41fc52b31d7ede36ea1c871e296b3bde655a0dd3a32,0,0
e8034b8d158f86290451b39cab5dbfb9d965d8d0342c665420a0febfaeffa35d,0,0
556f795a49e5cbdd21a5b7f50f24c8b8d9c4b77c8704426fd76cce92172cd514,1,0
9efec57f5407f9c931980cd3f280d011eaf49422995b0f189e4d49387b76c82a,0,0
2964dc4255081ae246f15579bbcb1f7a91402a0b4a64af20b18b7f9d93c3f391,0,0
cb937b799c6c97888b4fe36558a4bfb956a936158fa7193c5b4b6fa424bcec78,0,0
2cd2b3f8071adce433ec139d3f4f88003a97f21ed3aab5e2d61785d9d11fd0ea,0,0
8ff37a99c3657a8d8050909339e2ee61a4211212a29249000be7d18b2c6b9860,0,0
f0847114f4150395c2aed0cf71ac1cd638b06a88dfea995ebbe8aff40480bcdf,0,0
39536f8fa19b6b7dbcca1f3107ab4668f73c8188a5ba3284dcabfc09803511ba,1,0
5e5a30a5f4f95fa29649ad342255c22010c47e34f4a29a5e7e26d0ded49533da,0,0
8ff3725a49695b299323b3e1130292005dd6dd35ca8a370e3e13cb0be4eedc85,1,0
9dee8eff2fca2c65be4d8e3ad5e85e5c30356442e291c687e2e0d67fe935a1b1,1,0
59d7ecc1b03f26d27ff215f1e89c5f04ea3cdea6be63ead1b5d5e5437ec832ae,0,0
3ba2601adc869efd1e1fb7b2a73b8f1d321f8539f14db76ff488dc7cd908053c,0,0
8415884788f0e138a6f09cb9471a6ee1e5d44694516cfd11a7d84f2dda170387,0,0
4e7584160d3b7644ce63be418676616a375e4061860a812175ab48a654a162e1,0,0
4ea5f9929b5a613af263715d9069985c948787ed4d307916666b557392704e39,0,0
4f8917dd98980252f00716c03aa3477be3228593447724f9fc03b6013287877e,0,0
60a85d0ac42b9e68ba952e66874577fcd959ac8e3f2ca009ba4a354c0ab5cd2c,0,0
bc3c2a6f884f575d13d58ad84af134cf9dfec5e2b53834591403ebced876bc85,0,0
bc4a55f3471cd6ea3c47e970f1964417c6e4a44e5a9c846babb23b56b02df9d8,0,0
3d5905a09e71b6a6878649eb1890064fe3e5ba716347844733eb0a21abf1af3e,0,0
9c55d9fcb65cc5869d9255fa193d4f96edbf41ccef9cae97105fbd20f3eaf50d,0,0
66516c6ab25cd99f342598437d330a91829c6818d81fddfecdd7514ab17677b0,0,0
f88a97704c74de8ec3d076501e6b6061e2679f40d04d84e3348529c6b996dba5,0,0
7003da077d2580ea8d7805d97ed928a276b39e7046d78e58fd7d429830ca9e47,1,0
3f2028dff93ed52dbc3a8d7638544ae8f69c86f36377696ac5f4c2edfb794a95,0,0
bc26ec9fde87720f2e030ec62ef9e10a7883dae9d9f14b3e7770f1d09411e7a8,0,0
94dd99612c1f1f2c373fb723f8f3169a81d8766b8fe682a485f14b51e15323bf,0,0
5fe0fdc83a96396f714aba573c058e53dcf5cfafc621fe8117aaae2bf91fa3cc,0,0
fa065b69aef944adf9c9776bee58e356eb43e38d56279ec93bfe96ed355647cf,0,0
c18955b0ac2582f51c0a510abccc8bb48fb275aeae243215d0e4c3966598d788,0,0
a75a2ec84ae1dca39f61ad47dcdd28a39baba81827335328f7ff96bde0aead07,0,0
f31761924b61372a8a8bab927bf997dc71322f0ee7482fc5275f7a5f13e5ca7a,0,0
e5e51d48661bb849279a16653d8c90565c7d0827bbb140ff3f71793eb990e538,0,0
4d14510e83bef81699651a43192e034735beb97d5bcd6119077770d1ffe0b798,0,0
f4082137854a0ef19917d9b49306fe4d2e94b92f56b4f8777c7d73aa8317e2b5,0,0
b63ba8e675bc8dbed4bd1b80a353dd9c2b8e2c4eda031903715df75636ea04fd,0,0
506e9bdb6fdd38c815835eddbeb7754fb0199866fc842b47c7f290980fecd272,0,0
c49ea99638fa052fe8e99faf75579b4df2661326d508c2b2c1394884877fcbb1,0,0
6dd977e00fa72f3076921333d7fab70acd17d776a93170364a410bea238bcd2a,0,0
25bf458fbe8275f034fe499bd7f47389bdff958733c941746a3f0d51baa410ee,0,0
fbc1582a1ca29e8845cbfaf863de19fdd14ce919ea0cdec4c755f9cc524e5036,0,0
e3965d5f635059986e1ef23f3d6f6c6bb15041fe9dc35ce84648bc953bd07cef,0,0
8c5bab9457f56d0628dc7d99646d7bdab75e873589833a50312f8a494740fd4e,0,0
a96b9363fedc8e832e98c90e115cda89bf19afea2af83b1abdfd6f082c9d8445,0,0
dd4704f471a70b0cdf32fbd44e4b7f76a80fef2d562186c59df0fcf1ceddd73e,0,0
1416f8bb8c4c4143a2be3aacd86cda23eb51433c9234ec11117050bd876a1bcb,0,0
5f7e04e8420013ca946cca52d13c9f1e8d36e9fbf45048c805e3f1b4a2875164,0,0
0cefc9d2e5dfb494018975e951692c2cb51f8b728d9056d11c0289bd7abdb604,0,0
7cea04586733a59f9b51e8c7ef8d16d85f048fa359cc98864cb6f0e1c7335929,0,0
8d61e98a13f921e42eef7aa0329d1b4ed1a461624851dadd9d8d58c76ab9b133,0,0
efcf524e5c31077ffcf6653f4d3dc00e26b22504c37b9e6baf6f8fa56c4bfe5f,0,0
88de074e3fdaeb8ffe1f1188b97dafa06eab1a64eeeef52ffbf36f8580eb00ca,0,0
e6375d8570a6b22f70de6e55b158b2ea7748f16034cac2e0d7c1be97e6e87749,0,0
5d7959a0d36168b7ba559deb175e5b7772861f724fe0342ebb6349abc9bd0730,1,0
9c3bc84284420e9dac877dc848ec8260d994da3e841ecfc96f115bd82573d080,0,0
c8f47e93c1ecaa259db870945bd94b5893d7edcb972d6ed3a5ea784c0e98ca21,0,0
a36bd007da30d3ea3a94d1a3f793c8f25aa06e06489c543826fd1dd9f7fbd7b3,0,0
92352143ff1b612b5c71ca3f0e23e8bfb694825dfe12636205fa923409f09297,0,0
d11fb121b0a8aac477391bd892ca3b019e053dace131c795332bd1e8e80d91fd,0,0
17f60fe860907eaa1ca70175df4c386da19156ff1f09c4070d13292e63f7870b,0,0
9833a8af442f44d406929a30c4c03ec781be5b49cb3de8beb26190a677c1e01c,0,0
08edde47a235ae8a49fa80e6be252394a7170c29dc9793d41c925dc54c002d08,0,0
46a1e20ac597ff11ec2bb8ef57ff3ab7ae5b30122494dba928b0b8726c094ff9,0,0
823d0b875f7842629530830dae2250bb55b3d0481591a81b1d83f5b2dd853d30,0,0
26a13c98677fdba49701a265b1329cfa868459f8090c2fa91d3ae0d8f625a7c8,0,0
35bfd7ada06e05c05a364a17a07e86b176c7fb842644c3ba47fe370284cbf8c3,0,0
b0ff8a9482fe910e986ca30f49b652535edcbdfc8ff84211c795a76bc24f875f,0,0
e8c18a61462b5acc11f80f2b08d37a9cd6c04b7f4f721d6a1e501a01f891a6e4,0,0
45f5bfeebe30143496c3a8c1156e60abc0dd33bfdbddd327737140bfa499e1af,0,0
cbb1fd062503c3879bd458a7643bfaaded46d6b7a30212545fa3e0afed08e0e6,0,0
31f97a2a3b43d98f1f75aa9525b21b53cb944b5e6d310d58a60bd4881b7b7a71,0,0
a94b8b6544f6ad8837905773ed5c7178340595b521d9d5bfdce306e8cff4e22b,0,0
49fe8c8eff5605efa2e18ddc7df6fd1a52d1ece9ed4090a18590fb29b521885c,0,0
0da63690f7096e1648cd6e4a7a703157d13eaaf8ab7dcbffe81b44ce3c3d2998,0,0
1fb6ebb9b32bbe48ef0092c8c65c6db4cd13b41e90290bbc0b2b808bce7d5b98,0,0
4cdfd893c62820d6d7f923fc11283729ce6e2e4a96603b39097104b4947a3ef5,0,0
9e3cefbfb426863f46ecd16d5a5d93f427ef467b289dd9c2040936baeb735c44,0,0
bd8e9ea5c0aafcd195215e5a3bddaf79b04c926d3e020ec95595f0005aecf73d,0,0
4d96e27feef755bc37cbbb6ecc145ade72523843562e67a266f276fe295cf5fe,0,0
fa544bd73890a335f029860d6c61ec4e3c16b8e4d733af87a042a472f80f9457,0,0
e0896ba00612ac9fde19e432c1235384c80c09a4d37be369309622839cb4663a,0,0
3878af30ad07f7da5ce21e7a754c32c4ffad130549818204e4828a48026b9038,0,0
fbab876e238bd90ad0b79e120ffd57169cf09bd128acd93909099aa9a9bdd86b,0,0
10fe1c44261064da7edb571c5eeaea8149a7adc1a1d9ec20c504e7fcee9292da,1,0
cc4f0bffd35699906a089333d4f4a3a5ae358fa6b936efe6f6362de91e2e2426,0,0
d38c5d70c5d1b50a7f4000a8b95d1c6653ea62c309eeddcf57b10abda979b5a3,0,0
f74096f8cf85d5db44480ec18d829cc3f0ac8f6715e98d737baf352f89412a15,0,0
f326880538674d8e50731b39f2d64a482596851b6e9b9cfeb3ab760613d26a97,0,0
24b73e58ac39e87968ef1585930337e93fa734c05518ac13ed0afb378919a67a,0,0
129c82914404676d6f799d4f4102134218dbc7d0451aa31cbcc0e9ab13c09c37,0,0
15693aa251108cf0b4a7e9b18e9dca674af866e109bbf78c3f090ab60da0e210,0,0
a1555545a72932d6436bb6baaa24c9015658e2474e918059ddbe641ea35f4e33,0,0
d6b6a8600894815c54ae81cde252657ffc03380d04c95027a307a491a519ab20,1,0
308d55b98b8301262fcba8f99fcd622e2ce65eda6a25bb8e9ee9b9dbc0821eca,0,0
f0368463db23244dca16c834ef9289afd255e3a3bb0c0427420537804cdab11c,0,0
e1a837ebbc1dcd6cb18bddc1928ca988918e94067c5f50aca88c2387890a3a4a,0,0
164316cff3f57699e30e938d115f2b8ed2370ad08c0453cb2abf638b90e9e47f,0,0
5b915ae5c7cf0ed2581733ea2ee9c787ed4255942c6f4f26b8fe30cd266aafd3,0,0
88638a1c10d657d40cd90d551bfa03d787216f3e36e8f122623f87a5268f2672,0,0
0d2fafee0191edb87aba4eee13dc25b1e5664f5502b5c13b065d1639e27bc10f,0,0
fd5bedf97ab827cb4146f770e0279c0384947115a10ed957028e1961ecffc07f,0,0
3c1ba0b7ba0256bdebe4e4144406c77848b0cc80511bf29395d0653e7a7805ac,0,0
b15f84e86a12fed6604cf77b28670a77068ad0f5c3316a9c96723221a7428866,0,0
d1074623a47b7ae4497a6c09cdc4bd2ac160760fc5d633a00aa10a89d9a44dea,1,0
67a3561a26fae873325d2bedf25154bfd03296210ba45d5b2c0058116858d8ab,0,0
