ID,Predicted,True Label
9a62f4b8b30fe62540645745d328627bdca014cdc190cfdba18bec01ba391ee5,1,1
120eeaafa6a3ed1210a494377fec71bce1a8cdad7e38dc62cb6dd9eb1740498c,0,1
b094b7888ab17fb8b33b4d4df54fea6347e44f504e56206c14acbf53f23e6ee0,1,1
4701b2d035d452f3e00001d83bf56e5e91a3672a658a1b30d673a08449f5fdcf,1,1
ddcd8d40da92cdde3896ec4ba5005a738222553bf5411802901c7c5cf79d12ad,1,1
5e7ba560190b92892f9035a5ec983f7cb692f97e94267be7086a87b613617fc4,1,1
c3a229c691b4f3314e05841626f510008e88d4d250770a9ced6d7394e7d23753,0,1
07170cb948c8dfff1f28cb0dbfc2ba686c17a9584dca6ebe74c2822f0caad05d,1,1
1a723b33a357d8a58f55359658c1c2c4ce3634d50dc42294e376032afefd32db,1,1
0eee59d406a9480919dc9321775c46100bb801c00b4b64e5501b86e3f609eadd,0,1
7cf320aaa408dba4142d0850f38f3370dcb851822d5d4a980d8c4bd55e73bc3d,0,1
3cec51cc852b870ae5633c255a29160553f751972f6ced119951626d324acca8,1,1
52d1872beaf582ade48153a04b67408aee33e34c3c103df1b21566ec8ffaac6d,1,1
0458bcd5b305efed243166b07064fe56d318682ed2092df5b5447679136d76cd,1,1
1670bdee2df8556a329d6349876bfd621f5274855bf29eb90bddac133c7dcaad,0,1
a5a05b76132a0b35e794edf7969ca3a4df08e849dde426548b825e1c3a5189ee,0,1
82c434212a334204a949e817df064f99fbb54be6a64f6cae9c846d8e9e0c743d,0,1
c40cdd23a106d514baf5f4edc2f5da77ad9d9cabfdcc12aeb8652bf463f342f7,1,1
997c533f727fff6d108d890b0276af3b19c6afb9e3ebfd9cd4f4a6fc241b0589,1,1
fb463dab45f8eb631de6057bb29f6b50ea122715535125bb9f1879d586900cfe,0,1
93fdb3c203eacd5212d197b593b3aa9231b98eed839e7e705bb2763622b70b5a,0,1
d176af183bdccbc59fe8dd1f4d6928c5ba26ac79f432f82eccb34e21b9351623,1,1
f153be7443c2f482cd86bca8c17ed265bb8f66c349cfc3a8ea9dff7be95547f4,1,1
0eab19ff0780f26f3bc2439778b69c6191fd744998c93fb50c3ee08a3fcabc85,1,1
bcc95cb700f27fdc01433749b5d134cb5fa215b83620a1b43b6c173bf33021e0,1,1
73b05503578acf8d98b9d27ac343b6173d3edfc56f3c785e93d34e0b22e79dfc,1,1
4909c136e0a99372c632f9bc87619af01251b1efccb95e6bc67dd1b77c534534,1,1
6bfe871c136abe4717907d5e6ef940e2b9be2f18c4e724ecb8cb872808c6fdb7,1,1
5b76e3e0759e51b3d2a931b9f5faf54975d69fa3e3658ca0057116a98d9447c4,1,1
fdc757fda2ddab76f0b5358facd66764ad8f5bb55bbc7bfcb0e1d985d5cead4b,0,1
09bcb2cc69a081e5c122c569102131163a5eb8b2a0ae90ce65930a2274404007,1,1
9e331fb218d3a5ed717d9b51d359c8ab97261a62c69d185656b2701013ea4a45,1,1
3a0ad1e791476db81fcd4302191935143dc38dc75dc7d1c22d8738cf5ed3297f,1,1
612946b5c779f6f6c545bf173b6788994aeb1739e1e2552d2139ef084bec8a63,1,1
6ae839a5a015ff929ebdb6708cb8abe0042b261abb8907051c53af35516ca1b7,0,1
1d37a2cead0a12ef7ea387de81e449ff1f0290fb46b15bf3d2a2ef7fff3bdca8,1,1
e3086e8bfff9c9b92baf947ff349c03d53fffc15421eb2051cab7e49edd189ce,1,1
3a861e2d7c9f5eda72f67173c9c444b84bd4e588ef9880ee00303b5330eefcd9,0,1
4f50a5b317572103f3aed79c2cb13fbd66ff50bd1186aa205c7192442b269653,0,1
ae5af311f6b9911db36ef1df5e6d5672f285c333e2325bf58673e530c021bfb6,1,1
39ec17d193b5af37e53c0861991a6c60f1c6b1bdbd8d09fdd0694bf892fae02e,0,1
5cd901dbdbeb9f314b608de13699412ae03599229aa1f194f884ce3ff178be2b,1,1
dee30ab5e9afd7aed98a164ca1fd2d7064963788c064282394c516ad7c5a1f9f,1,1
4bae89f2f637e201b1ebb60c029458c128f663b78830238217743f5ce1d196db,1,1
c419f6689bac14de6987d7a516c3e09f71480abddf2021133d6e941924b82f9f,1,1
d2288bf3d0b68249bbcc52590265d8a3f4c6de74a9d4a2af81fc66685c1624aa,1,1
b9b6fd4a3204000c859d06f60cf3e90ce1c6e59f2b09c25d6629dfbdeaf81fc2,1,1
a2a355ea25f4e6b4c867b6ea15c0b72d290bf45dcfe29d16abf4cea1c1ba5c5f,1,1
931b7cdec1341b46e74c264133188e0489e0b55fa3a8e745658d959559351b47,0,1
12c9426f6f284c0ab8a65d77712ff47a8f8ec1428bb451091a0af30880ed324a,0,1
bd38339106cfd5bbb3bd09197c6f77bf00fa89551d0491a6b2601022697bdf05,0,1
25b392148ada0a3c1a493b70221e46e55c9ce5b5284e1d69f4b85540509cf2bf,1,1
0f60249257495f8d9e4ce80deb170cb64655420397b5d39ec83aa116ba75ac44,0,1
65ffb254371162b2e5b263efe5f7d91d904aa902ab8db67e22edc555137fdb0b,0,1
f4fa096bac8920e2c62841ce2ef6d68f580b23f2b8155c8d31d3fb9bcae9557f,0,1
52170eaa14dcd3e81b22001e79b158cc238db66683a54cd9f02ce4792de39c34,1,1
f3f6a902c434af91ccdecd7bf8dfca1d24e10942e1864377e0f0a44c0bc499de,1,1
4348fb64f8245a50349280a7383eb6366966fb626ccfa52cb57a70af5ce4b867,1,1
937389c0e86b7baf95c7868de9033ab6cd8dbd306a64dac42e481ec474dfef82,1,1
fab588d475ae36df768c15e321e9114dd87138cb9b751c28977653716b238b24,1,1
4a45f50054a2430a866b7cd245ecbf12fd51cd9e72cc18e96414658c9d7eb49e,0,1
8d9796f22722c2aecd4f2493ab4e3254a0c4122400b99207a068d2f561ccf3c8,1,1
dd8a39b2476c7a470f06940f2d84aba3e80325dfaf646940a6d68bdf7e219c8f,1,1
56f2cc9e0668ec20c66c9cff731b51ad5db7b4db176a3b812b667162a42725ed,1,1
a9d17445aa68c33c9ee6f889c3fb62b710e9c65152cc4fabaa510a96f90ece74,0,1
76b20d436217791eeb4bf95f55a4b8208c3d10f4932a204b4d486f3f542a0755,0,1
c9845b2dd14e11c749d1713b5e184e79d90f04c81499c2f737f12bb89617a85f,0,1
be8f72b5c56e0062deb10b0be66676d18cd4070d206e3267d99ddfafd04f6e9c,0,1
0f1ca24988dbd27266a8bee036ca17bc94af829d195aee9dd6780d9f971d9365,0,1
623a0da2a1b16fc523ed70375d50f1de961e6cb6513047fab5d0adef1d211d21,1,1
5ad3568e08a8f300b78fca6208564bf4cbd05da817006af8ff58c05cc7297310,1,1
a6a229152d81408467072909f967e8bfef278e398ce47e5a5ed1c349f2781e60,1,1
166bcdb19b6ab4381c47cef767fedbffa59ea4185e90f833b54e8128c126655d,0,1
5172745bb3790f97e0035ff2795d7186b30ce6fd83458415c74b88dd5191e9e0,1,1
e4500b84ddf69b9140f42d3a42ead5879895426955999bf47667495885bea734,1,1
c0b1c6a6ec98e31f82a49d963f64853831c3324f2071a0d32cbf834ae6bb1adb,0,1
f407bd93a27d21b4e00b8b6ab6c9a9dbf8487b4202efe6f0f9b143bceb697a64,0,1
80f14a4cc36463025f3c9b1b5770db4272308a93a7d40e20e874bfc861378e9f,0,1
ac391b477f77f30b16b19d6a09535956a6292e81574759c50138b96d15535319,0,1
6c794ce5ae93b7090da1c334d824e368dd97480f305b4b458064b7c98706c470,1,1
09f1ba378ca75b58cd1e75d24d49b2124d63dab1f7e1d84363ec895e4beac7e7,0,1
a7ccf396e5de28371f08bb9abf1dd4f86933d11cf32983c48061c75bb50a8462,1,1
2ee809a13cacf9504190152e40ce945f7752e81f92b372551768db4f74249ffc,0,1
1ad0bab2b3fb69c164e7d670d10b5c63fecb04a736df602680550261c0714a03,0,1
8b99e89c470cd1ca9a8b70004c8437e6a2a51cec83042474631580a19e0bef21,1,1
68a6d77d81bdd5c16b89509c4b9cefe16db6b09d6b743464be0bfe8065f5d5fd,1,1
86322238906e38dfbf8137987cb4dae3b7c9c588a829afec749c769a6a47d94d,1,1
109375ec2aa1a9e37c1a6edca5c131bdac22b23f13bf774c55674dc71e3df6a0,1,1
5bd30ce69b7d9b85fcf66d14d1981c63748e206423ff1953c7de015c48fcf7b1,0,1
3b144498a71032a315ab304a3424def246eff29af3a06dd5288fc70ead03140a,1,1
44d4c1b4149934fcbb2f9cdd05d06db1830bafa5d5f07dca5e86713405db3a46,1,1
d63f95dcf0c56040314ec093cbe590fedcd8be8affa636b5e78343cb6971eb32,0,1
de74eb1de7a0d0d44ac7c3dff1346294cac1b1b82926f5ca5c6776757ae3b3c0,0,1
432acc618c7326640d0c7850a52196b9661552a7c6aac51d93a561cd3a9e4adf,1,1
6d9bf75aec651d27b2d6208d3517cd3f0bbd2c9a5d4af5d1f9b3fa07e6385591,1,1
2e3f350e17c6127014d413d0a46051f78fa549ad6650a6c9572ce3fc3483607e,1,1
8be22f22a868efa4e4b55a776e7715033ed41d555c50a6078bfcbf588a5f63b5,1,1
56e89ad2fdcaa32cd2ee05eb6492fa5d4376687cc383cdef8a73638a33b22a7a,1,1
98738fc6e1bfab86a9148b37d96288053d62d8e42b5c407a0d791fb5d8b92e2b,0,1
13cf2a1e8798fce9684c135c4e54d80cae138040104eab6750e6562ef80355ee,0,1
60a96d375c63bf95309fdd80a66bbe4f41520b5f82476d8974d00e3fe26cd94f,0,1
4ebfa8e679b9a2f10c3f18947dda1af607ef7ec534bcff5f0efa9a9dae0c915b,1,1
31e9d34c6729e837e3ba726f0d164704acd8d92c65b4f78ae4084a9b3a824b7a,1,1
5064ae520ae1ae01c724f34adfb2ed1c419efdb1308ac9a9c7f02bfb9e484f4c,0,1
03a29d5b4127535a4269ab7933d4f01950dd7cf9e693e768ce06d5a784b4890f,1,1
682c46df5a0ff3e6d2935b67ee38927a062d74beae4d57f6d725d5e98f60487f,1,1
7ccb8d4eac359b2d3294d7fd943407b61eb76d08ea919cebc221743b74c0c0a5,1,1
3eef41f07fe2e96b2e32a9ab2bdd3683c2ba481cd6a46cce054ad43813a46eb0,1,1
4731190229ceb68b3d04d751f9c53634b134e7a4af6dde28f5bbc5aec62ccc1f,1,1
8eab3fd8bb583767ae15ede69cf060ba5ae47fce1f26246a4532dd25bde1c0a6,1,1
033b0d50d41ec8a7ef15b557ef8af4f3d2f6ff7cbbdac8dd341d01dfb141f290,1,1
5a3502d86c3be04994a2e9a2ed18b731da6386754848a1bdc22c48593a37d78b,0,1
87c73a3ce4234fcbd6d47240d93b898bed750a34941d52b21c4acef4368c59ca,1,1
710e8138af1e0620f672645c7715d00145132528469da909ecc36b30b74a6bc7,1,1
8cf3f6abe42f9e4907b1ff6286885fa982fbb46dbc6520eb1972b141000e324a,0,1
c1323015c9710aae5d57b8b9f8fe1aec85d02d02323e92a47131dd920c936902,1,1
02487bb030afacb2fbf38a0a33ae53386de4138753021096409c2ec82494b32a,1,1
caea0f4babb28c42d04b95fce067afc59d7c7bd8173e496564d611c040a7e6f7,1,1
c19fbc8c050f7b07518707a3fa60fc7456a88a165df87c9e37b1f548a7aa920f,0,1
dc13a569773d8de25414580bb48f8a396567256a976f29581c721921bc915ed7,1,1
313534046d419f5d797c49797db343715733f1a06d2231faf0353cbc4606c718,0,1
9395ad647455723669354396787daa63065e6fefef2339811cf27394a8176428,1,1
7d0f5a603aacc54f6d399b30d9489f7a7ccb81b0152c14fe872e1d2f13e42b44,1,1
a59c93f8faadbdb4ae720e95acf6d67cbbcb08d0d2190b3be341dd6bea2c68fb,1,1
009a4be048269ecb17f4254f61c19fa159cdedbb399a00c2bc00da3adba8370d,1,1
66dd42247ee0efb8add5bf8e7a43a6bdad3067156d4c03b32b8ffe6ba85337e4,1,1
a689aaec5487665ebb1be23bcd76a1b41e2c628add90b530c774220407613bcc,1,1
789d606c51b34ce038f584dc2a08792215e5e18fcc6473780a30de1ed2ea6cb8,1,1
466690fe9f632d19640d03b20ab0a5c0dc5ead5ddb5ccf50996c97924fe8164e,1,1
5e9370fc9dbf1b6dbb355a90fa70ec580732cdccc2da26452c6aaca37afb6934,1,1
50ce7d4bed0bcf98cc844482aab4beda4b8baadba0a399c0dc64281f4873b814,1,1
408f5e4755ece1d6f3b7e2bece05bbd6b70f42c6d85c1ac6658db9217b3dbfcd,0,1
c187246ea47aac5b0fb74439fb4e87504a378b06e967dee639b9a9af03783974,1,1
9ada223be12e8bd8d8a6db409109d3c72a10081bac98cad4317027b0a75c8414,1,1
82133cbc8e427ba41142b021b7c8e5366ff2d203e1c976c5434efea52a07879e,1,1
8d5f9226445732548bd120ff9a3e56730c2e042820f24c8a13581d9831080c16,0,1
6d038532d8be79da07f1ea23692496946999dd16f9b781dbd3bc40cd830235c1,0,1
5634913873906f9bba5e6fb31e87c9826bcba9e892920117178312d6cde122e8,0,1
fe3c66d775a50bfd94ab4f5dcf9090c9e2dc06d9b155337328ba0c41d913d29f,1,1
930bf330f0059219c1629c6bf05f2883521f4af470088b5a5863ac3787ac5bcc,1,1
0318815f9df1ff19d8b5bc56069f512b1cf4ab98fef202c6117b5fb0b7bbd579,1,1
8162ca4a95b151d7cb71d462341d3656b624c3c8f652ffe60f9ce461db8327f3,0,1
490c2c9a18a1e3adc23b0b94d55f7bd58b5d848df861ef1d6441dd0ebdca9c15,1,1
0319ed7667692a7c6ce6be77537dc3083ba79d842695e986abe2ddf83fe8452c,1,1
41ae7451ab406c223fd8fc2cf3f4732fcfb2bcff6ad1611311547b1f12b1e753,1,1
7e91514bf644f064b8c452a56cdaf6e6f9494809d9f1fc91316af291f69ccdac,0,1
4acc406df56a9b577b3dfe2a7e77280b603f78ec3951c3ed58d4ae33d6ee4add,1,1
8a9f238e7db54ed7662dc84ed52598d12a0f912962427f6054b812b0248b4211,1,1
e322583f0800e5e4f1297d935e60b2ef4072171e5f9ebf49a0199f759e4b7fca,1,1
506530ca78b4c68277fd68d62778630816e9ecd9664ff62f6fb0d2f62d294c3b,0,1
a93087f35519cb9f08fefe568da68a24e877ff480bccbc269bdc026654380568,0,1
2f417b753e0fc03f49013fe7833684b3bde9f824b0864e07ab0c19344481df68,1,1
963db9fe429caa7c17d1dd21a5feb8338063c616ba93b3c013ceba16cd33c1ed,0,1
e9f153570fc5eabaa8c9da5f6689a6bc8a0b92aa4a562c23e267774f4d286a11,1,1
5dbbbc2999ed652ba7c5607cbe6c98cca6cc3abbfcd4a5363fc1d9b9aaef1de5,1,1
81569c58ba0412d1ab9fb12495a07ef70dd5e1224663943e93ee31131cd43dfe,1,1
ea2bbde7abc31795954afe134d6ef366a164fac08b2d828adf4c693fe2f25edb,1,1
d52345c3bbfb3a385a3dff0f312ebe2334378d624d7ce882357a62beedbc11c8,0,1
e07b2b630d43d8a54b022c08221d033d089f0dea4e95948020f7756444de25f8,0,1
1306cf252670f061c469b8f0ed157d0029583b7a5b33177e8c7cd7573ebb2543,0,1
f1b768f3b75529dfc0034eef6711a8861e2c72d6dac2397a1a622e73a0171065,0,1
e29301ce2a40ab11bade0d2cddb78416fa95f4accb103ff1a054d6ddbfe4a0f8,1,1
9ca2d856691c640c2dd21464b3e71b0a1b2dbaca3f73d8b5d34f1b4941eb75a0,1,1
9ede4ba8f59c5ac706efb3f169553c440bc5f155b5479021d69584770266149c,1,1
0546d357da36a0d4125a1d4d7a7e7c8470d0ac1dd7bce774f90b192085f8511d,1,1
853c4bebbf8980df967c0600aa213691c6ed35bb55a2daaf503e277e82c4825f,1,1
77101f542a42d2f1476b99c66bf60666a4250771a57b4e57cea14ba4101b4e55,0,1
7d9bc6d0ebc14190b911acf603da18a48e8bab90f4294749b17eac0a80ad8b5f,1,1
1ff2c295713df178c43e6da6a517bfd705587655e747df5e3e8acabc4d1c3142,1,1
0284aaa05d5c051f3f733d9e9bdef5784d919642b2cbcb6b97c03389342cb246,1,1
add462ae09c091ec473ff89be2ea7a34f17ae90fb0d964d86885f92602a3cae8,1,1
606d87d53e838ea89e6d842a46818d8419fe6c3ad96f1f993087dabbb6486f8a,1,1
f8bfdbe12520631975949b6e9f2552a27b74717476e3aca6dfa12476dcf92963,0,1
e4a7f0a9a670de2952ab6ce12f1a930309e8d1b2b5bb6c30a65aad85922beb8a,1,1
da2b98015d85fb0f84c4f5d459e75259d7a5107afaca7f0e5b674d49afd98245,0,1
4681df371e730076a6419438cfa40631a73f111ea984a28e49375bf628cfbcdc,1,1
9bcb3399287e1448d5c6466335d40e6d73ffa173a76cef42c18f3245acc0b166,1,1
5a7df8e23d1925f0ddf92f0a2a753d6724431baafb97893e0bbc0501dede65b8,1,1
1dc622b922befe0c135ab640d675e4d2ce17e732a9446deb701e616f43e2b211,1,1
185cdd0f384f2c594518928ee945bb8a6567e31de027ba83d5e8010ebdd3d7a6,1,1
b0665c921127edb0d35026fc2605b0b8e2ee3c3b5dbf35bde64e75814ac2d899,0,1
4ab864e446c4ba2cd156e37e3cd2531752f180ce66a9db9c7fdc1b146cf1642b,0,1
f6c4898c167ca4325a3b83a6cee17f4fe4717689081d4990462e7e1b33dc6d96,1,1
329243148d37bbd596ef58225e42cd3e1484655e21a0154d289769f7e6c2d83d,1,1
16e5d2f90789fda4cfdd7b5b9a4f52e50069812ca70fba1c1521cfc5eb0a7010,0,1
9ee2cd2094e6d231e961af1b7a42217bf148d05eb71b9c5d06df67dd680cb5b0,0,1
a1992c321d0b8156ee21f971d0a91db4bef8072439130f50f7003a92b1f7b7e4,1,1
9bd74ad273b66b701e633c4d6c5979364a441eea8a212bff8bab0222d9b80a21,0,1
c1c6c286550a89bb21987e82bbfada7adfb6b9ab9f24b4793cb28635fed85a5e,1,1
f517bd9cb91148224e19d661d4ed101d057320f35958fac1c5b14cf9dd3c48d3,1,1
fb8bb8ac89d98d343a054863fb5b25accc2374bf8ea9f756bed402b0a5233cc6,1,1
27a4a32d2bbb76dbe42b2d37778a52d662b24b02eec6b993bbb820aa0550f723,1,1
8559a5fac2250d08ed9c613ec52fab9abbee678c8df23e0b914e7fe10691b50a,1,1
ed546a4d208b811c7e07bc355858464467366f8e4ef3d05401a3f64c439ba857,1,1
7df00f863948440c855e3838b60bfb2de7f1657c58e527cec64ca89fb447d39d,0,1
1cc163daf551e81fd2c2ecd59df81b007bc90f45f03a95c5581c46ab293140a2,1,1
f57edcd3fd5c3033e32620b4e07d0f60c2d6b3d2c805b282c0b8745041b7f130,1,1
36874791d7a2df2cab9f5403974f87124e231f9b6c13cda68fb61f49397cd57a,1,1
cc168837e8592bab31969f9d188f5b7247b263381028c1a354fb69c0e7dad997,1,1
9a773e26ce8fa9156c9cfb643b4fb118d7f7e3accbf066c9b9754944b891c9a3,1,1
d06a3d4e6e8459ba6b0f52b4412e99d02835aa71aee8d8e14cf3ebc4d3f50966,1,1
31be152d35b5acbd811ce70c61ed01e8e0f9df544b9baf7b59a111330e6442d9,0,1
7b8d0eae9a91907514197fd62c2d6c849bf1c84eb59c198259eef7f06e145a7a,1,1
c5d1372c95beabd9d78c96329aa99192069cac64e54026694d5a1e40863f9818,1,1
18c6b1ab8637fb8b578fc350209439a96d5cb1944987d85e73da47e888b445c2,1,1
1b2019806a359d97d6408122f20bf91b58e87305a59697a612995eddfb0d3dcb,1,1
ee7b9094a84fa60cff8335938c61983b1d9381859597b5312b933420666d060c,1,1
94a3d55a62fb111a30807e72fa785273e18fa7a14ed3b75d66a653b5abf7d7f4,1,1
31f72af9acc0e3344d40e501b2204eb461df8f0f52b42e3eecc76000489eb606,1,1
bc9eaec05f276c22c7f969652a457cef81f8b341c0a8c0487ddd1e25ae267347,0,1
5dec5a4c82c2efb68766e595690eb671acc021ed63d8b17e30becf4abaed845f,0,1
8051deda5a0808114278c743a1085d44fdbf88f337afcae57b063174d63e635a,0,1
75e9bbb205d6ff10762d834667d0d1aa9acd123fb16b009de36afd216f3f0b51,0,1
bc729a3888932b403bd6d6431f1f308f638619beb8e1c627a40c3de88711e15a,0,1
4ba9d7e3b14a3bc77a343301b1591236e81a862351d97d19b9090e46f06dcbe3,1,1
a4d4104e058d7d0b9f11bfc0a8cde06ae455749eb1a8d4df210db10bbb8966d3,0,1
61ddfaa81dc8a612f20614229954fdee265fac1e081ab5a72df00431fa78b9b7,1,1
f8469cf10973ad38f7e89495bb75adda2992ae5f1e9cf9cd10847c2d531f0925,0,1
71e1f4adcbb2e7da7a19ec8725928d6ad551636728eca6ad5ed9384be5105b42,0,1
a4ed0d074acf0d83de0160be703d025794136c6525285b0a203eed26c6420d93,1,1
b199721216191a4d0c873b5303cf95d7b704b25182002daca2b03d0e76185b60,1,1
f757b0a4396ac3155825646335fbf77e0b5a9ab7cf25669a9e4d5d32ce33ffdc,0,1
f96424957ced88e90da479fec2c01231276861c7bd1f9e898c18b8b23393ed89,1,1
a67e620bd7b0e2e9033ecb3910377c119c131609e77519303404378c2137fb12,1,1
5e012f3ee48ef281139014405836d46dc3bdc3386337f910b2dc383ed16dfebf,1,1
cb0b71dcc36d36bbaaf9166c2239e97d620d7feddd525abb04ed51cf7f408a02,1,1
0713c76d6d70e5df2c856b8f80cea8ae34e8e626108b3efc3e5c1869420a1e11,0,1
f58343add4f5c794acb0dc917b55ef279a427110b3249c93d40c02a18c26f3e6,1,1
ffed490cb7ba3ce6055b5b373b72ea500961c2bcf967a47741d942738664f27a,0,1
47d22dffe903d17da1c49449f559fd7a7b253ce8d7fa3cd9995a65443672d7e3,0,1
0a6c5d10f308d377e7fdce5d40a5f26e1a76cee4fd5254c2e8aeddc0b6ef9ddb,1,1
fbc91e7aa34fa2079df4c6d0828e8dcdfd55271448c509798626b1297c3346e7,1,1
8bdefb324539a7f56d89936ffe77ecacc69a46a2fc5818aa6708cc5da17a3ca9,0,1
38743d2c0dcfcbe2271d057a7d40959d6b6c9be1ffdc57baefa195fe940a449d,1,1
750322b41db1a8dd4c86b74380ca982ecd9ceb69c0bcbbc7a208459c98f0f2ce,0,1
67f239b0740201c9ec56eaddb79adcc28cce129d80e75a1695a4c703899393c8,1,1
7080b4608d00cf86b7c244ad342cc81f8ab31377c2eec47462bd2db6a19bca20,1,1
dc58255d10efc3e52ad30accc47fdedf19351e3a4517f6ca4836425d52bf0136,0,1
2b663e38386d0ddabaaa35581ccd31ac2a30a9db3bd390207e05b2f6d3d59bdf,1,1
61b32a5547575d9ce6f6bed72202c041c5fbd3bbe93846d6791af4d06b6a789f,0,1
a36bc34aa5092addae84df627635690bf6dc3ea317176b8da88a0125e7398c28,1,1
454d577ce85173941b10817c8d302ffdc8ad5150cc8ba081189d56584e4b0686,1,1
2562fa58c180a4572689c0390c2eca28c758d65d3c0b2a1d61ad8eeb18ef98c7,1,1
327808a13e4a6d1a5143e4cd633a1e30ec84ec9fad32ee0c71ed90c1197cc043,1,1
0908cb58af6ff6bd9ede326b8916465b6f393f0d04b200b54d21cc4894943751,1,1
933e617dd279b98f481daccfa549cf057108ca7fd8050cd3ba5f12afd308b20b,1,1
42ac7051774a674669392200e9bf02615b267dd58930973755176730149d008c,1,1
99ddf4ea79da65d5ae636aaba04241d49b77efd980efad71e0d67f73a926d3e3,1,1
76bb3d40a838f69ba7983a377373b10f45224636c7176e5b0cfa0408f307b514,0,1
6a1748662f8fff24a99f6b237d9d0e5820795453e0fc84495aabe0a18b7b1722,0,1
047d903876b78f70e21ad71113e8f82a86dac7a8d245f44f4f54bc748f9a3a8f,1,1
fa440bf39c380bb457c33c0d130b8eceedf29193cb067705388fa3216ef6d065,1,1
b1d9aa36f247cf0c1abb0348c671457624e04372da945786c7f2f48690ede52f,0,1
688d350d7f45d1e7381a9c78601597ba6b6be549c6074d483c16a3ada8af18db,1,1
3d78c1d64338b274c8df992fdb3c467207478e6080a67b39c7618fb1cb6952ab,0,1
5f3d6065e8dfb6c7e2180f415a859be1d2b2925917c29084ac6afa7608b6f187,0,1
32619cb6613303f94ff6b98caa0a6bc5ae17f97cbaa2752ccc23ca1e60b8be3d,0,1
b743dc4cd99b841aeebff5c3a68ad879603ce1dcec3d69a0d53cdc693dfb596f,1,1
d6dd3b306d8012454a832a3baad6fef9dd39427c6521f396f1017df19c01cae8,0,1
aa640448119a957d939013284b8a16bcd2e83372d154ec7dff085220d0e31112,1,1
92515ae0a7c7fa08032ce7a7609872e8952b7332659c744c8088f0fb1a693b9e,1,1
8ad7dd7dd45b0efa1b1ea493826b6598ae40dd69a76301dd55d1262b2beb54bc,1,1
50c9d031c416f7e7d15b8fe9b3a12b4859d698f3989576a31f422539769d4758,1,1
956de4056faf6af5bd0d95ccbef7502ef84cfb915244a4e97218adb0fb6fa48b,1,1
e6a31f0c608ce13b66dd5c796500410c8a0e1f542aeff30863d2868be6d63189,1,1
bfb6ac28c5d87abf4777d3ee1ae278d8ca3c52ce72a64113cbabbc90c34a58f0,0,1
dadd801577353a8dbe1460eaf49d16db75810d3c93494cb09c7d4644e220c112,1,1
1e150415c85277751492431cb72a5e53a497a7ffc18dfe3b50dc4ecfa00f43a6,0,1
83403e0b716b35b001bf521ae8e0322725986cf97294f5d61d21859148df2c95,1,1
f58cc1e61424427b9db91ac28015aaceaee5a85bc0f51dd3abcd00ca9d3f605d,1,1
b8c44f558991813d8e0f8f76b2e17c89e073f817218ec8073a5a24a508e14963,0,1
04e199605a9a8954839426f88252deb0e105975856b50d9edfc528cc2667ba36,1,1
528c6cff935d10f9a2f1a2eea88d750b8e340852c9874760b67f13c674a965e6,1,1
0b5e2ea4a939a53dfe224dea95a2d39ce7ef49bba9dbd8136fd886a023a19914,1,1
025cc34ec83af7a5f45937f70c675902fa2d630c3c5043e7ecf9578967d35c22,1,1
1cc23681de3fef4c006461d4e2a28b8dc8d248d14c4aa314be6492d3d62bf708,0,1
930db4525b2f071ba362c902930926985eb1343e27c20f3e35bd6aeecfd46913,1,1
005c6f86e22a51ee3174a2c8b62ac798b5cee98b1e025073dec7b6f3ba1cc476,1,1
5eac9ef69d4e43ae8db7f4def1856e5981a8ad23b6bcca00483b203ebd183d45,1,1
96a115aae5dd7d28caecaf7dd116e1849c875207ab2c2fc7d0c5c2773c38aac0,0,1
e456c63977823be288a397aff29605c0ede89bdb5d35fd12317f970d3d334ebb,1,1
308fb2acdefc74095704b49c0799a1cfb67ca784150808bd798ee9a2bb83c2a6,0,1
99e2996ac9c034d6ab60e262450de855f6f1d28dd86e1b77008f81c7a16c733e,1,1
7dc9c1488a515dba33eb37b052857e249510a863bc56602ff415698dcb54a8a9,0,1
9c52d8980e40329ef737d1bac9bac350dfa6594fcd4b83e805770c8247ca68e7,1,1
0e52b1fe55e53d1d38efba6ebf001649b23480ece00d1a27c00cefb4bbfdfc97,0,1
7d01920d1d33371c1688abe22737c16c1887c233e91eaa2c0764a0fe374828cb,1,1
f4d0a482775186b1e826c0fc09cd0ff8c1075e1056fc41943c23ae1924dc1d55,1,1
1a61200a9124b68fb710f2277ef5472008e4cd0a73ba34e0d105824ee37af82d,1,1
8b2bd60f4740ec948c0cb1a89ca6cde7059613b15a47e0f723f56ce69341698e,0,1
c991c65ce1f458cb3cbd8e90975c895f8d570ea331ccaa48b3e6be2107c7c156,0,1
2f35055028ea9f2e1a14c18948b690b6da80731c2b3431c506f56dec37a26840,1,1
11928c15c58a0a2ffec627cddd26e1b00aa651a526bd22d66072358728a92247,1,1
7ce24c9e991468efcd9de66f9b9c3e85f1e3e5c84c75492dc71929c07fa6f5ce,0,1
9f8c8513c875ec24fc645173bbf26a14f6a9803baad5f82b9307165907eac463,1,1
b4f5af10811496a2f9f6a4ec778cfedee5b01333b3d049dd05b9ad12e9662ad7,1,1
d59c534c8cb9c192e3fb8e26aa4479255f7c7808edf547f90899e2ce6d3bc392,1,1
e1b13daff36cb5adbc75489095e398fb6a0f050deb338c80501381701ff90ab0,1,1
b6b8027903155b7338f31a1365e1324a1c804e5b61900d22ee6fbcdfc1c655b2,1,1
49db17770b06da1367ca26719f2c4c46b171b193ffa8a0a7460d5862fa0c811e,1,1
4f06dfe853acd518450b1bcc908989a208ec95d9bc933cc3bbd3d9b045f6f5e3,1,1
c636529e9c2f3888d38ac5000b3c5f704ea8b3018877914b0791a81ecae0d25c,0,1
6cf48e1d5db94cf5ae6ed55c047f9400a18e6ce86ac32198f3c464794fb0ee69,1,1
fe5d36d0d5a9199a7f26e357b8c14533481f70a657606dbe6705473b583f4a7e,1,1
1eec2892ae7946e2062247f4e8cd18b3fdc82d81456a27726aa1ddd2bc66d6e8,1,1
29677ccceb1f7502851dc990e1da0266c191648d3f20d9af03433f260ca56781,1,1
d399e4504c8114be5d394f431f45d9bd4a580feb59fbdb1d28b28baf2a786577,1,1
03302ae17e792d798c1f19cf80f5a9578ef5a89cb167ae34d9abd199f8d2ec1c,1,1
4bb80cec2a59b9ca9a804b63f3563cb5b99d718dd7e1da0db91a7deebdac85d4,1,1
bf7f55394d9760f399a0c50b95b0e585183e1f8939034d93c02e1cea6938d2be,1,1
818735405c510db8e38dd4aff2d3229cd49d79975a4e08fa05457c6290f7183c,1,1
1f16ecb34f5002fee2111c90ab96457391259b733c38bcb34b8f46423f59f3fd,1,1
a759aee81df0b47f64384befbda4f6677f38225ab9fa74610e5e0feb27cf4722,0,1
6e1eb62208d90f29cc5bdbb8efe98f4f6128ef1b1c3f7a588ed011af880ea609,1,1
cba40bc41bd95c947ad3f7ff29133170037b8e9cf7717266df8a177cc002cfff,1,1
5d64641cdd799987294a834fb1ccaea942afd0ed8e5b8bdec0151301b4c33530,1,1
549f9d48bf2d774452a1f199ce0fadd28e9717b06cf90ed3a64320516f55a9c5,1,1
91b7de12b4f5ff89a9b0adaa631fde6665b5c5980e0de5c23d3777e0fe3e6e72,0,1
33ef88f98dcf7b44490273767b924dc846e94865fa42872fc0d130bc604ae81d,1,1
1e27025e6f6787864dc5180c10188e46b1fa1c4422ae95ee0587223654e9c2cc,1,1
aaa53619283068d267ecd9249255bd4fd1aaae672ed701217515ee45d9e3ea64,1,1
dd59180683f2e62a3a80fdc9ef2d03fb54ba8f50c469fe64a6850736fd41402f,1,1
ca617268c26102ac63d2a24f94b832b73f16e7cbaac17404e206d65b9656a568,1,1
a70816b0e69eae7b51f32b33fe51d02ad7a826bb8578496cf467f0e743dfe983,1,1
443fae8b91049c2c5f4382fb893b3ff865aad95dda0594dd07313e4db450b90f,0,1
4c2a63be6990b00ad51b851676ae92e2917b8ecb4b42de99d9923db0f882476c,0,1
bac51e3f798e27a7b59d2e7ded4bfdf9878b13a0677b435f4176903479d75756,1,1
e281c2bf084d6f13b20aea032f5c8e1c9cc0b576bac3f092a8ebc2094bf6ffd9,0,1
cd66996f7c6dc904439ea84a14b4323f7e1530fe4b1c1942f1a44d0647205518,1,1
c1a9c5404fe9bc7d344d50407ad20c9509ca8064b1203161a76018a20903f6a8,1,1
98e7e61b3eae5eb24d2f21a0b69e52af92db68a7a30646ee5c5c759a7e7e033b,1,1
c564332a723c737dbf98df28b36670aa0e1a1fa7e4a806bfe62f0957fbb9b1ec,1,1
0952078b1c75fcbeced44edfe5df5c9aa8c426ddf385be30dccd3b56a5944452,1,1
3fb837dcabc1f95935dc847a6ebf50cb1f8067504a75381168c66af57d7cca7a,1,1
03acd54c1887122d1846f1a833e7d2d218f3a0ed0be7930457a57cb62e7302c1,1,1
f6f0a15c22140975f1c3d599b195bc019080785bbd67277062df1f592dbe527b,1,1
e0efa0dacf461fe38bddef5e6f8dc12c23f5687770281d84b77c9becb83fbf2f,1,1
fa5e21c6067960420020cd8b6c6b42142dafd6946cd746209fc7e3e1b996c0c2,1,1
388a9c13cddfd974aaafe754d71767bb24141e916e19f74757b9c23a36c9e94f,1,1
d676db6ade848f2360fef44f50cc062cb2c71632f7714e4a8634a785ab9468c8,1,1
c94c5981cc51cee939f2ff8628bc363ac18bafea2e054418e64b9c593cf74281,1,1
ece1f9f1828a95c1491cf0eefb6e56f9f0108f4bfdb15cd348e535074e6fda80,1,1
b2659db7d7a1d05696b0ba18d4c037c21e8d5972b6c0510e018a4440b1135754,1,1
dfd58b114347d4a3bb9c64a0d0c038768565cdf8495bdf01fe0b5097f8fe73a9,0,1
f62d65e1ad971d9b8f8a625853e8991907447873115c88e9fd75190c7a13d7a0,0,1
c6413d232f604041da6d5227c89a4b5ce27398b67c8d25a338e1bda714501a76,1,1
c7900c8ef3776baeb04045e3e64e25bda72486e95d0ec0377cd6cb8ef7a9e002,1,1
943e11ae3dad0b5b585fe2848d385b416f71e1a16f09fdb91d7d08ff6f0113b8,1,1
409a784001ed69bb40956a87149881c7f97a6e56d7424e49eefc6722856d092f,1,1
c8857338a664dd7d8f07a73e00592669db7e92df19ca54a188b2a9dde60d5167,0,1
251de88cca49836a8a55a80704530380b29deb889a49532ebbf63f12fcb2c9a4,0,1
804cf75422f9620441bc0bfb54adeba830d632bac561803ffc8d246bdd3324f1,1,1
31ca45a21c5f1d052d2b737a995dc842c3cae81bcd59a14495f1d3d37b0daf2c,1,1
5bf7387c9b765900ddd488acf057ac1184d585ad88d41e81464890cdaca6ef31,1,1
772fa9f6d62021f37a699a7ffd45e558795678f3e54a89566014f580cf59328b,1,1
e4c75a0b43adca234b666838db62390add7b5b90bcdb7c6bcaefb55f57de4aaa,1,1
f83a3192179bf35d8e7cf116433fed86f1933c1fff3fe0499b1e40f7b2548dd4,1,1
d7d52eba4b5899a6f779a6cb8174b0dc4886510f645049a35a1e191f06de7f51,1,1
f7a13f8ecb43517b409c389abc974787e19328239f376f0c14500990b9e64578,0,1
17994dc4ee11a85201b25123cb8b1fb64efc9fccb4c556891040481529f287b0,1,1
95ab18abf0cc6427a245ce23044b37d95c9de3910e5262c6c81d755004a2a686,0,1
a53784c06d86112be13fd9d370e395b0ce07e53685016c73ca719ca5cc4e8ec6,1,1
e25e43d0352912a8d2b0ebe9d9ce09fd5f9924e1d13282608904f3fdd6630836,1,1
552c430521a752583d5f0666cc343720830a0cfcdd5e8298b33f472487ea4011,1,1
22b11721248ef793ea72c6bc5f448135f6dbfc22f4696d3625ad1a2d57b27088,1,1
9e3f80a812a3cdd1751bbd673c703a0f9ab8a6e7fb6594daa3405caac35ac6eb,1,1
a242079c4fe0e57b2c7b4a46120f49090673badd8bf1076b41f9207389226e70,1,1
879d051ad4135074835d46fd86c9fc14bfaf9d20b1a93ea27c0d9422b82c57ca,0,1
3791689225581401e0f6009aff4380cea3512630297bcf91714c388ee3824027,0,1
aba86a23e433dc45e9597cf2e16b97dede26a1370d016ba1cfebdac47ca1508c,0,1
34eff79e0e62b0a6bca2f84f5ddd5f29a26e24b07090a199c6fe45c383e76ab4,1,1
ed33e67f9bca8e7a17f0198a4bf888a942cad46d1f71fd8bd3bd56ea28913161,1,1
93a078dd7215f4807d3a534b1231dc509956375b23c5732fc3a9b7372f3a1e63,0,1
a57e4249e707e327ffd71cf822092b4cb98c14bb622c553a897c06132e3fe1ff,0,1
77124f52b8c87653ae94a74157feed75c57801d4cb6d063f580fbd23bdb594c0,0,1
dd0e6f1808f480bd7b9a094a359a5f4ae2522d3dcf03bc4a495d033bd6116146,1,1
3399e21942d90da07508ecb50b0363d6447f314ca06eded86a47abec09001c1a,0,1
b36a350633909e444e9dd97d6e15e21670b558cbc2832ebd87e94e30a72e9e09,0,1
a12948fd9b66d10a42bfa1594eac57d42366fdd1582767c2dca8b16b6d08ae03,1,1
3ceedae6498b37f44cf4b3ffb2c68ea7a148509b4f0ac5c9812e2c83b670e869,1,1
bf14ab4a41db83885145878d837cde6dc36db7fc3cafef1036948ca156c12ac0,0,1
55fa9bdbbb0e5e120b7ecb3669ca1ed45350aba67295ac26877e8b94db6a6409,0,1
4602de5ed15416e4c2f4170776fe15f2f05ffbbfd283a1849949dc467e158fc4,0,1
7b58fd1c1f81262b5eefa1558c840b346cb938d3f00b285ccd206ca9b7311c45,1,1
d0ea2da689bab04b52b2f150645e8db4c9db212a17e3e95ecf870f7cbbe2ee43,0,1
637bd7482de219dd6fa23b3d7ae746c2e3bb37c5a2768f17de0cf1fe3b76dc16,1,1
eb5a3756fa41ab2bcac04322ff0c5120b6db4f7fe058609643d40f483a83715b,1,1
36194ec7925b9245863106df14e70e312cdba101adf7de028bbbbaa0b1131221,0,1
b23f42b4a7980a2fc8eb60094038443b712556d2deee577703ca7d6145415e06,1,1
63d31623643d705a6739547bac8cc41fdf9a9a34db987a96379af152c236209b,1,1
f712e70dfb0622d7259349b1a8ba1aef5aa6d18d040a0fe57cd38781e2d91a0e,0,1
1bed83a64c563660761c86551ff1cbd221ad91fcbdce4384f40939695baf9413,0,1
9cef4a42248b86cd0e31566d4f65fbd82da386cdee9e008144019c2186a92435,0,1
a1097e4480731fba5047eaa48f66835a7e366b72f48435e32b5e2109425b7a8c,0,1
5d94ccf3f3e8b4abfe0422052e665b1a0cf9bf1fc93fc29e38df00999d6a1932,0,1
8c78afc74807c8171bc5a92e185f15ce961771f3b45643b1f225a9b6fba88ac5,1,1
2413233068099b4604e13a9a4b59f54e2fb995022ab67659be07536738dc11ac,0,1
1e9b28e4aa677667d6b90720ccfb9a74e8d0c1cfbbed538c1e3ff2019e5b6906,1,1
86f97681ccad7489b9c09de13ad93bd7a47449083c6fe7ccba1696e507ce6ac7,0,1
5811ac2d59b154e4c858810529003141e5fc7d01cca0c515a5ade37b4f025f53,0,1
2f7a24e21f9a7e87ac3fd7047c5a1b3ea1d04a3a23fbb4ca74dbe627bd8875d8,1,1
791ae34dd169b372c0ad421a2676407625ff8e2d0311e61bb622a3e35a3d0655,0,1
5836683ab705450d2ca65c60865b5d00afcf725d91fd2fac2fd5ce7b9dbfef25,0,1
0cbc049f72a9a30f3e736b7bb719133d08d17f8d2a20e6a4d43788676dfe9427,1,1
e3a0029e0f337d2625605769ae69d6e37b461fb1d943c50c5992438f57c30c6b,0,1
e87dbcafc9e72e05a7cbed0112fc1e7f1c37a3a8bc932a808181b88f5f6fd628,1,1
30bc9a7624dcc7de30119cbf0c09811b64b55d77d2de1116b8e4d9e1fb87a592,1,1
9a59d388174f4ee1e15e09cdb5300ac24d515a67b5a255b84b236957381de531,1,1
668e3e4bf46198b4360caebbab9323cbb8c788e710bbca4422782d6de7848140,1,1
3d242f79949d190e3de5d2a2f7eaab494ff9809e1817d1e200490de3fbf84b45,1,1
f4eff6091649e5d1cac62a212091b25d8c489f03a90de1d30c393a4b1341f5a0,0,1
d39fd858b2202690c6f6e798c787d6e569d9621f052b30aece89ae434554136b,0,1
75761475911a0a47e6e5e0b1a3f608f29593d1b5013034ea0163c3ed3ff46de1,1,1
68f5c95a5d8b39e2da1964f64cda957724845abcf0502895a5c168adbee8ced7,1,1
850e26be2ff768f404301cc22379432541c68c29b77c6e4aaf53895044431b8a,1,1
83450a708bd2a23bb44a23c2c2e686b4bd998a3287b9443fda7fc8b39b7a4bad,1,1
70705b1d6861773b7f1677797c091e4775a04c4e346070d8f28c0f16fcb8434b,0,1
9cebe40ff86a733942f5ed6d44fbe2e5a4ee9893c8873f4619163f72a7fa3b71,0,1
e5488c526f1d5ab81e2d25b1e44bd47b3d0f66b6955b53f08c7f5dc813ac8ce5,0,1
76b201dc6172193b0b455ac6166153a9f0519d2ead1ac03029f840da05b6655a,1,1
f07f98e57c9b773fedeb3553a114e6e5c13f07cb0a2c5566454e66673d3d7b4c,0,1
64020f35a8082627a6439758ad5b0e7eabbc4967f9a79f1bfeb4496fe5cb51a8,0,1
11f07d68bc7d447e9fafb1c8600422e8ff2083a7edcc5a25b1328efb01e25440,1,1
132596f48ebaf5dcb3935ede534c22570dc47a31ab1bcd251acb290305d1147f,1,1
e92ecf3b5349bdcb81bdfc32f7a7fb19fe8cc2d4f71e17797eb3437175b21d2b,0,1
06a2cb045086327bc47a6b2a18a724befaa82d57e8135ccf319219025d261543,0,1
435fe9ff6534259e7b21147cc161e3a3bb8e40a8b59f71cba61ebfa7547fe30b,1,1
9dd543f9c5e96a1ede43576d04cc7205b46c18d60749aa989ba42a8aefcd2cbb,1,1
c54befc93dbada52f23e9be81544e8533642d4a5531bd7120aac6f938bfbd038,1,1
3f981232895f23f90090ce1362987a1a87aa28ba5a879de3f5e5e1bca6dd590b,1,1
f7f51621d3c656d46206ee3cb846f3b9101079140c0196eff76dc8ab3b807cc6,0,1
57b31ac3b82dcb426c505d611bbf3a7c59d039c47f79cafe29d89757ec1b16b5,0,1
31c8fd4a019a522d1c020a43a51a917cec884d753a155d83b9e6cc9f260afb4c,1,1
dfae1294ac31d5aa287da03d4c2ffedd9e089fc769e0524c0454c48ffa51702c,1,1
f55f69ce75651552d22fa5bfa0cae79fc9b0e97b9aede572ff6d5ef0a49a8573,0,1
25bf67d8934c2dcad515b2f04ef64087804c05ca87d3e1f7dd7c251ffabe4352,1,1
1cc4aa3438219cbf6177707ceab5bd784dd303e1fdbad10662ed26d35038105b,1,1
d77ce3bcc44e9f8e2a3253513a78b221ff1a17a5a7e01861034eac9a9c8d63e2,1,1
849e316576235f7cb5dc88479935580bbb6444a893ebd9ef79068115bd3348b3,1,1
ba453ea2435d81ee89d1df1e8753f41fca5e893a6ef0cb5a719cd1b3da56672d,1,1
c986dcf590af40c6540ace91829b1bbc49416bfe715acd80b3938685d1f8f54b,1,1
a7d46bbc382d3ddf11e3ac5234bea85706cbf01b8d1914361a4193143afde038,0,1
0f39baecd8cba444c808870c048f88b676395720ee514683c095ca1c19590183,1,1
da1e0915f2ac1a42318ebc194de55ae22c56d80d0c33437b9240ea4eb363840f,0,1
7abeae0810970e6cfe0610f2c76f760a55e271a9385678f01fed0ff96ea6c02b,1,1
a179edc8c4d1ecaca9e9150c1875b29cb3e30a7fb87afa21e9d0f4003ff8b458,1,1
c7533cdb9a47746a3c1bb563b2e7c086ee0465ee8c401baadbeac5b61238a785,0,1
fd0029000f7f677440a2162fa58aacb4839f2f943f4e92529e08fba0bed1f3f1,1,1
38cbce8a19b3567b57c94c82b8160c852a017a5b555392aaec6d9f168f36513e,1,1
cd84ea7db80d48e33e630d80ca10304f5857682b0902d9c3a892ec5ae00f595d,1,1
359bb1716355f66c55a45211ca964d03e72d9e47746a6e5e3aaf3acb9409964e,1,1
a26a28e77c1d350d331243b792e131e7d7429570d07381958016c10cecd6421c,0,1
1562a4f71f2ffb462fc7830733fc2758e40c695bb714967c865962c96e2daf5a,0,1
481d31784027926a7126c47a5c6606da85ae38fda9308598793d4c4aedb0436a,0,1
e17037f3e33bf8b6d0de8f73896b6b0f8e42d0154f2f61cd9cf359085c40e177,1,1
1627d22fbf990775049ac5101f66ce6e74101489f297f8ff734edf7017e581e8,1,1
6291d383be3210e7a89ef589044d4be05ea9905f60c5c45e005ca58a48014076,1,1
b35ce808f0076f435f199795b0c6625adb532993e2ab138f28e3236eb9db4558,1,1
4e500f87fe85798970e3a924551fd24f3b348242d19891d10579f3c09e15c663,1,1
da1c5edab8fc5e6b7433fc03f2c7348933e6b6331f570a738d15673d7e25f68c,1,1
a4b3d836a04a35563b76884713b5d824a419082c0e837fb72923146801d802e0,0,1
7a4716f918705dabc176898596deb88f131338f48c21572c59158deeb1dcaa48,0,1
e52ecbcad2c3ca8f67fcd3f27fda2f398ff36824f40f04c370906fb42f0c12c1,1,1
a05102878254a81292a2ef9ae4901db9b67e7dcc2fe9ddd1db4f1ace6510ccf3,1,1
a46e8a32edf3427ae9efd2e2ee7ae360d2f16c64bb0a961d308edf6ef00f895c,0,1
c60bbb641a1b3c57278f4266b233fd66bb17205a2afda687f28aa5ba1de4c0ad,0,1
d64096f9bc34e0716df8f00ffc2953ea01a6a7794ecd3926a8deeb8eae33d1f2,0,1
bbc5fb70a4364f6d25fbcf6f526a36aced1f8a84de1d5dca03e06eaaaee56fc8,1,1
8578af58986a8b7e4b72ddc29e1b5e692d45b8a45c0c7b424b0d755f5d3db3b9,1,1
74e5b7946f4907344c885b6c2098ff20f113af23dae3cb7b1bb577a15fb8d26f,1,1
f7edc40cdd339e86c397c5ca62a0f9d70fbd72e31957203dfcfb8799b0fa1301,0,1
b9f2bf83499557df1ae3ff580d2f061d5662fc312adf0ce62e97c5cc996c9a1b,1,1
33b92844357b2452d15166ec5bb0571869617b99034334c97e5270dd407f1ada,0,1
9493a6a341263d1e4a87f687ceda0b1ebb1ff43e25515d9dbd2da8e9a44d1ef0,1,1
7ea051042f06c1f064d00a2d28a08117a44c3d75e3fad5fd9a028cc685b87927,0,1
b5f9663e85a1cd661abeba5d82a7e0777d63e5469276bfbd950105ebcd9c9320,1,1
917ba29f318e91556dd3939d23691ab1c60d1a29d4cc818b35e17f24f9be962b,1,1
1fee52f474f5447ca3fea89d5d75bac2c7e77b4a7108de2b3b6bb513e0fd9305,1,1
8cef8e8adae25b1e7f057c96adb93bf5708a37de6cdc29d02db86d49be09515d,1,1
da848d28377d4d78745d16c75063a3b60c3b1773db805cf45821451a756ce81d,1,1
446998402ba4891b59ca80d92dfa79fe91eb526e79a5d5fd1b1e8ae9e592dedf,1,1
8166ad20186745916ffa3213c52743110103c7c8f0199221d07de0c6109f7ec3,1,1
d74a05a9525b110d081156b582bea976117dc5c10c6d60879ebd6eef644ee7aa,1,1
c9b5ee2c96d8b539b98648b8864df82354b067717755ccdd8d1e0ab43b511672,0,1
c7174442bd54df66a417a13a0e63e91b32e9ec10d4d4f662b291a99467805940,1,1
f9eadf069b96ce4be5622a809e696d321fe8418612dd794e6b196a0d9b043669,0,1
66a17b1723826444ef6f59e3aef9c049fc92d2859c331d68798c1d21992a0fa7,0,1
272e33b2f1b1e51c241eecbd316d6e13bdf0463a419c10c6e2ed505c8daa7b25,1,1
2e398808f16df16fa5a37ec3203dc5815048a96d7c2f5bf22d5343a0dff23f32,1,1
5040a2dc744d7ddd0c0f21537b51a09e6ed11763b90b19243aa5c98334eb1849,0,1
f50f0f32facb381a1718c1197eb5b9f61faccce8799a79b7488cd22922334d5c,1,1
3cc4bd4cd7c14a11a9c94b2c307b02dcfdc92e3d24d6d3286d98d29ffd24c296,1,1
df18ae85bbc0f8538c56d58d21195820dfaca86f0b187c08909f240aca82fcda,0,1
3505c0cd5e6a841a68cb853803600f31d3af8731b22d07f8b829162cfc11b768,1,1
98e5f762a21a896b6f45a20fc08a6572cf07df1fa0d91e7f1635d533cdc50e4e,0,1
df4927be8ca852264c98eea9d0abbd33b5bea7bff70d87bf85e1eb25550908e5,1,1
111266b2956d46fa326b1f8ff4bda6e57fb283bb28e7a39edd107366efdf81c2,0,1
fc279625719eb9b2790292e141a201fc869f2b3719a7c6dfab1f21c571b80fc0,0,1
f37ea0770e444d689b02266815f1b48da9470ba9b1fa8ed0455bc00b3bdede1e,1,1
c5d37c33d3c8659bc7854bcec29d43177f7d74c46e8e935b069a213e1f5ca100,1,1
022ce5baa77969894c0cbff2525f09c6efaa459c6f93db06b4a30b9465404385,1,1
fcf40ba671aea839502e6f00879b805fd18a53416a16aa32f109ab681023b4b9,0,1
24798bf2a52b693d6f272a0744f03921ca1190a5433d87b3837551c9cb691ccd,0,1
8bcc4002d00ef0ac96eb1a431057ea6ee24591ee10752263836548381ff0a3b6,1,1
7fd372d11fe13ff08dcb8b7b3ae3336631d2728d13b9f987ea42c3573cdce235,1,1
ff810e9d68b82cfd2091812bf95c28017ddff624606999a3fedc3409bce7a59a,1,1
ac10bf93e25cfb3b67e16b13a33d38cdff61f49b815974fa79e51729a3d939e8,1,1
4257a39c77cb80cc8e17f53f35697e109ce5489c9e5124c5763ad3e43f0c723e,0,1
af499ee6504f7710c88ca1a105ee7c93095a1e90ad8ba6fdfee5bb8a707e1156,0,1
62205d8c987fe2fbbf1b93cf622d4f8d134ff16a655b62ada3fcb681d6af256f,1,1
6deef0a0252186e7c80955a9c7e6e7213af821f4b8f0e78d858f7412b32700f4,1,1
2ecf21b5a3ff1dbcaf2e94f01e87d66ce2f6a4cb5f745b4dab0eb87044a24b16,1,1
a04182ef2d02d397a242b3fb151ef0dc6db269d4b4d80b14d959bcc830423e24,1,1
5227f2df8bfa4b1216a9332270555cbdd0f9e0b49c702ba33dc5be64de181690,0,1
05609f4d4c969b084e6a6879f741c2feda58d0f00f55cb14b4c5e9c445455a1c,1,1
85939f57b8d7d381a4fa49e7f11aba4d83f926a01547b4ad80cf0178745df587,1,1
000a8c09c6aadac1c08a6bf5173f6ecae46db663147648c37cce52df9587658b,0,1
d26c00929ec1c93d733064b66bb5a55c1100e1d23d81546c7ca0ac7896dbc204,0,1
7f3c32ee79abbc4a145628781e619bd88a3fb91487b29317f9fa62269dca5055,1,1
bab573331381ff85f93a82956255f954c87c384fd54def83bad14dc81e932f12,1,1
d51a0612efbf1040c6776caff254b3d2511beca2a84b7a36e83a1324c97feabd,0,1
c93c9a32ec6b1765fcd4085d2bab62ab14bf74539821dd1747ffb3e785f0d2f3,0,1
879eb6f005ce3f53a96d3d0b85804f0063247201e9132c43694201cbb7f8dcdf,0,1
b99825292280332f553960561f5b6f533920a7b6cd94a4d4529ce521d439ea1b,1,1
3c6bfc223077eee493538bf24aa9a107b8ffed14e4006a64f62ef7fb190cdb46,1,1
6de695447dbe6abbd85f5eb17abaa066ca6d2b6732d671e024e932508c4a0490,1,1
5697629b340de0985ad4051c2265f79ce50d2a0c47aed5710ae9b322d764ec61,1,1
a06603cd9461b2580afdfa8701b67c9fb399ca6b7ee12d7df0914d3703174d93,1,1
5bf033f08256916812be123ea11d36585b9fecd9e19ecd50589e145c47e431a5,0,1
39081713e6d25fccf85f5043b5e2102afc6da34cc61b0968a12d81b77f23f483,1,1
050a5578d5c6aea2676cdf1216f151238af84b0ec909e517bd13a29f246a6937,0,1
9d380fd50a0de1c86a0fb88a6b1a1c18f49af30f79b23f8fd7256ed117f730c5,0,1
34e183d2e004d9af3636bca35fa36b881fffbf8afbaa7280701fcbd6952e47b8,1,1
af30b0013bcac1862318e7362d319c05bfd3e307543876974d13aa7efd35408a,1,1
97b45f5556b4ced9089b613bdbb4824781bdb67ce74334c7bf4699018c2d684a,1,1
be4c7497ad40190e9103afd046b63a075f10be214c61feba6c32c608c7a328a4,1,1
d510d87308237a5f52e876eba7cdacb73780e1afc72eacfa41fe045c53179008,1,1
e3838d68a72a1cadab54b5a8a91eb570c0a6e3a948db3fdad61e5af51526bc1e,0,1
fba8e38104fe69d34de9d2a9fbc4da8a48f6fdd8802d60ad1e9ab05d2d9f4107,0,1
1d779d8d5ccd39505581cadfeabfb75008db3c9f62faf311fec824ba612fbbbb,1,1
7ed0fe1dae865db4cc1db8533c9f6cc74f55cfc1a55a773455fc2b0bb281c7eb,0,1
a7c70f85a4c87dc8d891527ae821875571258e09d588829d63463529865dcf5d,0,1
ad4510a5db14909e07ec04562001f0b9049c18f2caea9bdf94858e2d8073e6d3,1,1
965c59391c0ec583db919d3b86d1149e4ab913bd3545506f936645504a17f0f8,0,1
b5a4304b6a323ca41993365e7a5294d97bef5cf5398dfa0fbc27858abcf0cfba,1,1
234cc3204c840e9eaedc08b6376fdc8400f32b0e8b8f63cf38b8d468bcb33e50,1,1
106c191c3a313adcd531d19488d8d0298cc1a43ff7a213862c660de0feb777ba,1,1
8fe44d8bc0ac5781a5993a0e6abea1b4b211c617908e13bf981a99c8e4b6b544,1,1
f256608589df962c0c92fa0fd437990dd29a46c66e2b7fb700a7d6b51e774277,1,1
e433e265f77780e136e54060611fb07d3e629360064d63c7758b73eae57cc9cc,1,1
e643864321221e9c86758cb115a2dadb890e3b090d89ef5ce7d6cbac3ead4108,1,1
3ab858cbbd9162eafedeea652d601ea687609cb5e68ec4ebcb6aee22a8a4d005,1,1
c5b7947fcdb203fa7eb21f5f64dd41bd5e3f00fc1749afe0d3ab142a31eb4ebe,1,1
4657582d9fc2c6ec621307ef0788c0bb46ac41b0d59d392df6ccc0c0db55b360,1,1
13da81e18f9e8841a0aed76a261f082bb4edf703b5b1b46882137727171c7491,1,1
bd231662d69dadd1911b789c4d29a956cd1ae9cfdfc3cbd0dedd3732bf84a09b,1,1
f70808d96890ee1cc9ffe22fe15cecdebb1363859bf4de8a996b058e6bf4dc1f,0,1
541d7b2317ab5d8518eabcca833ac116e1ad2aeea6e984f5f9bc83ed57980df2,1,1
fc2866c30567e0deb3d315239288b96cd2d1dbfb01f31f8adcd39995123bcdd8,1,1
b60e433b41671b0cf52eed9005c9974675a98f911e4856019afe38db3e60b260,0,1
d038d61cb9174ee550e253e6a3b98106f86b14cd61fc552220a00c3c53618bc4,1,1
647d9991f9113b94ec4ff98e5938437433818833f2534b544235660f7c6dd8c8,0,1
0803729ada2f963e8b14ed7dddc4402f68e7f69ff974585a9d146538565fe5df,0,1
09360f0627ee965574640f6f4cb3f2e41ca4dccbc444704740f96ab431f2458e,1,1
3bdcc74a92cc7e2d56e5d697734a7a1a15ed6bff5bdf2e36e02604699ca71eb0,1,1
820181ca0aa7cc314d8b3ea3c657dec374a69b0e7e0ee9860612a8bcaa881f9b,0,1
acfde90d1d06790d9a8a4eb436be4bc0a1441daf74604eb227f274aa440501ed,1,1
c4a29c7d2259d018d2d5c525debd50cc684dff2c867e43557d4528c4169e9547,0,1
fc42ba573a1ba4a33954096ef040040300bb6aace9b58c514c0bb4bbe4488ade,1,1
09ac2f038e6ee79a9d4d7fe23762254cbc077f81fc6a85451a74660a1af35357,0,1
53108919ac30b5c807886832842c256e1167c78ea9bf32d3768014fe08682ae6,1,1
7ae8802ab28e5f30928efb3a3b48b818b4c75b63065738c66456e38655b4186f,0,1
acf284064a8a1be196d378d6f352b3942cc82b167c5c533663de5f87a3999846,1,1
952208be131b71b0a9620f155cd38a7cf0e926b24af060b9ad1724772aa3d35b,1,1
890c732e16b17ced58a5a4f5675c655a1a418bf696d62aab6d39cf235a001f05,1,1
960a221c332c900201fe03ed2026890dccfe12e9c97ed55ebebdca0fe95e34d6,0,1
b5e8fab609cc3f76f23a1c083a91dfc67a2d7e335b1ab81abc100fb11d244879,1,1
075309a20c5d3502f8c2ad5885beb7b7333451c6cb332113ccb9de761fd48fb1,1,1
88cad94eaf3f8c41a0bc9f99d2eee73922245cf0a2cfe9cb197a408f0bef0734,0,1
e914dc939a43c7c8cc244598d060a5c61fb3a1d0cd65fd1ac4dfa71ace479c76,1,1
2debbea915658d39e66ea9d4860bb0cb26c0daf327efd953236b6f9528f87b17,0,1
e9f969989d91358801a089ee0d5e7ec796394750be97a7e8e126676b0813901e,0,1
f7d94b0cbc5d39946856616eee0dc75afb2f56b7e4ddb11079d01e3c4d47b1dd,1,1
e2707680b27a45b36ff958e913f6f401afa1ef6a40980e6e6d29bb242da3ea77,1,1
5e33f9dea186aba4da5ec74f2d857603363c1b2698d4908927ca6c163ce70663,1,1
26fdf0eba32c2841c7718da113b4e8921d9797e85458c47e901dc4fd56b597e4,0,1
9072146e38d07b04064f87d4a3f38f0f9ccf70137f5fada84a23cc8b355cef9c,1,1
1a4bf5b9e9bc2d0b39890f7aa6c62ecacd9a2639a4bd462ecec0079cac8a0a18,0,1
207526d163a66dca1868511bc7e732809b82fe95703cbaa36579921b5f438e9c,0,1
c1501cd4538620ec35df571049b111b8840d8f63f552c9e4edf7c38310cc394f,1,1
ec8f9c703182fc813fcefec5f7fc5ac7889cf8a5962fb8fcbca3b1e24dd50e89,0,1
ea830c680a99669a8943b158bf84861d672ee435a0d2c908a7f5b0cddbc79948,1,1
8616bbd8db1aaae7b0bf5fbb611a73f4d129b1136cfba5ed35caee7362a6ff51,1,1
115792d3675ffbd2ffa59faa9b54ac135f6d594c24c698fdd98cd687a7d95bcb,1,1
11677192e67258c42d390470300ed0781d1442a59647d9645f91aad91e7fd1cf,1,1
cc326e56f057e2e474aa384cec0c0c1766861737f092b960366951ce8f7a80ea,1,1
c96d05e729131ffbaf739d7301674d51db689036fee44aef60955882be91d613,0,1
f5e62b393588c9aa2f72fc9ddfc1b65133c9b08cf965318603e033b55e48f49b,1,1
8b19afc39254d2ed87cabe8e56f67bebbab74dd27a34dfc0263e3d6ff4094ae7,1,1
b4a0c977a50f9fa4a6c0f2b6721d1f7412b7839c81432dec7cabf02bb67339c0,1,1
4f806a9fb55a7f623d75c5552661e0a720709c388f9b97e88d233e0b250b0e53,1,1
123c39ba0189e8d794fdb9332f9cf6a6070ba4fc5b40e9748907c832cb3982ff,0,1
c1290719fddc510849a1c1d857f083add039f7fc890ae929423762a00effb9e6,0,1
6baf290b07cd899f79934c554909d325f4f0a09f1d53afbdc24c7451eb626106,0,1
951ff4a771a00cd80dc833a0a920ccc1b313cbf62a7eb4f2776f471df5369963,0,1
cfadbb5f4f79f60e80948972f398155d1b754e5b1625d8bea07f664e397506ca,1,1
0df35660ec69f2ea764d8cbb117c7ebc787db398d773b39c6fd4b79e3601a4bd,0,1
82ee7cf28e1ae8f1637635c4f962b451129282e287cef4b43ed6b5bbbef3819d,0,1
2b81f34e59d4ce557cf90791fd5b4335a57088a6e57d7f689713b57f05c57edd,0,1
180134f7d19a82677a6b388ba2d83a5cc35dc2f52b3326b520a1bac22e7d957c,1,1
b17307f2907c78e8e2baa88152169287c8b3abe9587014d71d2ebe3c9fd24870,1,1
fbcf0dbf54eaf9c32ddba2146250feee8a9a95f40f0d32b0026f27ea760b0f65,0,1
d3f0bb589db9c916fb1555c3060f3af9c680ec22f33f39cf73b361e718cfed45,1,1
ca4bc1c20dd40d91644bb900a55efa209d9538b2359ed7060af4cf75e6ad74b4,0,1
c1f3ea4f93cf76cb42df46c84753b81aa5ccfae4d5c3673f164b236cb6d3056a,1,1
65b3c3c213974c635e4d4c34ecdd23bbb9d48906a0a1d9dd9b787037135542fb,0,1
3d418c669a7bce3f7518ee1903f77667c031ac656929769e667015dfae6a9be2,1,1
9376e72008ee28e8fdfc58db5d7aebecba8e9c9736525e42d6453df37d9f9c47,1,1
3d55a37c27db41ef679979661d13051447fc4f4dca207c5a90d05b0af9746777,1,1
9139ea8e367d1b96cc418c1848adb7b9257e6a727ab883be985133387dea884e,1,1
0633d601083765833c504694a3fefd94bf053bbab78232bb2f2144ffb3b787b8,0,1
be72e275c0310e9b97d6a88ab23d6ca148673179d1d17f74c269500c910b5a23,1,1
f3fe5e54d0393b84d9c67f5fdff1b9f062452df3c4d2b1a43379b70674df3b32,1,1
97fcbe678bd58e38f790074f0765f04812b8096d113ac4813f8b10536f76c859,0,1
18869f5c11d99a8a3bbf83917e43ad87655c9e20ed14aa137c923a521c462496,0,1
fd57fe965cd8bd2be8cd45255b385bf3fe6343f3314226a37e18db232db14957,1,1
0a2871da169b1b768fd1e6376c272651050d41d5be27d1c75afed46805898a97,0,1
bd7541649647ff189173e8c37e71afeae3f5b7761c462000b5dcfafce64a5d71,1,1
1b929c73848704dd021754db77f98a0b66c8b1dc4490dd3ab42023cb2631c12a,1,1
b1ced15eaa9942489b972008069aa7309e61a98b9d78038039ba3b83b45935ae,0,1
1932d2f6ff781a32d1085b3cb9fd0a3b1a06c9b43a39c2a1e9f53d3cb22ec36f,0,1
b8a2c071f271be3961e3eaafb1a1bc2431076aa579fc7786180b3816aa5da38e,1,1
772397077521f8ab9086e88cfff6fe57929166cc3857f50965956910f328ba24,1,1
dbf110dc9dc7ef53e8e2d25dd328d5a5c465393631370b33136bb977c2c5ff2d,1,1
80e67742825fb122a84f06e4527e6fb1f94d4f51b83d98e24e94bcda10199f44,0,1
55dc20a04fe734a31cf502cf832729d841af682a1cf1dd12a8abb052b6c2b292,0,1
1b540ad5611d3bd439cb6e513bfe01397a3d5d0d6ceb620525f7a8a54f5a2cde,1,1
a3b2fb4bd05317d277a524fdf43a6e6513b89408d00e3f910711d1f7d07742c4,0,1
06a09e1df3e6fb2e12837ca479fd1d963115cd1b0979a114e2a48c89713293ad,1,1
255d581b60263d084caadaf330399c2a2fe18f67b720be0503ae57ad68c3d186,0,1
821e1608d22703708a645a8958d6bd51b351e78a9eabaa5479cfe9ab23d8fc0a,1,1
7488dc0dd29bd2f5036bbbf09047af880e1374eb87302c636bd9f3cb67f63098,1,1
0057ea4440b3a51b3d6bff069593a4c0e5c1541b3d628f32962e46cd67308118,0,1
0a9cb0f6d0956fbae0ebf09d10bae5bcbc5720dcd72448d246c7436fc922ce8f,0,1
3258c98904c8ecc294a230256ce8a00adb413a14c9240fe87e3ed6244ad7addf,0,1
f8f6e9fd994364ed942fcb6843ab6a4e9479d165816bbfb50692c3cb7207a2cd,1,1
066ee170d8a4fadab84dbdb7a517550015c303923b0a530ad888143154c1f651,1,1
62fa47d15f44977fe95879f1e57d082cb21d782f288d0ff22f29d9295b4afb80,0,1
e5f839551fe38477d015bb2b3704036a6f20de0066228856d66cd7227b7c8b09,1,1
915bd8f4331f117e14c808f0773b8511dd2a2d92c9c523d7886cbd526a55ce35,0,1
5f563de34e70560b1582ebfb7a4d46fedcdee2b91d2777edbf6af6976de185e4,0,1
02bd83231ac870c37b7e6727981825b1a513a8c94c7fa2b7046a2d602997d9c1,0,1
d58a1f1e544bd4ec04d419c563303c25af88273604bb0c7166070740cabee3d1,0,1
588a99f184cd35fd9df3af4b615c39d9ba0b545061aadb6dfe29abb64dee5f4b,0,1
f6e477367e438760e860312657780f7c4dd46143fc16f44d3937052328902ba4,1,1
93e443ef81850106f3a84987c773b864b4bf52d3983f5ee5a92c775eeb80e4a6,0,1
57ac6a084dad92e60dab9f13c965620d7ae0cea897a1aff15a98e5f0071724b3,0,1
1f23d8ad5123455a231de3a994b590ff64625b9d3430fbe1eb28c3013f51cfa3,1,1
5f2b1a324dae85e17ec6593d5a5ce9fdfa990de1e1824ba0e37da1129e227658,0,1
c3fd44679e974652852fd10472e6147e8d84011c7bd61b8babe6159c0335d6a9,0,1
783b73aa8d98e630171d61a3586a8ebcc742d81ab8d546d4c1fedf712711577b,0,1
fff9f8b036b7501d86391f07ab5126523926b4dc235b004c51b70c5adf5fea24,1,1
caad04cd3963ea116e2f13c3fd27f728126b1a1e62cf40f62ade0ac5ab9fb0ae,0,1
9674786f1e7e8111fe8073672c5ee5f6ca5e64938f07c5a7dc41548c16434aba,1,1
3ba8e9a83747caeecdd5b4c81b06f5a9941aaeb1da730c02a7a876c1c38129b3,0,1
926352a18d176e444789bf2fdf00b09aa3ab541b7797c43a2a7dddffd9728f1d,1,1
86a11c865d6710df87cb75fda055ed0b2affbee7f6499d02f7d2d7667386ac7e,0,1
733dd5bfcbf937b0c68933afcd21347f3f15167b07d11e7d4cbb0f6467115ee9,0,1
7489c0857119ce190ba3f4b9c38c72216af342e82a04b966f8a7a5809ed11d53,1,1
b48dfc5942d7601c8c18a9869e66d780294c75973a6ea3c4bfc3cc31a60cdbec,1,1
2e1b56101fc41420d4ad806fd20a82c406e311eedfd29a6a7b19291e73570b4c,1,1
2a84b7b519c59042df565ce6fd5d9408b76b04e09379dce543135270fbe413d5,1,1
5897a28aed94423ee03e27589ce0187ab4f3eca39e3aa095989759c5ef8b8ade,0,1
04003a5b36cff10e24e378770e90e604dcdccfcd8a2eb8f251d9fdaf20ec997c,0,1
b79d02c21f7babe3d9be04b7f2937e35883dc43d98c868f1ed185ad9f9631aae,1,1
b0c8e7a6f625df45fd55b72bc5d667e6c1bc9c9becf659c187ea18efebdd6dbb,1,1
3def52da2bfa0c1c2e13449ae35ba85b14ec7178a22403776dea0290eb03c227,1,1
dca9549134d1d2066f2d0b3309e0974408bf38bd1fefb617b5b7b381c010612b,1,1
ce1f6be728b18e47852570b8d9bfe8135442f42eff4e87620a55fad07b83ca6a,1,1
18a586ffc183c43a9d48967d4be284bf36ae31c4e4dad8f9b223946a3c298055,0,1
f2b74f80b54685822b12ec169f9f05ef9ad9502119318802e84a3edf4c77c63f,0,1
75b068032febe99a3a1224279faa60394339213b4e77d99a1e5b2ad36d36ba1d,0,1
4212fe110a2d8316f1a61e790d4247a52dce4bde0a69242750a30e149151dbf3,0,1
341c54a03bbdcfb9bafc073d075a73d01b5b7a9f8ecc696e06f46f7176d8638a,1,1
9d4e4229fdaea027bb5662fd3db29ea846040673963343565cb70bbfcba7eff8,1,1
8d7dd23b438d57ce6f487ca3ae12ed905f3eea137cbc49f889d8278238ef3931,0,1
bc0638c3d58ff3377432bf8fdb3f8286cfa3fe605ebe1e57095c9288e8ff3230,1,1
784083e9e139edf2e59c6645012d4da3c8176cdc6af72e39edc66274e17c2de5,1,1
8e1cf3afe37b1d5bcaeb2f2bb76651d473dce920073061363696fab226a6b942,1,1
f8e3480ed1f0626ea6e63127e1361f7e6658263b12feaf23b7b017a60106b0ba,0,1
3ccb63cca9b7281cf6ab42b27a7e8e26a04b559674555e66490c5ad34c38beed,0,1
a074dd87fa366dc8c8591f8752bc906c7c4196fa43fe8894ee60b5a3069ad1d5,1,1
748160b98f4bc6974302ed538405595ba3341170a42e5c79e0b79a8de0406342,1,1
6110ee8a0ee47a2ff11e59af9ae3bb7411a7342112f8e521958691d480c7379c,0,1
8e102fc1d700ca1b8ae1efa4a330f88a857ccc2d23a7ffe79636e1041b3d60ac,0,1
ab50f243c7a7de57d498dd2d476a4f828a6d63519fee0c68d1468e56e3d9d1a7,0,1
6576a6fbe69e6954b13987f20d53acc256a158916f445d043513c4d498547ddc,0,1
22763ac261297b7a3cb83728f03d13f97abaf55765268dbf27cd682ca9d186f3,1,1
48e3816e8f9dcb9bfbad8c9c0383a2cf5ce7a9f068167f7ed455cafd4d74bc85,1,1
d5b8b0352b84378e5855a5bd6840920d16e73934d2f7b01861cc70f697e886c6,1,1
c749d08d136180e940a54191b7a89f076464504bed8444a9b9c8c56d634dcd44,1,1
263646e043f0fb9bf1d1c00fc25b8258ed0b3379ecea56b495ddd2874bc727b4,1,1
28280266fff58924c24017f0adf0862788ef3f5b32f8aa02598692e7b53acfeb,0,1
beab90e1efba2639ae74ad34c21b7cd39befd2e391c043b55eb0e84df8685329,0,1
5209dd882b785e27ed3461aad6d228d94d5618c5342a21ec161047b5c64494c1,1,1
d493a209e4c64fee876eef77ef9e2e049872eeb2fe2ee68ca65c0ed54e5484ee,0,1
c1c6589a34d4fe5cb826c3698dfc67916b894a6323cc6af454ffb461a7342424,1,1
54f3d4a2415b81e6cd4f5c1e0ce2f6e167f47be81546b420cb9396f21fc1af2d,1,1
80613bf933bc57e4d7c23bd0c119bc0f3f94baab61d7625fc7a55577de197593,1,1
8679439f1334d5d92a06774c3d34441488b6f8e8be6c76409a46738d64c7438d,0,1
70616e6e838c65b0c70aec4b423092fffaadf058b4cef1f3c9bc25bddbe83054,0,1
4303943f3871119e267ecb6d4b1a1ca82b3024f15f2ea4a0033a598557698120,1,1
d85bd80eab2b7e41299f0f9ecf57ed05aff7fae4fe37f165d1cc12259e76f7f1,1,1
59ededa76ffc79850cd31f4d7fd8c2a8699e0aa3c1c094aba531af16d410c957,1,1
dad4aecd9f1b413c3dd08928515abb17acc55b2a86eee00bc4486b906dcaf4ef,1,1
7d912ff83d26f3f222b29cdf1ac7b27ad54560e01f3746ec25266861f413e1e5,0,1
d9a71e3ef6f48311cda82db3561dd7488845eb2da4d6bc8241325dcd39eece58,0,1
0e7f6a2d8927a7f3f9fdb47705d7fbe88e07d9b777091d9a8387c00cc018df59,1,1
f6ce56ddc06b169277a64321f269bdfddfa68669e5425deed8ba73c1e5366c20,1,1
b66d3a98884cdcb6f7e5ed2fb03d595d17ed77d0094b311e64049637dd6c4fb6,1,1
1376f8d355f6c7d7773b21aa2f1f88964b5b186e7d52b937df1c2a33938908ad,1,1
fe5e7f1ee7d1eaa692666656dcff112411ddbb8434285bbd2fedbc11496584d5,1,1
c36853a24f41503eabfa7c305c5a29f80a8097340d0868c85d7d95735733a3a2,1,1
6ab8eefb1b4c065fa26db6fddaddb96b6b4ca1683bd1de0df7bc46006ed375c1,1,1
74df5eef69115b0924c63dedf0b0f23046645d69c1090923d7dead21ca7c1dce,1,1
ce7b04861614ba8e30c9deaa34f0f836ffbc01d0e71af9804e450c584ecaf9de,0,1
9a2d882623342aa043e46e7cd7bde1a89e71e3f4daafa9332b40afd9e9feadb4,0,1
6dc5cebe74dd22d5802f46a958b6387d8ee192783d22e41481a7580d7c3da0f4,0,1
e417be58e07a9f3f6612dc8d14dc78e845b9e0769d8c6577e1f0880ba63b1220,1,1
384404ef6ef44e8eb718abd19fd48c8a2215abc1ee9b70e1db0d9d7cf37829f1,0,1
868ed3a9baadcfb467339c0702d4fcbbe8334429f2e1fbc2be9b989ee425063e,0,1
0c0911dc7bb2e640791def12d5ce98fd88c9aaf43e5c47d97c2f4b9d712b5d47,0,1
f225634f1b96424a18f7ae8a6199fc5b3ccfc5e1998be69b5a1a1356b14493ec,0,1
b8d22c62e8962f9df5f764b2efd424bb9eacbded5e0100b5e0b77c5d180a78d7,0,1
8c25099db3716e15f068b5a4509c7d4a00748817b1e50cf23611177d513fec01,0,1
8d95fbc56488dbc9943c2f7f2215600fbfa17d007433c2606598653959a6bc9a,1,1
432842b7909ba0c1b143746df90aeab4725c288d819d95e68f0825910accf7c5,1,1
466aaee8b423c6dd21ddf94dc0e90ece6bebc63b75c1a3231e50ce62e9c6a06b,1,1
2288af4b54d3f50e018aba001bcc2d5c9b219044067eb54850c4c6e0655c2a21,1,1
d69bcfc2ff52e1415502cb3deb513a92b94be0e4373d8e644db1d559a638863a,1,1
f59267e97b0f7f6b77f94850c252f65f708c89bbcee2a6c286d06cb8daa3f140,1,1
e855cfe03b263e6d29b87f9564763dd4eea9173b15a85ee13f1df441d7b63207,0,1
447bc745088159f99cc3c775c07ac054a894ed8105ad85839832f34a3714c598,1,1
e034400f7aa4f98f76f0df0905cf6aaf02761a7bd0e985be5d07c8488c9bdf66,1,1
29c54ea3da2ba6e610ffe0fda7bcc58f2803d6511188bc3f598fb29d01795cca,1,1
74471e650a4e01e08b8da53c2d22ca27370be3ada8867f1215e7aaa20568b0bd,1,1
aad6e59a57fbb7d69c9b914ce82e886dd312c9d9ac7d22c358708b468aafc6eb,1,1
91411bf75591d31da5ea0a2ed5b98b667cbb51f500db3fee32c17559afaab36f,1,1
8e5a6485548d8b2a0e418df442350204a6167664de25b8435cdecfa81b5743ef,1,1
6b90ae5c3319dff452284056d51ec226fcbb2be46914a4806f4edf529385d6f9,0,1
2cdec3cd31360c242ad20497537547eadd8b1c69188f0405cd1a4cffff082a6c,0,1
0c83c17354c4a71722557fc9d3433566353b047ac50efe10ca4f68afaeb9ce39,1,1
42210f4c3584f088af96a64a7a812466e338403e9502b3785365c0142666b91e,0,1
ad67b0eedfd65466c0ce3d819a0af5c38569206c3ceb7163814f00aa66903600,1,1
8991c613be91ba5a8da1341233b18818ddf32158effc01e62177d881a97c0299,1,1
73e7c5887d34980a4b1259a3e82733a4c21d1b87e0f3193e28fbd06818a280c9,0,1
8a347c59f226fe0b3ffb46abe028f932964db6cc49dce6db35e142b50904fce8,0,1
eb2167b01688f3fc8d7ae787a8a3aaf26db2be4ad344f69d5186415d9eead67b,1,1
eebc1abb0fb12e616c673223268140897566d90a940c2ec1c2024a9d0b52d474,0,1
28418671bb51b9d953f30dc0e496a79f48a33af9e6f01c864fab254fdbe166c5,0,1
bb39a0c31f33c9cc7bcf3dabacdbbc1447ad23b9fa3efe032ba1c1be0fa96daf,0,1
aae8be92ff64ed37777bbc63ece18da9a3399a73d443d2150cd3cc4a34e0e5bf,1,1
49713cf99a1a139c0d084829f47c4ae305fd3a1800244ef60c38761d4e0d899a,0,1
4b70d48e34fa975b5ed74d8e9697f2cf8d3ee17ecc9b9f3be331c22b4734fb88,1,1
e18a856d2c2f0cf7fc3619303128a3b7a4c24ad3819078fbae675fe8ad3c7ad3,0,1
42ce89483b2bd246152d13bd29d1b7dc9139ac1e02aaf2f01eccef083b7a0f39,0,1
dee5bca3a27f47c4c2523ecd4cbd1881917f0430f2377f5d671e04ea5182859b,1,1
9107f44a2030f2509f40d8c1cb7d7148948ff3a98316098e43318bd1c15f41c9,1,1
dfec565cf3b047f06e0a1b7ce2f0bd058a6b27db86b437731bcd0c39ad69a3b0,1,1
c14825c621cb3472d1ac4c0274148f5fe4630547368b720880df27a642933b5b,1,1
0621170ff069d1eaa21739c7cfe2067c745ed11b99a26310a82aa8fec716c0d3,0,1
8c4cc75ca20d4c2119207b87c39edee33888c52cbb73b19bc21aa9fc6b9701f3,1,1
91194b82b6027bc3eadbe57f0e556c796fef471ecf5b681ae88c346417cf8f96,1,1
cfe36b87f4c4f9556b2f54f0d8464c488fc184f8bb53bfa7cf4d1d334e65cffd,0,1
32537374b0c974e61c73bbaa9ec6cc522a85a0f4dba86d2163b4f62808e5c7fd,0,1
2575c7df01bcc21f8d6dc7eaef1b642db7eaaeef27e29a3467346f3ac4671241,0,1
5ce3e275c19f578d84c85f7a81e09573e4b4a112e3b2ae8f32fc8f7cba609baa,0,1
ab8d9094e9b089eb01f67c6c6e87564e1b62626e5af230f0325bf54f9a6e30b3,0,1
1ef7c2cb9de3e62cdb71028dbaad419582b4be4d9faae6509a4219ea66640de9,1,1
3aa66e391349116f333951fc6357863a72d0d233d0be9f9901f36db4f83145e4,1,1
56fdf74a71a3f565056659b64d1fa5a0ba4181e4dc7772d037b9205255b1a249,0,1
13732364f7a9d6ade461c6d944c7581f313a844b479f4999848791e7e53c298f,1,1
6380a2b3a07ce6bd040d866a051fe055849541e7327d3fdaff13a4f9fd7a5276,0,1
6c5aa58e3e53c1dbb1552c549a70dd879c3ecea6f9b2c7b735c98babaea99e5f,1,1
d32a57e8c1cd4600458e31fd5324d5da7fc8a113efa07a57a84556b5682df79f,1,1
99e12502054f70869c78fc32fa05c3de036ce5665d05fa55f93859e7b8ea55a0,0,1
9e96d2c77305badc7a75c6a4a2b1340d1825d16669117d8043470843e35a538d,1,1
1fa95665aae59cd31c31d95ee629fbcafb8031941852582a5b4346e839a7a99f,0,1
a1845e40aca709892868198f24878dd96e65b96db97dd6a9dd9124532fe4c947,1,1
0785675267607efe261f819dc9b30bdc6dc6c7139e1404d34fa02f77a8d240e2,1,1
238ac4400d9ddb43697d57c18272c0cb6751a3f471a002341684462528903e74,1,1
e74aac629b9b43de6cd5b0191d6f299494c6957391d6309362aa55a890b0d6f0,1,1
1161baf1670bfcfc7ecf43423e28f09f3d9372db3f503a5de0938cc00c507b1a,0,1
d3bb695e3b87fbcc90e5866c2ba983ed5aa4b5aaa3315d3837d9dbc9558b1920,1,1
852c1ea43e0889da8ea1c67b0e1d9a7dfd7a87e781d7230ebea165b388cd68f2,1,1
90f8d0fb76f8cbaecadf640459e232b8f34e03dd5ef3123a597c552979f701ae,1,1
f94e51cd90cce53a2cb4de1ad426db4a8eae94f1d11735d0c39b6f75f21761db,1,1
0a6c08a3fff9025432f77a0606a51801a5749bbd724161ec20ea51ea0f7c0a5e,1,1
5d264a33d1c9053fb8ff42104abe80b06eabe8167cb0a9ba65b66b4192d6abc8,0,1
a85bbad363abb0ff62d6156816293772dff373141de000b0c20b4af18c2b5d88,1,1
d65d214aae45e9590a181ff695a037521f735e0c684b332d081f4501b1fddc26,1,1
5aaa21fe9b3a55a3c24274eaecc01ebcfc78f0e96a84c8322c1ed0ec460739d7,1,1
74269f7ef8e78752e4a253586f353a849b1184bb7d05f4a49d2c6c89ac629ab5,1,1
df9ba7302a1a936492c4571fa714558ee9dc1eee5da868f1c86376a5d0b60203,0,1
60db978c2109cff13c4040d3a838e4de0731d98781aca5493b7fa430be93dec8,0,1
25eb9f349b3e5849babe324280bc3b601a6e8d8fb648559572d0fc38754b20b9,1,1
872c0b696885bfa99648fd3d3ae0ea4f82b9d1da88f7590f38fe87d3c038f187,1,1
d801adc5c5bb3ee314605c4e3186632de311a44700f07e4549343eecdf7740e4,1,1
61be460e83bb9618e107d9776eab2681e23a5ebdb4603caaf3fd7c72047bc234,0,1
1378d08d3a27b51d280a1bd93bd4c332024022b4faf9629627d46ddbdba76d7d,1,1
75bc592214666b5b4b0f857b469a44f0b1efd13eaadbebfcf68103f70be14f3d,1,1
2824710865e73196a30882f2796e166e46f6a2fbff8f3b01f8f2b7790d50e781,1,1
8415d8fd2c33275b2c41795a61ada8a7be8fd64c960a0679e756f04cc409c4b5,0,1
a8d9fccec2fba0e38c51eacd8f6e9d8d420cffb8edb10d7d1820f7fe33532e1a,0,1
0dbcd44e71f02fe0514f8bcf8b2dfd0ee64f08a9b9dbdf4af07304d0514a8719,0,1
91c6526be1aa672a38590e8bd2a917646d1ffdb20a2f2369eaa464fd14776699,1,1
ce78f09fd4b1d14ffa36df1b0a9cecd576eeb62cba7e6732f96a5373b87c6fa5,0,1
e41cd6ec333c1aac6cdc4d1e212591774f8e9b3b9801dc0328dc5b0aa2281e6c,1,1
2d3cf6d0e56b58f79675de1e2c76474d4834e8001b16d8bd38eaabda927bcdf3,1,1
ed5dca8a3c33b3736ddd86d446e51d6f2e87a1ecd816872203a23fe12a5b4068,1,1
c13e109df000eb0c040ea4c778bc60c55040d3c7528f6ab12711c0c7cd640dbf,1,1
48ff3f029f4306c3a72f075f777dc9180ce7e4c6bb4662d7a75a6fe032bb10fc,1,1
f083b6ee7c818806ca81c631a75cf040a439272e2c0b4fd4d3aca8feecb2d5cd,1,1
03bfba30e1dce8b57c92b931b2f66750efb49e99d7a87f8843342e50732da4ce,1,1
74eb9f4e90b9e267cf61b54e8bee64b08479f1ee764d9fc8ef14f232047211c7,1,1
07af24cbb8e9b26392e0351a8016c313fb863f218a139cd0652af6b351107630,0,1
e28356b5f5c4d8c31dfe2a2a0cef08ae532f18b0888f47d3ff1876245358eab8,1,1
51a37c74310ba7da1d7803883ba587016a052ffe15c5cd073c6c78df4ce7bc89,1,1
e1d75098f346383147d8676fbf9f368de22b94fee65bcd7247d2663abf930680,0,1
0c74bf1029a2337445c86bb42eb3cefeea85e795b4bd550a578a332e53fbd3f6,0,1
47c43ac1663f9358204f9b2efde92a369869f54460fdbdd3ad4dea7999f71870,1,1
7f0ea06e8fd60747228efbc4c880451035950483578087a2b9265772dfa17bb8,0,1
b99c9998be071c2d449038108d2dee5034da9afff42990d045ec5867258c0e39,1,1
33c51a1e1c28f06810b222b5f4e7fef94f73eee94b85785e9f1dcfe65fb732a7,0,1
d041165b7135663d3e5081cf6af53e4cb5f57d0ae4bf01962bf1d6aaa8d20aa0,1,1
f9566752d214ed950aff017244cc4d6cb82cf5259754da089ade0d370999c407,1,1
3567183660a408b3c0d9fa022bee09ef41fe026b0b6d984f9b24835ab133aef3,1,1
e0ebdfd46eaa14110bd3cb41e032849e3de737ad9b41076b044a3a3170cc5802,0,1
90e46aa0f8b0d0ecc549eec962cc601d2de983442803e913fa089dc508b9bd9f,1,1
e8d781f55ad19969692be12f5830e0203bc404d9243cedef3c712b390a3a4fae,1,1
2b795d4418976598cfec07885161715c675abb055b949b4d35e70d104723546b,0,1
302b1eadeb9406f86a16bbc6c303c4c5c66d29e1041396ab274d71d85760b666,1,1
6e2ec7d7918977223eced199acb394e02e36e5b1b5990891032892de77da61e8,1,1
5ac590917023a24e34a048e915b50ff1c7e573e13fbac5b71e5fa35d4dc4c558,1,1
0f4678ea3e6baf69ccf601e197d89f76e442ece60e99222ed27e2ab6c1f04285,0,1
b8ba4c698c5ae31fefdfc5dcfcdb73cf3d9942ce33adecf27554d6c56d89fd20,0,1
025468ab86ea455def4db366d0282905c03e9b514a23352e85d1b5fd000b9270,0,1
dda26dfb79503580a663bb8c7e26eaa48888a196490a6d86e08e75626544e599,0,1
f8123acdb986c1485501e7c651eb3597124d50a41161931c0f59301c88ff9638,0,1
ea84016892b52981bb023079025c9de87a23d30bbe3237f9fbf45154af4decdc,1,1
5f30372c317607cc6d94216f975692b48a3c753f6429cdb588dd2737ecc88dba,0,1
546ba06a43bf6c854d87b7b9dd385f2cb94ba0e419f8e8dcb07c8c511d8eea55,0,1
83d701456c94c8c6a44e44c99b3ecb27a989b1d04f027a742e061a6088093374,1,1
e5fd1e4ecbb0d4cb2019b6e3292a6990654cea8dab7d4f664faa0213d3999590,0,1
8bd17abc86b6d806686ddfaba1ad19336861b0eaa91d557816180c4e459e18ec,1,1
6cbbc5127283b3c1835c43b8e6a81c077d2bfb12564b4ff22dfb47b183ea5eaf,0,1
6267d6c8b534462474b7a87361b1301bb1ffa7a8bb202475d0056592743b4d71,1,1
176477ca7d6589768039cf276847e0523578a1ca4d74fb0c0bc2cbfbace81962,0,1
65a2370aea2b09ab8cc7e866557728ec4bea728cb53b89f009ba515ba6de0511,0,1
6edb41a979dbd22ebd000abb20e01434c85220e7122c7dc3739d47bfd08e9e06,0,1
ea55e3c1e9bbea0767cb8eff767089ad4dca73d252cb979be978ffa61bafae42,1,1
60bc0d72b3868e231ea3cbfa0102167bb95b3411525aa67166902589fa15e57a,1,1
6ff32d5319dadda6d83df84f198ef131350a5dad39e2b4573269ecf2aa0b9909,1,1
3d553283ee772b0f874bd5926bb6d96f00c9f424ffa4b3bb72c290165617a6e4,1,1
5c14b431b47b2bc9b64dfb38f6481f629d5087f9ac50df6cbacdead29c945177,1,1
8dd53c149add48b83b7f81274159a0cce71d8954b8379a6c3923f7cd2b45a657,0,1
37002217dcce8465f9d6c660100bc3e9d3b58a873a536a5e1f43c18f69708670,0,1
336ec8f77391a647f316db1ab51ae538e98e86dadaae4fe003fba9967a0f788f,1,1
72d1293797b783bd2b10dc3326de2eb4275178bb2b10149bc27919ca67daa879,1,1
b977f361c012c0e976251de1a19eebc02106dc6b7b34a062913a6c144cda7f0b,1,1
b1334a7dd6aa81d2d80707305fad3a6f8dc0fd368fcd965eed35511554ab0190,1,1
8a7228fd521ca3ff64fa38b1519a450d5718f03d6b975c29ffdf00d329956871,0,1
f757f80d01133a538eea96ae63ab5798305d60e7b9f302091e6f2161a00d504f,1,1
9cf893fe997b7ce2960750964ef37775f126d6c18500bbb1358c421fb4113560,1,1
57d6a769fb6ac23d30d8cc281e19c10624b439dea341cae3160a8789cd2ed807,0,1
93419e3dc0a7b6c48517a54e598e9a311fa982ef8207d3de7fac0cfb6e2a2576,1,1
1c5c72d88e9d9390474484d5a1b4aadef5f79ba3184336286d5335d4d8c61293,1,1
de76d2d4fc03ce38bff73cf73f46a7bbb3f0cd4dfd989cb0880c891c524e489c,1,1
4757373713837d5ec79984bdbd08d3cb5c27dd5beca061c46bbed7a9a82deebe,1,1
4d741ed2f9bcd9fbb0cdd5b571efddb539a2cbc141dc8e9dc0c777f4b8b49c06,1,1
dab4ce3b2e6cb83849eb6a5c244d31e52a7073dba8e9848ab7edecbd18958707,1,1
1ccc71e52fb0b8310050f9aa180a35422f092babd08c7a807413529ba14d3049,1,1
e29bc3b67d2aa450259ff0b1cda6e6233c92dba089198e0cf67dc0d36c5029b0,0,1
087a8ecfa83d9ef259cd7e1111651114644cb1a2f11ced29f776bfd5b44e6e16,1,1
15e9c6d0bd2a5e2c694af0e4851ea85cadfaa79835fb715c72de68e98c08cba9,0,1
37262c9f2a2caf0f6d292f1e8322f0b8d99c7098b790adaba8591cc273f3c31a,1,1
a486e0cb066e4b6ea113ce36e47f1dfcda9f8b2c07ceb09319c734a028dfa71a,1,1
f8d5adfd5cedae4923a6ebf36b775126de750e0a66951e700cf2981cfc215006,0,1
be3697385656cc3647f5b40600ab63164688e5ad454b0cfbb16bdb67d3a72faf,1,1
8a55b23ead1b59dc3c7fc77fce2e4916aeb00cb1822566f96de4d821c3f201e1,0,1
c558df665099e1623163046f9843eb86fdb9e9adaadde6933fb75f5ca6c2266b,0,1
65fa1f39d73973db2dcd1368c51771874c6f96018e675c7f6662375421e5ca65,1,1
1a7f56423356b7a0118ba711af8c4ed00596e503f5719dacb85a4c763b91d832,1,1
df9b333f062bab87774baa79d83e229836685a9c757db6f1ca2837b078d98b0d,1,1
5735ef67c54d4d98180631d35effc4b5959f6f15909b5e2e4f06a3359217a1f8,1,1
e0388e9f651a6c28cb9987d28df14fce5d6bf57c18312efd57483d1e880a2011,1,1
23b832d711e1b27d117e775fa2dd6dcf5a0d91165cab563365991baec5fe5293,1,1
6a99965b9da6d51e3f810892296c5cf9795e96062f980357f783fe8f6a647acc,1,1
bc55981e9b598a4134158b964ba85fecd4fdff639e709051cfe62fc0ae4cb05d,1,1
d68870949f04281abd096abf1e3b961a26cf0b730016cd587a866dc760bfe022,0,1
17cb3dd7b1f9f49f2437e7938b40cf63d71aed4f71529b69dc2bd158268e6419,1,1
3a73ab65f49544bd9779c05c76c883ca00bdf272b7a152559c431d1afcdb24f4,1,1
083e4e5376d1671f0864a29de91a1623a8cd42147ead79a2e85e112dbe2804d3,1,1
fe44d32e72806c8c0bcacc69802a3d18273c01fe9ab67dc1a611131c246fa6f6,1,1
0a06369b4c20e26d3a9b59a29591a8c936edef7d9f4a27a153b1a58489fc2558,0,1
e86dee5e3b3dec64e4da8610d165ad8ba3cb6ad05e20e9423b09d082192eeefd,0,1
9dec943f0ecdbb8ffaae0e14bfe12c806f4a3d5301f3c1702ae3e6d8fca8f30a,1,1
db092603dc789113bcabd7a8d3b4bd07907cc5732fdaf13d73e4731b57d760f7,0,1
637dffef0222cc5d3f014cbdc2059c3cae2b7f6c8e95556de084c9ae4c282799,0,1
61a97e62c1f8b8a60f76bb5d1d25107c57f2fe08ba8eafdde836885d5c974dc3,1,1
7d57dac6086b67ca7832f320c1f4c191748a8d030a271acfbb1986c905d2c485,0,1
28dd15f2b3a5f7fb7006817feeade6acf14cdd2782d4cdefcabb38a79ac27a90,0,1
752d97fe5b685ab5343bd089dafe2697b4929e5f202c5c36542d2e28b0e35d72,1,1
1f924391a1363264dfef5f6b55ddf004ac407d8f3ca8bb869346cbd42235118c,1,1
e3e30e307572a9439789762f745690fbe7743906934986fa4632572d3ad51037,0,1
cebf2c6d7bf0eba0074c228e52b03fbcef263585ada66789b2bce5e9268e09fd,0,1
94e97a3be8f4c05db0af92b62d189a3ef6f78b882390ac5f16821295b4fdac22,1,1
befc69123828d2af077474c6286d2187a08c64aba535243f67c7511cca797ca9,0,1
cbe2128f7acec37226724f25153c1b4b843fe4cf18334e90321a00d8718f63f4,1,1
e34641564c1a21cb605fce24ac4ca6751bc0750cf2e29a5e005d1623506e856f,0,1
ab2b157969904c390030e32f9f3aab8337a99c3db28038219a013b32794a0929,0,1
592d85ecf5863e172ce3d4d0edd08e90a1663c48040433941b82e191c27ed1da,1,1
8a59535f3e3ba19386b2adce8e67b7b2fd1bc31f9a736620add47f380915a58c,0,1
38199aea5724473bde90a1382ec52c1325168046fc0b20548cb555c402143ad8,0,1
d79e923216857f2e35476d7d4abe76555d849a4395a67d39a064d9fcb7156aa2,1,1
1271b7c7869bff579be386ce6a7bd495dd9edd248df8be3f961b74635cf85533,0,1
9e4d96b5f5b92beda80b6faa2257e76c4eaed558fbcbcce3436b2eab6d1e97cd,0,1
19623ad2bf3501fa9cb9b642d3c158b5fee67f644030cde56e12587d54d1ea7d,0,1
671103516904fb124c1b94c74d6ab55734b6913e972e445f742c30ce46637c54,1,1
f4b9343291a1e0d995ab85df725bcfc04bdca0928e5a7143e88e02dc1f850db3,1,1
12b447095327db9ab8834fe9b9a8121ad51436713c82b3bbf9fe61f85efb081a,0,1
e6f9a09fdf4ca7aee1339c90ffe6add651a516fc85f8962eb57e38176dc91e89,0,1
e7ba76744eb322df0bd90766033cfa9d221335605b523b30930dfdc118bf4df8,0,1
65928655728adc3ed45e5a7fc0778c3becfff7838588ea071d538e5d5011f583,1,1
73df7acd71244fe3d60b26ed2562b4c3738822e0d159fbb4c7b7932f84c4fd24,0,1
68dfa656684275f65dbf21ac4b1059958a6fa8cd2035963988a6c60245284d6b,0,1
8ec48ec22f019b23ab019fc062d878334e5170e66f7d83165ac9ed3b7542ba29,1,1
14078ca80660adac83e44a9830b7a612962ccde6527715a727fc1809b83405f4,1,1
c5c5e8344404b5fd18484c0ce2297d84faf6e8001df53d547903ba6ea6978955,1,1
10a7d909b1f1900ed880ffb90a630788e29b06f388e508daa76e54f3380968cb,0,1
bbb76df712308773f6a5606b6fbf82c1aafb6b440536c41758d39bbeeb794531,1,1
8a6970b25233a839549d8c8377130ff4b6e5a5c9e13014c18f0ba817576ed854,1,1
e1cb967b453d0af4fe2fe82aed86b2890acccfaa39baf805657ed990e4978b33,1,1
ee6c970a08d71122bed437635a0cb876aba2dd59b9a24c234ba70810b8e11549,0,1
3ca4036dfee0cbfacbc3cc5c149b5a2240da4b9176fed3e8ba4bd2d73b7688d6,0,1
30fa6b7e2cb8e8d87d3cdd85a46527f10dc0618939e4210f2c3ed5bdd169c646,1,1
fccbed896c8eb2f273887886f3d617c3e30a57218c2377863089a47e2c0a27fc,0,1
d9c4d6b2167911ed832b72f05ffcc4e921d395e6fe57cbe837528ec89ced7f98,0,1
232024eef5a07f65fa276626e08acac56630ddf826f0b0bd372d8fb3f464d744,0,1
475a1b13892bb1bf5e160044a24dce1ae601158a8b1e69a867a7b6fb7026bac6,1,1
9f343d791aed99983143002351fce6a80dc05b89690481e4e801d53f2e614b08,0,1
8da42fdbe6773b205ab58f8a51815063d0d4aeac83085d2eaaaac97e7b3ccd46,1,1
a8faa98141712ddb6c227cdd91b0f1b4792fbbff3280668dcad11dc48628ecbd,0,1
9d7e76fa7a34ee92c78983a108e5035774ef82836231434cb5d5d76177470ede,1,1
4b5e36cde8e3e7914de2b4bbd6c2a5b40b40d0de1670a1c00e1487cb68a1adc6,1,1
5d2c07ec8e611ede2abf59054a1d232f98173a28b42ca17e18204a6eb18a8d4b,0,1
b6d4fa09a5481269d2039c7904c3e8ab92528ab81188fece1abb61aaae893779,1,1
06c7569868a592fb1886fc3dfb62fc1d8d40954619e45444a1f596471cf6df45,0,1
cde09094f609fd79917eb63fbf99f96a401154b931df1559341c0c514bb2c1f3,0,1
9f2b0e312f42cbfdd97ce2caef56b5065fe1ccf48f85ca538a10c35cf27a316a,1,1
facc2a955fe05f6c16e844990dcdce540ec0bc21c51b2252a8975217f2943429,0,1
ba4597022243226def217b06306c13fb220b2d73f175cbadc6664e0a463922fe,1,1
cd5433ced8e5570b9fd3c24d45605c5d1898d26cba967cdfbb608ddc5709c9dd,1,1
99230eaacca3eb11865079b78802558b4547b5145b0ceab4f1d9c34dbce41356,1,1
723bc55c090e3429e23f8b5c5e5894723a7169a289c60e17f651d25541c96604,1,1
571513cdd211940227e915641576ab1a44fc0d8b0b73f09002b667bd684572a6,1,1
ecb740f5e852f4981ce094a3148dd30021c9590d1a5742744819180de991c6f6,1,1
c44f8940283acd4377c4105efe1df0bf5031a0952fd6cc168d1835091bd91fc9,1,1
94492ed8d2c94e14e212758fe0b596f7cb4b2e069189999d6b33d83a70f98f60,0,1
a506970abdae6f2bfb0ff29dd9cd8a7c578ba3f62b891fa2b9806d84ba514fb9,1,1
69b9a613de9e72ad032555b69a202bc0f29249eb37f7d6379062846b6e38c30a,1,1
9defa4da00a2ec3adeaee415195442ee7ff58bc536fbf6b03ad46c6159c12a4b,1,1
de4958dbce6e7ac584d276d416fd09ad828fbcf3a071523e0d3adc06d83777ce,1,1
98121de999635b2ed87045562e1090240407236cd759022e2852ac6efe774329,1,1
145a0efdee1d0cb5ff4ea82c8880ff2f99fea5bfa82925081b938d91a73ade27,0,1
6fca709c938e6e8c8030d967fa910f936a3264a2aa384fde5c80eae0a95561ca,1,1
856e5c8f3456312e2bc330167575b45c62f0d8d532e38f00edc220d0578fe14a,1,1
63d55104941c192a3fc0e97a411a01a601f6bdee2ceccbaca2f74754717e30aa,1,1
1fe5c027e3debce9fd9bfeff031f9ca8f42c8c532f29d270b55c08fa928fae2a,1,1
53231c8bb44d3e25a49727c1bf16fc6b24d64332f501e89e460bf6e4cd06cbc7,1,1
6a9816a883179652601511042c4ac9dc913f8f6faa7d8b8d3513e9507f49059d,1,1
7fcaaada084b2ce3a60a927fe64bfce5e466ac09e76e7c1e6cce9145a314194c,0,1
2b86a18570e72c87461a6a13fed33b8ba49341b2819423b0aa8b1f9ecd1cb546,1,1
6fd199017d5fad48eda71a50c7a160d3c7b7f3efbcfd358a14929e8a681ffdf3,1,1
cc351de363c20b05634aac5652fcf98c586a41c1801a300566034c7b24aa7130,1,1
fd28de063d03181a357886d4704f33f1d60249d44d4581deb9720b344cde41e0,1,1
f8fad88d4279f72820caf4a4944bcda1bc0babee4c6b020e3cdf35b1bbf53d00,1,1
b266bd7b3740bb8c1896ca4e3a1f05d46d13e9e1c47ee15a567270e549fe63b4,0,1
a0933aff3fed1a354a4357c4ac64d425e5c0b6584473ea684b43729344807ee0,1,1
467d64984c7a196ba08d1ff0b7f2c0f654323aad31b53d56d0b5e1c02b0ac661,1,1
7061f029b2ae886e309ce3539979a2029a338f32dbf28ccaf6ea4b786ac3cb22,1,1
f7e589e30445b2abae1a35b81940ffa91619ca2ef554c3293541a389f7e2ce06,1,1
b91afee0c17b744a301a8336341943e6268ce093cf9d7feb42108597a17d10e9,1,1
3b41c6578ebfbc2d03331c29d22a6aeaee4e00d066533b15e3c3807855b6d265,0,1
7e139613e01ed4c43456c3db025e3dcdd98d2928ebb45eefe0512bb7b6dbeaba,1,1
946483b5b7710c670525e58a04421e111023570ba514357de4a39c920be81d95,1,1
aba42efb035a18400656d9d25d889da351ff71e2730068ff12edcb648a526760,1,1
6ce35c4e7759362f2e27bcf5c6ecc59a8f01c174541c96810c4a463528669f2c,1,1
666b9a4ba5ab4d980b55de856e1f48423fe6e4cab46a3341f1a2b5537161ad27,0,1
866e6377d0aa14bf100ee60fd0e26207bb8b1819d4ff5b5175f1b2cf083a9519,1,1
14a8ad173b140352e90b6e18f9aad5962edffeb63d79d3aa170e0522d9d0b2ea,0,1
94fab642fa0a1dbe3a0be3ef1249580f93cd43e4369ed570a9ec164b3488145e,1,1
85cab832f0098bae1ca3a35b644702bb6fb6c3d722625398f5569efe433bdd75,1,1
562f87c446ed1931861782d07b38b615bcd8629689ad9e4406800c03602debed,1,1
ca8b553dc4f03276c449e5761658047d7effb04682bf9f35a9de87f4ed7912f2,1,1
a9fbd60c105cc1e731e3bcfd6cab684e992d968c2a246b55930632ee17b215dd,0,1
60a1007dbf6025640cfd79c420f642bc6be5804494efaf3d80e5a12006e3968f,1,1
cec9df4964c9a1a91e61fb57273c27834e55a13b1c1a3be0946ebd0dad9c44e2,1,1
1fc5b472f9868714d4a72f86040868d646dab0dc17758911f4c83a912aa57036,1,1
257f43ab8d2e1921e7cee5b7b35cc2a5ce7190c9e729a4067c558e7837a4aba3,1,1
a451ea28671da783c7cbc4f319028c02626d15ad6066107e55c3c837f1a3a655,0,1
64b825ec912b9f36e366847ba85192f683452e76e4de027e88605e94ea61fff0,1,1
b666a0bbfb6a010058c5edbe6c8ff42796229263f1ca13250d1a74c410789139,0,1
f94327f3f7a37f6c1525dd26816c4f39c1f66d7058e5bfc93b05aab1d2396479,1,1
5d15bf6d087357f703d4be82563d79aa67a66462930794c3695b1589d0024ee3,1,1
bc96172425e9d2ed0cf0b4532f82689fdc27d4cccf8516eb5ad4255ac326b289,1,1
18a264379d298bd09f833e727496cb6f02cf2e4a6cb0dd230de018e68490b165,1,1
51a48006fd0210597d34e7c2d264686f570f901a35ed2a635ecb22013810b29b,1,1
4ae1bfdddb9e88bedab6e3d1d0955c771831d9be6c0dd435e62a610f21d2de59,0,1
57fd7a7578def595d94edf785688f44dbc25697d301baddaa6c22a1646175c47,1,1
7e6f230969c3a0f06ea20b44d4cae6df2be6eda3ee70b9141be93ecb3ba64b41,1,1
9dc8946e655b9bf6736a38d216fb2532c9c95334b48ece2c993eab3b63d51f8e,1,1
6003c82d623ee0df40b26a6799578d6c03c3665418571bff37b06ed6d1c07901,0,1
f202844880e531b30cf8fb7fe0cce73c3cf2558ba50cf56e4a1523bb419532ed,1,1
3dcaa546270290688270caf5a810e9a224146e3fdafb71cf443e0ae4d2b402db,0,1
99e21f784e3639ec75d55aa49430471908e8e8f6d38f54da96ce730e45691a82,1,1
df338a8e6737505c9c8a1dc476c41fbca7707cfbf586ca5004a79bfe80af985d,1,1
e53c09c50d6fedbb5af054ecc9fb72126beba4b22dcc9cd63825345c307cac90,0,1
6f9ef481f04b29b4f0b2e76003c41bbe8d21d58c23b3982d2d5d7580956beb00,1,1
8a3f081563acca23cdc89d36683fda976458ad8c1055d37bf15b1aefd4bcf0c4,1,1
f0c8b2c2cabf4d40ba0c20284fb0d8462402c4b73861d0dac54ba11ba11864d0,1,1
db491cdbcb199da97ad2f55f6b5304f35957518ea9247081817c2cdb56aafcd3,0,1
31acb05b4c6b4785f5ca4b368b75d65117b0819c3e0ec493ae680ace14d1790e,1,1
201031a69d91f3df8fd399c82a7a64046488f2d7eff94eadc713ca1171e9f929,0,1
95235ba71b7079f993dc710cb67735a41035d22f862d01f9dd8dc8a3fc4f2e30,1,1
248680de3efb54a5be1140cb9b87677c1a4cc01a678c9a9b1fa64eae59647cf9,0,1
e2ee4e460ec9184e69600693c9a2fba1e76a50148cdf247468995f3cee2bd5dd,1,1
fe3084d5fd8548ef7f459a1e22497b509afb80cdee2bda6d2b3c9ad375d46c75,0,1
d7ea76637fbbd81163faa492dbf866e08f10bb58732cdc2e747ada5c57c07361,1,1
63b8dd6e9903cead3cfbae7002688fcc15161a92363c0329b04d566a87e0ff3c,1,1
c6e259fe2ca4abb5d4a0c114acc6d81ea8bf48920547a9017bace4d1c19c76f9,1,1
6220ac93ec7874d2cddffd78b24a720840bc4880e7d983927ceb14c548e3274e,1,1
3d9b3a18beea24407956ece104237a93284fd71e5dc9094d18093b445c5bb496,1,1
dccdec7d1f239cc9456024662619a05e04de6b9e171f50430b92e6d06ba11dfd,1,1
075377701ca39120fc9d1c69af5fd59d5523e766991e3cfc38a4a5a3622c16c6,1,1
d89ffdd434f6583f781c14f9a40d009df6bcb51b6f495472a9018962c41aec09,1,1
94d913994771884e3cb69ef1899a5b6cf68f6cece6de8b8a043462a57fcdccc5,0,1
277271e519cd5f65731b09a89c9b9c11736acbe02f48106e7644cc8acb18f1a5,0,1
53da8628ab79d63e1dff40ead3b03840d165a9d9930c2741fb25bbf1e8a4a3ed,1,1
a934157c472c659437de66b6f24950cf31a362756f01adfdb9d6cacc02dc3506,1,1
08f5beda383acee2b7c58edbf6d346f28e41d7b060f872ecf4ec63caf312c37e,0,1
c2c22d3225947c01d713d22312c4041b522b939eb87712f65df1ac77e13185de,1,1
7226d50a681d362a570b6f7a1fbfad16df0b59839e16c76b8635917123937798,1,1
cc9a216fafe3be541d14c987a325dcfe836d8510c4134149a5106d1ad9928587,1,1
a81c92cf3beb494667db57b86ce0feb4f9cb637459adc91a0a24f22f1fe86a33,0,1
17f30ddfa089b765adc58fdf47d30b9807de7a03f3efd321d2b50f8b6163b387,1,1
a56de5224e6c75a18cfa8137ff80cde935358e00e9569da0a7fef9106080ea33,1,1
8e5f85328d9562c67349424c016d73651fb70670182bc1cbaca7e04e837f405c,1,1
ebbf1ebc8a7e0dd9e25a4b5bcf60242939b797208faab26e3c1bff748c7113da,1,1
d6858213d33d0e09c51fd9331bd09314d245e374489353403adff836060916e2,1,1
c1d46f9fec79a2e4704ce101c29d4e8e7ce3d7103fa88df5cac63a9cf74d17d3,1,1
958441b35dd82e2543886dd3519be12fa58b7f13709744d09c329892df5a5a8e,1,1
6c3c3505868a3b18d4f604d55b6b0cd8e04bca6bae89e7c47e348457f729374c,1,1
09482d7feaf974a8b56756ff6e1c08b1b0b36ea71836de674dc2192a6b75fb54,0,1
0d55e7470b1af4876ad378cfb8d781c55092b44749f1edf751d5c633b164e950,0,1
9e5f3953a497251319524d3f0a489803f0457ce7b657c54030e0ffa65a296e97,1,1
5855bf1a5fa01165ef61ea91a157b46020a8239cf9aab684720b0e24090b2770,0,1
76c0914807bb396ed6d821ce5e40ec2d41fc05d973c4d857612ed3cd46259ec8,1,1
c77faf1588e2acd53888d90c4d83dea09cd276ebc5ec7317931573f14fca83bb,1,1
766d52f54cd8c4c6740807d37b72ae8cf2656b4d86650f42a8ceb94096bceaf1,1,1
c43139b943c54f5de24ebbcc4cb5cc2757455bb467ec26396abd63d639a84385,1,1
b814148267f67420d554b9ca3b7f228f00db943858af0e80af9bc89a62d7cb15,1,1
c8125d8618b2f5b5d2facd1be0965e50c646a9f59ad2234c5eb5d8cef263a9bc,0,1
fc638210fd64334f04b0e014c509b1a9de81ae21aef04648b878b6a82abf14dd,1,1
69cf28c1a9dbd28ac18a4dd73ebb44d5017f9b578ee4413b3fda82993776395b,0,1
16d1fa828d2282715c76336361b42c9edd5b8ebb0bc9a53d976a179a19a901c3,0,1
78b6c0599c46e42fd2f4c969d9bd9b67328e4be84b27a0e10915274832cdedea,0,1
aac9098232c725ccc315093339096f2d3b4478d5896e4393511e2ac8bdc66aa7,1,1
15b1bf1d4ef44219381fc74ab1448e2a9bd59ec64bc5de6c84442e7f3dd97d6a,0,1
9b855c79781f7fd3748969667dc5e4056e53fbc2519c0774ef7e18e7a19f1389,1,1
620a3525c9ba0f0e7f610e24bcfcae4552538e36006745c76ff655a071f277f4,0,1
56e9dc1940c6eab13058345702a4ae7aeedee0d0ddfe872d987ee4ee10d875dc,0,1
aff837d2ad74fa7270a939ca789076fbf24413e69ca2116f0f26ea60e752b5b4,0,1
27ad2f06f83b4ce38fef2ef21ddf0d3db619801e4cbab00224fb6be44dd93588,0,1
d0a060b594559ab1581f2090f7101ef91e70dda379fe6c5507216b13a48d0e53,0,1
2822ecae749cf7c55df35a0a9d723fe66d040625244afa36a2a3786a13cd51f3,1,1
2b6ec3cc5b0d600c24dce36f2fa5960905123992b03a17ce6f7cd9edc34fda87,1,1
a2ed6d86f244afe75ba067b834ff1bb0301dffcd9f2d86e5dec3ca59dc6b905e,1,1
d7375294f616492a587e0d83e098fcb982bf76e65f914a38591db3942b24792e,1,1
515dbc198752c7ee9758f07d2a02056985e2af5d2f31c95af50621d150f7ad85,0,1
3ce53750404a9e318cd274c4c9692ecaa9b9b111b84d411a27c3779625947a41,0,1
9e4375433b1ae9bef40625fb30ad2c516c51f79a88f93a03b04d90602386542f,1,1
fe79cc49525c2ca3f78d384b14b1c667ba675372792fd9144e500c8fc5badbc3,1,1
2d9fc31b21f1f03679da8654d7127d6d00cd86e0877c268b6087726911fbbd13,0,1
556b5da5897971b1058c542196277f6bbe3743b6906b2541ef59ea3b02bdb4c9,1,1
42afd5f25bea63b0c39ab8cdd73608a6133478bff8d009d52c8195b811da5504,1,1
99acb73f1e472d3a436b86eb171c62b690e6181047eaf94cf32d3f40307c64c0,0,1
80e18f93c2e69170c5bc026dfdb275c02efbb7c8afdf0e7c38b38d5e5fed25c1,1,1
28b094c48db35dcb806e0c0b632c1b6bf6f8e40e51f903338af613347229c90a,1,1
0ab9a353758f68e26eb5b817c4373d30e9ea93a0d79fc7f53cd9d7d3c1dcb352,1,1
79a857ad0894e2c32ed352c14db1d87170998b8f06de6ec2bf7718dd6c5c9e84,1,1
337980e982189526cbfa70468c976a48194db801fb0a309f69571869ee34096c,0,1
0a06d8b057be58fd205fa05e6991566e7b492cc888a4fa8c42782d585cde4822,0,1
33e5d3b2d7c9df76089cc825d8e95e03cb2656548885041c3483b77741805aef,1,1
e261372eb6285dc76564787a6a8174fc457210337f169353ab2e03fec0076d3e,1,1
f3b58151ca89b6f6d69dfcc2a7980f1fbef81d99a63700b81cbe7833293be64a,0,1
2f58598a98d1a310273c4c8d42a8a069c4b3beaba8779ab61af97790c8f9007a,1,1
0c261076a866f25ee2fcfe364c9729597d5387b6ca18eeab05ff9ebaabdd818e,1,1
67d391bf5e927fa3d94ea8d8a21182bc4f00f0660b3a8a87766556801c579b6e,1,1
8ae02fedbd2d91d0d21d12c8f765295acf756c0a6f1daf8dcc3a3626b5d9ba94,1,1
aa516de691e1859f6a877a35ad80cdce05588bf3d0b2da164f4f5a26fc58b340,0,1
aaaddfd1fc91160ea673f7516cc157d8bc02862d9f314abd6426cc2cc288ddb1,0,1
0f07ae0e19c831a37db750f35a649553507cc355279d900867827eebc7d27543,1,1
57d79e8b597f555ad533fae2f4159e76165f24f020c1d723f32f040cf9122cb8,0,1
77171d6ff70be4ada9a80ac8907a9403191b6f0dcecd942037dfe60171f0fa19,0,1
a2618b63a1058014ecfb3e5f9aaab27f90bced718666a7a54b02525c71686caa,0,1
642d675fab3a9d7303aeaf160a2f84f9f3f985d1e5437b46bd18235446389a80,1,1
5705b4332133393f0459625c6ce1206cfab9a725ca1621c327b3362439b6c2b9,1,1
f8af051049c8f6b105aa01835cadda233e2a75baf6b22e7b0247d6aade08b6f1,1,1
de5948289280d3a8a5cf9c04c0fd9217f22722c8004dc489ecd4f97c71291715,1,1
d226c0a7901a5782e0c19346318b384c263d1e86965d51a827534b3548ba6dea,0,1
b40f13df4766da75daabce8c80286b53be42b91092702b68f083207c4445e4d2,1,1
b1bc81dcd42a9b26966faadebf03aaab676291d2df59740cda507b416e460f09,1,1
66236ce168a8c91a34bbefac9c6b5ad866a6c9150486e167a3ed0f3cf9570c33,1,1
3ea2c16dfcc8052f290b61fa2f3c2832ce1f41891a349e9009cc5c1220ab703c,1,1
43c39c7bafc5d3d98538ebc021c1d32c7f24f79b8e1bc7cd3ad55afd57e619eb,1,1
706262ca6dccb5c1bbdcd89b84bd4479969bf8ff10c9e9ffff5d239aa2deda5d,1,1
3cf9339806daaf30305b7e1be8572b584cebff28a561df89a467c1429c9e1f84,1,1
f3aee5286c447f225f06d5f7ae120401e97fe490056f7d377335f51ef4a80309,1,1
649255d014347cde5433c8d894e2bd49a23190b9a8872bad21f2fe07ae60ca5d,0,1
f9c191479c84bbee688d6346e9c13c49526e8099c4772ca34ddf1b2776ff5949,1,1
c6139c6d0efe84d01cc2e759799511f5a6f7a19a7c4383fd653ec825b12d8bcb,0,1
bc034bd58182271928d02b9de7d1b57a99687ebd4104f5333c7e4eecece11f48,1,1
4fe78c6e7a363b9eb1715b6e319932423f973ba642c48ba4fef283ed58067f1a,1,1
bbd2df312f705e1ba3b1f8082206eaecdef34f25ec0a31110482bdcc02bfdc2a,1,1
9e4f788a1365f3fdbe8041dd08f78e255894df06dd3b71fb5722a3ba4eeef958,1,1
18973e4ed1b8eb73216c317ce073b86c9ae6d80262ebe7ecf86932376d1848d4,0,1
814481ea8293e35b8fda13821adba8ecaedbe4048697b91542798249cb9fdde8,1,1
b83630987d152c73543eeeb98bcf78e01cd8f68c1b3cc8c888831b54dd4a6a66,0,1
01293d000583f7bd4a8e7645c668fcf740da6edc94aab272db86b2c44af5ce26,0,1
ab9dc728c3cb8ca0f6b3d1fdc35bf61cdd746c8e592cfde7ee870298c0411410,1,1
38a1ec758117fdb0501d692a6e15aa36023c740971e9fec3fd2e186550bbae37,0,1
a49d113772623c23e5292e3648021000c00bdc70cd04430cde695c83bf33155b,0,1
a930d532816b9dcb27c1f3e0be7199943901c50ef3325e1e56867b3c694e57d2,1,1
92545719652b9aef12c861bf9d1f90fc25e4b9617429e9dd0df4b45a8fe1a2b3,0,1
21585ddbf69be1d6b0c79c971b2615c625cdf53cfb58a64540f81bcb014c6951,0,1
5d12c3adf264bdfd213d0099e3d888c4ac4908bebcaa274db35208d649b6c6ad,1,1
0901813352ad7208baca0bbe3b7ba7eff105146733eb55da28def8506122bf67,0,1
42c0dda93a03eb13139f191538785f3a1a4e89edc91f56b25cd091c6e6626741,0,1
3d5ec102d4019f5f693f718f41d99cdb6eae205fa1feecb8a211604090b62195,1,1
fa51738d34c41756b779f33dba887f6f089904332cd640067fea65c1a8a53ecb,1,1
91c25d66edf193ec4731694d096d8d04d800cb2de58b7e0d1e8566aef16808cd,1,1
f5255c15cb1e3cdf8db3bb09a79988b02787c302cab784598d6a9deec33d304a,0,1
8a92939ffdb5048f8a75b97e6089ce5aa6dec83228a7ef7422018e881defd92f,1,1
e14352ec6412baa305fa0c0721021b30bb23a514e0b5e5045e09aab53e38438d,0,1
f431008ea9db2122cf4ad8ab442a4adcb240c3f1b92a80f033d344a5898b80b6,1,1
e94891c3acab6f55176c4724ed07780b37b546fcb4dd53e74bca7456b3806bb5,0,1
b3d5706a9332d53c1a6584d6746dc4a9c05496b0d4cbc3eefec42752f59c2238,1,1
0ba1a55ce2cb96bb56e860b85c9d76e1374878de33d6457b63143e29b73a9490,1,1
59903218a870f7939c4cc1af80022f5b06910e85331607413c8ab9635a599e87,1,1
d06c9866d327752f92d8d52cc7e59a86e62e8971a7ae44d21b5f01590e614d29,1,1
d4b3ba3bb4e4115305cf36aa3b40fc06b162e8ee6934029074fe437b6bd3fe22,1,1
d5b4925f1a0419d9a80ca2e4b0c425de864c8a018010de54e000c5312aa083b0,1,1
e75c77ec334163a987096969ee768dac88cd78c218a9d443d1fce94ecc9784ac,1,1
2e409a8b92e8ac1a0809daa6e9dde1608bcb83d67b06064a410e70c0e3a747b7,1,1
fecdb4d58573eb361e6cf321184d5cd0f3b68a37b633a9b5e9219afe35d3e4f5,1,1
f7538bd2002f00a5f220fabd5921da09226ba1e2b270e73e913c8ad292997bb7,0,1
9263d7709b54cdd4079cdf20af8a00dc72edf77ffe20e86d40a1c105a7fe2c56,1,1
d05e670a0ab105fd2380fa72ba42ddfcf5ff1d82f18787839e471a7c14a1ea3f,1,1
13456435d2dc3d3278c50fffc1fa89cab715c33b0f97f67c8606d4ee493ebeb9,1,1
8bcf4f66472a07c2e1535640e1fdc96bbad478fbf4e689b065bb1f4183e07572,1,1
8d1e290df845f05fdf6b16239720f04ad714f95f13ccd701c4d36085791ea8a9,1,1
c221b7383db4f07181d522115980d92c673f8e6fe21cd27cf4fd9d0cf9af98f5,1,1
dfe846495f781ec9ec26a08928b762272f1701a5ff3c0f2e5f9c716efaadd6a4,1,1
72b55150c732807763e7a38d1223cb93fe09e018f6830f854103950a50ea0ea9,1,1
64a453bf99a125903ec6d3b7a2739dceadbce18d6f4582b1366750604e6ce0db,1,1
bfa985bce128b90fd933b15ef3feb916e92157ed06d51bfed57d78ec99244e3d,1,1
3b58ec76fe0baaa9d6561054d6894a8b054f3aee0caf2ff834243ce1b8959e77,1,1
90aab875159264e8f0bd25fce245eaf20294e3e7bc0d4aeeaf39e16904f583c5,1,1
fe5315c281a0d68450931298209c3797c44ebf57c752c232703b1d97b7fb51cd,1,1
01ea33b6f5ff22cd08530a03f778334001fd3d9472e42fc5ee99df569d6a7555,0,1
a881a1a946cde3ec2a44d86e61cc2058a6b393a3bb0091a881d4750067127698,1,1
dba999ccd57c5de5880b9ae81154e90a5ee6f3a49f50e46e9df6daf5cea0555f,0,1
88b5fd772c13280dbc105b39562e73ca9aec03de8736415d195ebd2ff6657eeb,1,1
24fe70c0f944e4c007b37cac71dfd078134793621120702a2bcf0f3a11c02aae,1,1
18e83fcc6d6135d4af10cf57ec28e94ca8eeeafdba29cc54091b511e8406bf80,1,1
792b47ff4115b097dd071266a4b87f94c4b7ccb20521d185b48d24909ff18394,1,1
f441860715a4733c2a60c9c8c3512d3fd2b4a0050f69918bb4f3c38989f347a6,0,1
d76977d2f17eee16a7cdab7adf166f3cc11dbb21cc4c90c22e7e82a179f9f21e,1,1
ce301df571519e11a747c683791da02fe1aad5b7f203917da70a3a9b1cb691e6,0,1
76cd0b46505491adbf89d2740ab481f307488f826a15655e42b880cd43b276ab,1,1
79cffcb519e1f1066bd8bf2973a6a461f59116babe27484d11329174a863f951,0,1
15edc6ef4920c634ac0bf89cef56d2123dca99ccba3a582b6cb32b39821832a9,0,1
dada6f226eebbba093d2cbb2c3be44ca956b3608908e4477a2e115589e437d88,0,1
67f4cbc50da5db578fe36d79fab237b431aaf30c812f5d57204b1bd1a105248b,0,1
147f14723237740c8aeab8eeab566726412d4dd714d62b122e21fc986c8bed8a,1,1
653e0bccef8f198533c7ec90e2d574cbc7d5c1e8093c08849d78b8142a01d3a8,0,1
f26816b5a7a6bf4a2dc8177a0d97b1cc4d3190c9e2a69d873d7c3c30c710a58b,1,1
cfecf8f0437367a731bde71c663b60daae2a6cadcb866005805b4639a34211d1,1,1
7d788e498118d4d2e6e501d6849be82c62a6fc8f0d228dc99f9b6cc3d1f63ec4,1,1
00aabaea1785a37371b6652647c529ff018c4ea5d25063474b17f381fea1c84f,1,1
9b779527f94d8e40fa330dfacc840181dc140ece7618c1d8ecc84f7ca95066ad,1,1
2117e1ebec3cf705356eda22bd5c2d40e5649f5ca6f305647520e66f373fcbfe,0,1
8232270dfc07f629dc813621f92342c501a681d503b70757b0d1731c22953388,1,1
62d8376f820e69f3078535fefc15f3b25eed9ba4d78182d695d3ec9f063eb281,1,1
2baedc8fc2e407db7a160e08c64297af0f0de4c33b1fb57418bbf9cd6b79774d,1,1
1e464b63797cb9eec224a9cd39cdfc7b365bdfa87ecfe83e83fae1edeb60ca17,0,1
41dbe2f6f1cbd4170b93776cf759e7a62e36462f52c490050914377efdf4770c,1,1
285caee8e137cc846995dae4bb69a4b9a60f9f8420d2d3e11a8f6f35d21c9220,1,1
9d3666bbc257d64d4ae1ae0f95bd296f38911515f6d3c5d2f3c4f957b483e981,0,1
f19c92dfa976011a07f0fbb94baac9d7f7fda804deaa93ae55721ba70b1f92da,1,1
b08a59e1195a4319e483fddd6889bab56723d3c28cf8ca506ba1f618152ff6bd,1,1
ddcf13405a4f63a2e5e6fb6f5de5c9516f13b1f37a8b8b8033f4ae5a28a9d7bd,1,1
8bf9c1a25396ebf685447b1e8a74bbbbd27f87982ce9a3c1bf782856d0467ab8,1,1
99473a4fb3b04b89818696996779f3a856e69c2e9a3fa7e6999ce1641a243947,1,1
8630b3b1757f17d82a9c66e6b59c2b6450f36a078082f48ce240d4e45c8db99a,0,1
788753b19406693105da0120f860cc264eab71f30f658e2452fcccd2ece27b54,1,1
7141e6855b69fb514d3e1ebc542b70ef0877218a6caaf47231df957d79b4994b,0,1
32ebf209f43b8b06baf9787ce12e8a87cf98d4e45a52a74794d16aeb81d3a753,0,1
32eb348ed0d2af04f8bfe31af6763a076a91574bf2230918e866bbf6ec6155c0,1,1
dd89cce8727f15f23148506bb1bceddfaa9faaa5d6eac9ef0062797b93c04dc5,1,1
750bdeee740366cadadbd83508fcca67c73bd1ec38ac3d2a75e1a22cd4065b91,0,1
27ceaf7ffe75c30fbdc0a20bdb3e1cb420c133af77165a016d446654c5c9c556,1,1
1feb0620ae21455392e9c1584429df03b6be7ab9b219821fd56fdddb4b909fa4,1,1
bdfe6fe32dbfd38ffd6ff7e6f59b925d212affce765c8641f84d5bcd7d6980de,1,1
a5ce707b9ba4d57714073e47d3dfd8c79ca60720f9f6025e291f4ad6ef97c9df,1,1
dc009e2de792f31fdeecfa86fc69ae14bc50672ac5512b9caf0c671fb5ca1df5,1,1
e53ab5113557e56814ee6b3f49009dd1763bcd2a6bb4e0da284b3890ab2b1cdf,1,1
4347bceeb1901196ed16c71c070eea9ee97a7e04a1abf79c21fa70b8ae16f4ac,0,1
5c537d10a25b52fbc6dde515b923c0012c0ab383acd062e603a925ec430b0638,0,1
05b292f502bc54292cc307d50eb7220d647354c1c65eac5e9b0d9af6fa5d9def,0,1
eed0c0000bcfb74f94319d3ee2353aaa8ad24d8c315732c08663074bc092c07d,1,1
70f61814750e4787f3e44b1d4a35b20180dbab271ae19779098787b2e9cbcdb3,1,1
f1fe29ac411d0a831c1f931d5d760180b649c5fdb6a0513387a09f8a763422b5,1,1
86bf2359e4e1bfe61936a0f3909900b1c3e1c21bd6e6d5a36c1b6cc4fd08d273,1,1
d32714c171b1d9be7c39646f1bb67bbc2e6c072a9ba8ba36c6f98cbf31d282c9,0,1
dfa5e5c721a3949f81b467f84cfd00d36873bc0111339be238729f8240c25c9b,0,1
c6f8c639b316fd760c20bb3901d409b8c86ddc7730cbee889240028ef3cdc042,0,1
4b87dd92ee52eaff8ef63f6fe03f889bc9f00156abd81adc61bf06b66162b008,1,1
ce29da569862a94f97229f2eb1762740217aa8c93d5db124493f6a312c28d12e,1,1
6f0aca58ef6c309301a1209ab9379de40dc17f40b3e5bf09a739e1d17c5171e2,1,1
ed23b15479be4169f2ad308c15e8c1e27d0c5b9b363085f33307ebe7cb12d0b3,1,1
d4096d9762e95a1cc0fabb4f0259413356c707b319789a196a7b4fdbfe891128,0,1
d482dfba7a66d612c2a7de10f932836e8da7265d1635dec9e6ae9b090b0f8103,1,1
054d271983d7748a7e0aa5a1b704323bc0bc7c6d1444cd31879d2aa292541ad5,0,1
2f74beb45361b6c4cd4858e2997acd6c5ffaf2382b69b5cb352b0cb3d0378e56,1,1
57ea29dd091b54d35a6bb9efcf2fe17dd14e0f69d66a02a266a9e64de848982b,1,1
fb829ecbc16c6d001b6e712dad6229ac5ed8ed4e64026ba0a4fb6dbf1d2d44b7,0,1
56174b54a77daf694c175fdaa1643f8b760be81a7b90047a88344b4fc4e78ca8,0,1
db0bea17edeff1dbd03fe843601c5a862f523c9989835f82781e739eb4baed29,0,1
ad7368be7a3a7964a0a3af0f0db4f6d7e7951d3b77e7fa54fd2e7b78e44e8647,1,1
70af9bea0f9bc5690763bbbb06e07702cf99ee050e46cafda39023b59fb97364,0,1
6e05ab224d93a7dcac381edef762f33134a115a30b447cf289bf4ee77aad8112,1,1
834a5b2f02aa386adc5b46a7ca9b040b462894da11e2861edb9bcc77396a620f,1,1
8a1c82746964606c092e1d61d51550cd754440e0f419868ec4d992685d75acd2,1,1
4e248506911bed56702d1c9ec73db09710667c27e153046d2e918d347d60c218,1,1
1fa779028f99ebc5d376e3bc18c4bd29dc72f893955d291532d4232bf4182d54,1,1
e322295f3e6a922b6f3c5c8fc64473f8b338f366ea9f19d7f6d584554f049515,1,1
8e1d29c3c61d81087b223d86a7df6366662d85824e2429f8eb301d9bbd7f857f,0,1
2deb270cf942fe63131188847286be8f2e4cdd7cff33868f47018bf92a5671bb,1,1
7c8f41fdd6d5ae445a7419aa6a5ff723380e1b45630670baa46ceb21dab992ad,1,1
aaaf2d076459d52fe0bf63b6b10c28135f84d40e18cad208731bdf382e6af40b,0,1
466a405f3234a5fa8efb5958069ddc34112f3bc07a765b3cd046f943c30ed9ec,1,1
d4cb2901781557024bc5862488d261a9326ef55bd18150a5630f5fea4d176bf8,0,1
2018576e1f684ca047ed9a66ed7fbf74b6cc390af1d83c2b997028e7aeaead05,0,1
f3146173c9ee9244ab9f7f10fb7ca85fdd2f80cdf3746c14652b13388e92729e,1,1
f4a2b50a26cf4573a2f38843d13207fe1a928f21f1b3a4677fec1cc41d951fdb,0,1
be9795c1c7170e0df8588bb1484054c5ee5f047c24491f25485389fdaa46f630,0,1
b0cb2f689e604a64a694e2774188b8ec9ff427c041c077cfdad47650f38d3abc,0,1
1066144bbfbf5b8823753877559abcff42c3e0c23ee7cfe24abae9c3fc5df275,1,1
304f3dbf9c13b49c644674aa155200f25d2e6c414888069ae759c3841b1d290e,1,1
7358442536d45bfd914fbe3da1c0f470e5a0546bf92c876dfbe295270346b868,1,1
08337f616ed13d3fc2e88985cde48cae00f21dd16aa4d28d6d3de19f99745e86,1,1
7e65c8ef76b57c63961eb5d4c782563f75b16d63be92038e60869f727b4c7b2a,0,1
42ac98459093ea30463e439f1a7dff6c4a468ab7c424f60562b9e87cd23e79ef,1,1
1dfab2c0e90eb354f76778cd109b8fd328351fe2dd8a6307bd4385ccea9b84bd,0,1
26e60887a1fcaa546f27fe4a0daf243fb0e2cb99080b3fe4d6fabe8c8670fc0f,0,1
04d5e8403151f30c0f62aca287e64a0f41d68f9c351c7a45c173a80c3149a8b6,1,1
fcf97019bcb04de09d532b20a6012320a2b8d050c91e31b29869e2c8a56eefa0,1,1
93dcb3b39a8e34a9752cc39f46dd982b02c7125bbcfcd62b64bdce1d15b63c10,1,1
fbc6311dcf8ae504484d7342795aacd719eb82cbcede1893f0eb261dd836670b,1,1
f2943d8eb3de46a45e90cdf6fd98756c44de7d05936b3bb2b6390fa236613c8a,0,1
17c42a511f3ced43c7b31d652cc0bb10926457061a7ab6584643c964c9fffe5e,1,1
4cfbe9c71348fdbcd716f0dda659a5fbd118a7e74e7c0d8f2a699e8abb82b25e,1,1
0aa3cc15b53f4e0fe81a702679bee7acf60e1ba0820a7f13f8b90ca67bec34a5,1,1
e1ef32a8302a968b99f3aa73ccbf474b81948d5bb09bbd852bd5503fe0e2c96e,1,1
4653020080f6a52937d76116d5b03bced31e31878dbf3313d18f6b6f48acee1c,1,1
eb0f37bbad01c0306cc6ae85727c11a85b56730430975c550b5814216a3129f4,1,1
557f52bc1cf0664018cfe5bf476ae6ec54a279fe4f4b8bd908d4520f2e962cb4,0,1
b27cacc31d1ce5b19b86a649036e1cecd48203bfac28488dc69f4fe30146c777,0,1
6f9de9dbe1abbeaeec4a71d00bdec1a65b1b032e375d7aaf8777237d1a731bf5,0,1
7682f7844ea69d445e4ee613dd0c4aeeae3f83c9c8602aff0cee69437b95a9cf,1,1
413e20b7222ae8176ec67d17f754da11cbf59750c0269baf58cdda58f0f9600d,1,1
472f441cd6195f2b1501a169a5f66fc894df348a57d253f6439aab057a367e61,0,1
2757235e78741261cb87342b549b5974256912871887b7c3f2f22ad7a9d53f78,1,1
1a71e462053a00040fb713d02ddf9ec493bca679d570b26bb2bbd742fe734307,1,1
bf7e6d4833abfe816cf73c087ab869ebfa557867a4fffcfff1f73fb5a76224c7,0,1
2b2153464e983cfeeb382d5837a0be807a5dce1c0620bb881ee1e7f83e5f9ae6,0,1
aca1b49f0fc52ccc16c7f4b261c5b36e9f0a13f5ca6b635e4f2db6cfca1054e3,0,1
907b73624adfcfe75a358a02d9370d739d685fc3a4c7ff1fcd665f82242afac8,0,1
df0f2e5d1b68fb3223530ca7490c6c80ee7a6c9db912fc9e99808d5862a7b821,1,1
494c61005babaea03b244c5cc03d87999834126f9f0204f51cc1e4e0910f9507,1,1
361269d8c8193e9222c43ce235d39a4c060f8bcfcb7ebc93a490f7cc727488dd,1,1
ed98228b1b544c36de6c5f8678d9ff60df54b05ebd29dd8cdd55b32486cd976f,0,1
a3c7d0e591018c42adfd60cf4e62b31343aabce839047a0a04a50146ff9b28eb,1,1
03c3c97867b1b304040972e2ba9ab1cbc75c2739e24509aabf88b167c93d8c67,1,1
1ed5a8631e284cff7923f00daeaaf3730de73e42de15b4eab9f943fd1474175b,1,1
9d3096320bab8dd94ab340e4ea349026425798bf868c3ce97a6de260d1e5e9dd,1,1
807ce589582d22b19b3e7bddad3ebef0e45b3be5e6b2e60e6b46cbafe2c36234,0,1
b81381df3a496818fadaf8840bea02e4b74c21795ff41365767a82fae2fe79ea,1,1
8f8d278004984172d6e8c060b26ed80b600426deee47704118fd36a77e7437d3,0,1
2be9c41fa431dc16a712859a8bb74977d11ad5abeeac96b52ffd77b754347f27,0,1
76a35d657c804a65cf44836be9c586e82d52e3e79eeb6a634800749efe79a147,1,1
3b5c318c1f9a92ab4a7a43c7c65d4a17c51fadf8af41b7d359a9a490a5b91038,0,1
091e4e636b05c355e240ad2f13849cb8ac58e9a832a532b2a78d8313e2d3ac3d,0,1
a68db5e9c9eb12ee97799c2715e9eedb2eef165168b40be4c0b250dcfa0edc58,0,1
d6b100944759a60124c9c998ab4876c1ce658fa04d2ca20a0bfd4c7e5e0c7d84,1,1
e95406f0d976bf1e1bc33cf5c3a3e0d588f0a540a303bd0d0ec9f8245c2059d8,1,1
a07d4040ad099a6bbf0f61b5562b65d40c63d60538d7b8269df6653443ecc03a,0,1
b8160ed6468677514af2a7453b0b0ad21df91229daa626dbfe0b1b66a2dfe684,0,1
a38c38cc142552f5c95c4eeae1ed6699b193e105d39ba54dbcea94d0a3be8d47,1,1
32ab4d5ce4ad9cf8f584256540cf1a1832837ec04df40311dc0572d707f66a59,1,1
8519c3dc3fa1298e174f7bb61102c0e82008ad563aab4af4d473b98777faffea,1,1
750764b93588a962bda3e69af2fe8f60be56c6217ab71fbe53bcc79a68b403ed,0,1
7470a4aa66e9fc0037321ba1e80d96d06e6948b01056b913c79f50d53e748d25,1,1
4425dbe6e48a5e3b4d0237f8e44e38c3792c6c8572b4b85a4ba6975bc02367c6,0,1
62ec4c9cb7b7d955aa855f13c97c5bd9e1817f2bd5ab1d43d76bdad23b766c67,1,1
1ef1c0291f852307f35507d510a745616dc517b557f2398074503693004e20e9,1,1
a34193461296d4fe82318a7f581ca229fce679b32a76bd64a050ce39b4acd7eb,1,1
c6ecb8fe51237ab1ccfa98ad3502ad1ccfe7d4116584f54cc95e36d5239a9043,0,1
610bdfd40ef9160d63aa76f6fc7dd4ac47df8e3cd267670605751f2f9f5c65fe,0,1
a9003aa51386a2eb47308bc6c8b3e97d7f11ef394c89a7f50c7bffd8fe256eb2,0,1
e72f52ae7f19829dfb724452d7b38417ee12014e4da7914bb763122b15873a36,1,1
81e8d6373b530e0b3ed709418728c5a06670d7c9b8c46acb6a7563ca4732f26c,1,1
1238587ea3d45b09eb3d92cd5bdf254c3e55e05e48727573b2ff3c249e1b0061,0,1
cec9a2f3b4e377899ef7616564990e866b7fb255f9aa6a81bda2a79b6e924dac,1,1
6a7b94ad702d60e074d792db9babdc55e59ed4cf841535b1e70ca011cacdcb6e,1,1
cc8a60f00038aaab845739314981f1a4fc0130e209258cc59db39d21c6ae2fc8,1,1
5c079ace8b9980477809b31baeedf3f38915c727d160f6db0763f003c5c7a2b5,0,1
eccea53029b0db46084c1811f816c25063df25e0ff2465c7fbe7ea4b031089d1,1,1
a5cbdabdbb7e293a38e766caa340731daf45f8a508aaadaaad67fef9ac000339,0,1
bfa3853f5e16689118f060009ead171c2185d9a3674c6db784a5d27e373c8c6b,1,1
7e7a413d0106c486b41a25326f17bad29d6937889c746e84fde861d8c89729e8,1,1
574b3389e34ac1bb320a9bdab7d24bb5da4b34debb9396549c76ceb94161cfe8,1,1
a8328ed96cbbcc8800713e3fa51f38b1856cfcc7cb14ade3abb5351dd49a4ea4,1,1
8dd2597f30bf7301de92fdc89144ca9faf08d2806a6447a065912daa48fd900a,0,1
1c4c86c04d57019b5d248367c3c309980cb6287a7c5d38ded5b4097e48b256d3,1,1
cac83fa1be00dd939c9fb801ca145c92a6e7d26a21bf17adcbf765b12ba77398,1,1
acb0813822a0b9d5594e9df0bf2e4395a1367e0ede9e782b5967e602e9e24cd3,1,1
fce229354e6f24dd2765e4cfbd4a05f8e3dff33dd37cebfbd606a976ea4a3888,1,1
fd5560e248e049bed845687137f09317cba87b80b767197f2359a8e12d5b5e73,1,1
915f7d069032faa7ddfb881fda02ff4dd94467455ccfa85e79d38abc66279f02,0,1
85768e312570c807af05b21092e700dcc0acb6215c20c033ea763b678f03d96d,1,1
dfb66a149d7ecb12c0189ab72f7e6b56a628d8f720bced4f254a31b241299e76,1,1
3df1c3379831cae283db78d66012c7d8ccc51f7c2a675c671da242b6d63d7d0c,1,1
9124e70b287eb3f96f1118533864a0bf4ceb24b6e65e620ab0d0c2af2ebc6e7e,1,1
b4823e7fdc34313aef0009d59abcafbf01fd212808d95f43af24a8e30f031e00,0,1
806431e648dfb2b73f54309430a803cdd02518c5c0157cd8b1bb095dd19873e8,1,1
fb125550ff06918355decc50ef34ce6a7f9feccdb90290385feea44de6d42224,0,1
194fdc0b48552dcd2d5129bb85359271f6c1274266d8eed7dc8deb2444596d1a,1,1
c3d279d868c63561bb66a0dccd3d0195e4917121d974bf26afd60eb8fecfc6ae,0,1
2398c7a565d0031ef90347597da9203b24410c5b3d5dc8d25bf13b7ca9da8012,0,1
4de26692cfb0d42cd0bb6422999d6593e4de5eb90f1ce840c88c2238a6a5c7e1,1,1
a7ea01407a1b1898a7b44a3760104a5a7f2b954ee7a7ae0be905bcb4c464c281,1,1
3b83cb2fee4663aecacfba845cbfcc8d98e2fbd93c0921f4af0c9fe0b0bfd8d2,0,1
e92fcf0972c2a2c59ed1d8c03f489ad548378a0192d76cc8f2a5159d3292727e,0,1
62b4ecbfaa85c5293a149288691f89ede789ef99a53ed369f1b75d4ef58a1dda,0,1
fa5079a11a09b8528a5919a1491c5b171d7441c48f37114f3385c7d09e87a56d,1,1
d83efa0885a97c1919eb733cc90b5c38dbe63b1230a4cae927fd81cf07b4add4,0,1
ed687b26523026d454d5eb78ca77185f4fa4b401a183d416d8b2927108a10906,1,1
2ca6c7f22ff2ca273dc93fbe8e666732a0c807b6bdb4ab2620d915ac37f9d59e,1,1
d9ee5a8b66efe337486c55bf7878ccac9b5a7340543c7317eea5d2c7536f37d4,0,1
6ac72f0b5ecfa59eb2847c1c18fc1f1e3727ed4410be2a9c45b3774886fe6b5e,0,1
d0b10f9630be3604a76dc108e8f38782575dc1d267345df755a0c80d537501f5,0,1
c7b6620d887749ed577591c886ce09ce371bd40bc517b00e66a6c34f73e60bf3,1,1
a6be75a55ba58f2c269056a5ace8d2398d3eb1578ab02b43129f41e7e5ffa060,0,1
6f7b68947bbec21208e6b4fa103dbadfcd1359837bd124e5de048ab7ee85c066,1,1
ce334c01efc45d9d6927f257343b3b28cbf67ffcda04e2b3dafa3f28aeae9322,1,1
d137b4a6a5917025f7401739a52bcae5fc462ca84308a7843d88161f03174df5,0,1
c38cedff8449a6c1724403a52291b6ecba524f9a5e190cd5c1f0f15793d5828c,1,1
48ff2e3086ebf07490078d818578f522848993af65487b20d394b60ef83f0386,1,1
f7a21eaf990be38820a2150f2389172d7b6b0079128e8f703f719ca6cd039afa,1,1
6525fde79267178707bb0371c2f6222a115e48297b86358f93d6dd9f2694623d,1,1
e4c1a8770ff01fac7ed04fa3bbb19e6e950a4bc5b2dfc73c63133a6f255b64e4,0,1
04b7d3b124c6fe3286821e79c9fcf2c4a9068cf6137853c97936fe7fbc272bfb,1,1
4eca926797e2c9a9075989d2a1ba9a28090fcc7f56b97c9788bf2454d375a831,1,1
092c150c45803854fd959bd57ae54fc1de06a901d190847b41f961f8ecac4a47,0,1
4f4d6b22d608d05ed2aba045a6087c1396c77da6259df70a2324b571f7c5da24,1,1
0cd50b772be44f60a0cf200f60a73d0e1f25b239b02b6053b30c5dd1a75ae66f,1,1
4433646ab31823dd952a55dbbbe34ec039b36e50d5470285d7ab76c270640a56,0,1
0a753c6fc1cbec271ab69a3ffbcd4fe57f52f4228b68831eaf1ef9656b82a1e8,1,1
d31c513003be331850ff0650a45167661493bc7bbfe3ca938f2499bfa57c3c35,0,1
89963d9e88da56827a45557000e75ba11bb3979a9286dfd9fd5489c8cc81b082,1,1
bf81dfa1d9cf7331344c4903c9f3a5ab90fc935558a8cf4d1010322823643cc1,1,1
a4638a65a5a19fcdcd88f29aeaf423ad99f84d1c948596395dcab3004ec7cb09,1,1
d9a5a133d5cf34188f20fc7f8d619eaf54b6cd48ebcb89154d5d8543d961feb0,1,1
bacf68094f6300be072186fad2a6f3cb1b946c6a361e91babc8b8d431a48bffd,1,1
cb5d3f8c0ae500d10984e9abc95842a1cef67a0de20fd6feab1887fd13d1ae8d,1,1
e83e1ecb3cd5c256f59f9ad34bfc95c6ef5b4081751b285c7fc55a80feba1eed,0,1
4c77acddcde24395cadfb43baa0593d942be0b9da5e833c76165f8df44a2628c,1,1
2031098b4cc3c7efad2c4d3061db1b1fc942d0a1434d758d715f324d53e37730,1,1
8196c54489ca25c4e173b2a143b463ab42d94734a9c5ef07ca9f6594b2aad1ec,0,1
c9ce5b8a41225778fa30ea7a7c110ade32005bbdc8be1f5d83bc45119b4b9249,0,1
d4da386f27fe9a8c68394062f27f1cb0768f281bd3ffe39b4a9b3d9310f57d15,1,1
fede82a3e8d22c18d88fdf5caf7d68895dde92ae96973a09b71284252fdcff59,1,1
e27215bedaa5e9561440f7da6e1059fbb79cdac290b12814cc7b5b6aa7703224,1,1
66931563d9546da76302d9807c089c4cfc3f064613f340036a46450eeb29b345,1,1
5ff9e0a4b60d5e86c93fb10a434396949bc8fc0e501fee1fc00ffa2d5a5e3ab1,1,1
8c86b65e25a78b7c72c4d4a92aecf5767ebf5c1d77d30b52395d35e01e6a8cd0,1,1
c0ea6331b1c6dc32d0e401c2f32875867f3bc04c3f50903cbc36cb660f4ae8c1,1,1
ba17f2a36962d6b3f40b534a8097f2c7f3e0cde397f4c60be194146083ec8d8c,1,1
74d0cf4a5a6ab372e30b30ae9f2bfdf52d2ca5b922918204d8b3e49595fd4dea,0,1
8dfb9d8f76083b69b40a6c8e18c57032ef9ea155d178638e8993b04b5ba34b87,0,1
6ea2791810fb55733efce89cd88a67cbe286858b00a60314dc3232e4226977f9,1,1
5c7dda2d493733d11159b12be2557a7959a77c670dfe15b77eebda217147f5e5,1,1
cc21725464fe236d912d54dbb828725b608635f5d5504690046d495240e12ae6,1,1
e56ad96cb77f60cfe50d9164a1655ed517b2fb3c03640b778049a134c659ff45,1,1
3fc88fca0cda1f6b7558d4bcf48d9cc4ebfd16a48f0793130a4a2d87ac5bc6d1,1,1
b2913dbf51fa52fe6a14b4bb0db65702d8ce1e7fc1d66ea92f3f298ca37fcd3b,1,1
e6e0e3885db83bd5333e33745646e867f0fab295fbd247d24feb3d8f59c25aad,1,1
d511f59a71d2f650d1b0145b05deb762c8407b7789cb6be522690a2cc769d844,1,1
52e9eda24236f0842357c3bd6fc05d4e14143f0a6b50e94bb841b4746a1bfd3e,1,1
5d3bd24380bf0246f7a78d052a9e75de0fe552f5fafb29241b6b50495200b745,1,1
58da8a5b5abd1ee3caab1685782ecba46eb721c8eea09743a1096aa810b187b4,1,1
f081cc2239f07ef9d748027fd07f35fc97bfb9ae6cc72ca317b13d118d168d44,0,1
9fed55540803e47cb3fbae3d1bb12b0a2fcf7ace70f0e27a8a4103e83ee7880f,0,1
e5445dd25c14cd4c569b67dc8f884a197bed78b085560fbc2a1dc0fecd99704e,1,1
b9cb8bdf3a4e99d5d62b9dcf147e704f7a582ba110d7a9478a0d2ca265481b51,1,1
7bdf318791c5c5b196d9033f5391f8a2aa1e422b69f073e897e70e4a1dc927b9,0,1
5843018ab3dbfccdf35ee35e526988ac2b900f59ef3f116d7dd2f3c978a2a6c3,0,1
8b6ad724b92209e07bdb639e3160022546e80441e2bcf79ba29f12ce264edb3a,1,1
81bfee1466b9cfc24fafdfd795b39b0c3e9aa8bfec7506a92c5bffaa4e42cb3e,1,1
e5aa02891eb3d5f4a7bbb83cdb5d8da44063bf0e08bb5d22eed3dc6928679c2a,1,1
96c8771fb45f19a1c8d01ad6bd5f8a874f12a8530816bf3f1fe1b8d6556e526a,0,1
53c7ffc8b114fcbcf526015163dbd0a827d53b49e4d7a1cf5ec0c022de2b8632,1,1
e7699c783275685bffe4ceb994ca208d97626888fd667ffc89aedf8ea3e21d4e,0,1
774e170832ef6047b2b14203962fe93ddc63d4222ce68415dea1689847952489,0,1
409274de076857dca9aa39ec782a6a25a7374884d36edbbe683a39d5dce810a0,0,1
6c9f095c0a80e42843d4cff26e701dbe3ede9fac356276e3ca44525ebf0be2c1,1,1
97b0d2881b051e5c7a4ae34aecf2b1de5e2053f10a3f33cda4bfa0ab7ba92884,1,1
28634cd1df514cfd276de70d3cbdacf97a3fa06185228c56bffb3960d823b79b,1,1
bfea3df08b4a70a9eb7db0e78a5f20d9be9405ec81c6e72cd5a0b2d31d15a4a0,0,1
a32a37388c6e477b194ff0b3bdabe88a7dafd4c5f0fe871c3124de9b8b53b64e,0,1
c02871bb9d51ba539419fe5fe133a76accdb95e21dc3e884d22762f6b5ed363b,0,1
445b8531a6ca6a9d6bc299a81c0122730002f4891c5e5e524275f7cfc70c1e03,0,1
63a6c909ca4506383b4d7679d6d6245af6fd0e2454e96b7de118808b692e4110,1,1
bc34c81f35c065a339bbdbbe8c1aa7a4ae83a484f8f8115a9f434584da77c1c2,0,1
835bf03afbd17b7734e17beab74a6237594b9bafd16a55bbca6c352fe2607c52,1,1
2af387aafd8b6b22d72e317c7862da7c97caf385bb4e881e9a5d9c01042be3f7,1,1
7f154fbda6943d67684cccb00b2c8fc8d5c097a94c0098aab33515ae93fda5f3,1,1
9c8f6f8b5a816e157d14fa1accd3213b683062ac2b8da6c578efc188a27b0bf5,1,1
d0a932f8e20e7c638b6d6080bf9e2b25ec5cfd0375356fbc29ea7d72c48830bf,1,1
4b79183d18252f1fd9e8f58e16daf20bf50a645d859e2ea545d4e06ec15ccf83,0,1
9a61a3079bad2786c5ebea707473ca0ab8fbc504c046272ae936f81bc2110460,1,1
abd27d94bdd7d9cf79b5939f80ce24b472421ed5346fc2779d2247badc0bd875,1,1
92e96e15b1bcf5e00fca169f6e4fe78aba7f4e6692af38bdcbcbbad6d9eb3708,0,1
11c8ec400bc2b952671cf954b3b51d44741be8a042223fb6c18270fb91568b5f,1,1
d4068e286eff3bac4fcd008f6601efc099520b824f0b18f11c506d3177bd6378,1,1
71fd7eaf9eec26e0419d98c259ae5424092de0d0c967132d74c398e8324941c7,0,1
4feba7ab92d4c7390cbde58af70f6b5c3a606e1b35650a080c15e1b120fc821d,1,1
663aa0e195ad7465b1374182861c88e741e2c679e4c7fee5b6e0dac4fccc4923,1,1
1ceebe915970377bf36c380c98ae5b976deaf87929a43bb2796b32980c726f75,0,1
43e268b275ff36874a7db70dc77d79170015040a35b160fd252bb279d12429e8,1,1
4c0c2560b84d5de6205c9e61b359f5eb9d02ec726a87533e2b6cd48b666af5dd,1,1
cd92de22c983d2437e48f1b61bda7a46cef68f8c10d3e47e774444b86335b28c,1,1
36ffb03a843a2a46d641b942b9b597852bb6b759dbb76b1083ea064aaf9d718b,0,1
11b3b423e84f74e1deacf132b55d35bdce028ff25101e0f8e8ab52bb6cfe587d,1,1
92a4a485fb377017aa839d74b660b5a00d164c460ca36ab8aafac32908ef6611,1,1
e7fc2d301fb7fa36aef3a61f2a5bed26701580ee6da2243d642a89ad7e2ac151,1,1
7f61290cb543d34c2699527c78cf32df07141d9360e7ca7896c9277b1f770aad,1,1
59bc822ab008213ee6312d4f4175b17438335f53551e9f9e988b9aef5df3e9f2,1,1
f4759340497a51211059e2263f4fedbb279584865d315c50244147c28a16442c,0,1
49869cb97b8b4aafb44679398e34f227cac03e3314469a3158265c48408273bd,1,1
73af86445f711e25f34856321f7fd7abeadd923edcb44c4c15dfd68dfedaba9a,0,1
36593c6aaaece01ac6ad5d88856d6fa556e77cd03185fe720ab87a268bb87b8a,0,1
c753f3289c0323ec4b37fccf174525cd9018c04eb9f78fdb9cb9956cb2fb2a11,0,1
0a52034b9868098e28f35f3188a4a9103ca69508a7df0a09ff6dd543d596972a,0,1
2f95e4c50b67a50353dcc3f100c7606463d1d9153e36cec08c63d6fcc0857857,0,1
621558c67c849c9157091c7e2fec8b18fb9a042c73fe7a233b8c9648b8dfb5c7,0,1
fa5e3d3da2c1a270970005f23a15ad9d5412a9515fa28317c1e7a78218ec6bd2,1,1
7663f8f14570c358d93588d68c7b653cd94af831a3fb0514855faafc427ea0b8,0,1
84716b0fe9352405b3f43da8cb1e84e537a0024b8b73d88c6d0fbb491be279df,0,1
d2f594b4ccc283a5a313dff112216eb2fc5fa7b23d2281369ff59d051580b08f,0,1
22591972d482690a9019c252cd2cd950ce7d84ce1d17a1cac299e6529a2e73c3,1,1
ab5bf9a1f49bc660dbf59987df71570fe3dffd9654920b32157a784cb3081cce,1,1
d00c7f7635a99d0af8d96cdc99a33a1f914076ec9494f95ae23df2877efc0124,1,1
e63df19a0197ae7dad020ee85eed22c98f030f73d8c36c1e1ecbc4036c211990,0,1
9e1bcdd472a39f2b8e94e7868f9e42967328f6d29133f0f60195fd7d34fbd8ec,1,1
dc0e26875ff7e7aabe5b29f95c9c38cbbd05f65aab53a1bf6a8fd9c521a116ca,1,1
476fc051e201d6cf3700829b0749c9f97e9a46fc5d4d4870425728c3a4f1659d,1,1
e95388f6050a42ac758319ee3f6c471e82500e322592bdde3b131ce86f184116,0,1
5323ef42f04ff3d4f5290ca67b13ffe50f0fd7049b6f9eba26a9a3e991c6ced5,1,1
8042a99d2a1ec43387b528cfc8c9dc5e735408526fe0a12df6415438759bd272,1,1
2fd7e31771f270d6dc5da636950b6deb3e6baafe7b6e02b6b03cfe6a85c83c7d,0,1
5154fd736fe7543e0d091fe20afc8c19d26996a8bebde57a002a3767c97aa53a,1,1
b164a56b9d45d474ef075b4cd2a751314d8c5013e9d5655e92baeca1841ed8c0,0,1
7b821b73a96f89e5d6435df8daa8a18f3d1a5045d3ec05d99013873e48b1346e,0,1
8b39314b1a0567149809df74e7a2a651396b2d1a166e788ff7a1bb182fcb1997,1,1
4b941136a02ac25d78734603f549aadf1055d69837a435f78ac486e23ca1fb21,1,1
e1d1d0285ae527f9e0eae7c58800a736bbd838e3d49f88ef0f41d1a8a6589918,1,1
34bdefc68723ca9dcbf4a6992d4f84ef5dd3c8e95e5aafdc5757eb7342b454ff,1,1
85a4c3f9450986eb974202f83d2f3180a383088a71a2411d7bdf0d92a4cc1f11,1,1
407a84734aa2a231a69bd4f130547f0b59e466e92fc34a79ea771e180f4a4d77,0,1
60a1ef029006d3d8383eb222562f0e17d6b579e2d03a002b8a84d9090a8e720e,0,1
71e098dc0851f670e52ce13b1584c5da079ed2f586e0e7d3e6f91a86af5966e9,0,1
4c9ff0bcd2641b0ae21f4a01aff5f3e9c715ddfacfa9559f1e3fc8ee14796c29,0,1
6ca64922fff4664eec29b11d459ff5b36803e16add5c696fd0042a74d0c653f6,0,1
371227d4b46e414e888f040d0c87061aba3da788584fb1084c93bed3f665afee,0,1
526e2f27f00ce14207e456bf197a0a49f4221fc7d819d8bbc0a918535136ed69,1,1
5c4306343d8eac9482c6cb7c646773bcd4fd057504d3d9343848e7b95eba877d,1,1
5d1a9509a02741324abf34d966364234968f855e94f76da32d65cf6bb6baae9b,1,1
5da998dd13b1c91a3ca2aee6eb0dc776bfa0b0bf77d5f90461abc3aae4997d26,1,1
0e47a698a99eff3f3f626f3df7209ed6320170c1515c579243431094b532906d,0,1
1fed3d646e769b8f18ed37c9c7a82cd35357c9423d198e4ad3407f9feee28fef,0,1
8a9373b579f09cb71a7baed512385281ee60714534e5c809ca80b8c02db05e5e,1,1
154ac3e9831366e689b68950b1722c7be85a3ba58b90800a2ec83e9dd2661855,0,1
b10d3a1128994e86790237ff4d8519d5e1ee4cd5f2c556aef3f4e997e6cd0c14,1,1
4f57a896e855af8881d977f5e0ac6fe40c2c4765e3e35d07e07c7769731e994b,0,1
0857fe22a4e00bef734cd60239c3b53a86839139e17380dd6363c145588de997,1,1
670a8a0ccac93395c7deddad40c173fc8b8fe8d7c51ea2c3fec9df250449b262,0,1
ac0d42b198531a6d4b351e943849f872f2f6bad394b1b92dc21590f21a721a86,1,1
fcb478920778b3782aecbe9f0a88668695fb04a3d03285335fe8eccbdb0655d2,1,1
c459eb1e34a40771df38eaa02a84d44612021bd3ad26615cdfee8aba46ea2773,1,1
0d6948b6b7f5d237a05eaa0863592fd7fd589066d303849b7b7455f5a0f0abbe,1,1
b8efffb37f66fb4224e6ab094b86e3dcc8736f9da049aa804f1cabefc12e1b3a,1,1
f7f019d4f2aec7cb03c4225a2af1105378c4902978c56c78e2132df225eebebb,1,1
2507055bcb3d528673209b3a001ca2e7546e8434c7b66974e907c02ad2397d41,1,1
fb441214cb444f465b48424344a0bbcaa59a2c9d89f28910ca07f37dc3a3c044,1,1
2def33d9e33e456ee3b9db2e8d90a6abfc33a086a6a8155812597f733544422d,0,1
2245af28ac44bdf2541f5e8e5ab1c8b93695e507961ec9b057cdfc838db4d72b,0,1
ee2cfa882d25f567e7800b954c2b67d0b955d483d6e2e8c6d0afcde6cf3ebf69,1,1
fee4e08d45cda45e6d8ae8ca2f986a687c26b706bca8d8d0f35314ad82089bcd,1,1
9e80aa3044196a3e2beb6c59ce403eb21416702cdc1d2fc02aced6627dd79559,1,1
d0e664f12f0c3098a508da694432b73d44d69136a6ce70c6c5607908236df0b4,1,1
d90aea3ff79051f30d6f80abbf933f40f3b29441452e11d1aca9d4f0365a5028,1,1
5d48b8f79857d35eb76e0d0bb04caa201b644a6d4854b574ac77bd06fe1d5f7a,1,1
d52ad26fbb0a6080bf293ef03aa205b04354ff42c0c3e2d65fc31d5eaff35b7e,1,1
e08e398e340a1be9f4d2d6aba2eeb4da56815d15fdab360ba4baa374cac6188f,1,1
97aad9a007860f1fc26c209746272f55513b95617418eae6481b154cb738cfb2,0,1
6b8941bc36ad34a0fe3534fdf34ce92fc88f1510e1f3eabe9c456e3bc2bc1309,1,1
abfccc56d12f613f93878505d1e4dbfd8f8fabd026de178f49a35743e570f4ea,0,1
b073437aeae382158486ec7276b738fc56c72d574cdac5871cb2a908e65bf3f7,0,1
2073531111b69acce6c0e62b3d9ed1e61aa7b1ca1a6df82e84e35d1a01fa458a,1,1
d4af94eb4ea2f310e60688d184e975180f8b7185c9f2ab0ba3d9a5d08a5efafa,1,1
23f473de35a58a93a625f1b314045276af65473b547cfb4e01580a1041ed3bba,1,1
f9e7b9f2b0ff64c427aebfb43a7ebe651223082e9ab1a1fd9900188fecaf3483,0,1
32861ef0c8f2930a36b9ac20100b8407d48b1681e164896ac48acd41fe2f992f,1,1
2c4ac4d00c764f786ccac4dc9c744171d1370dd618e484edf894d980587bb664,0,1
7e2f27694ec9e9dd00bcfb0be01e4c2c26eab871b279ba672511f8dc3460e0e7,0,1
fbfffc48b85ae189ccbb9dc1853e7e0e8c44625f57b9a112c394058684a1ffdb,1,1
e0c810d6b93ec1d8419fffde242bf22275d20067495adea734a5bf336e39253c,1,1
faad2787466ba7b20bfeb5635ebd6c0b5f2dc7b1fea677b2c217a9f9c6c9f6c2,1,1
371eebe6b046ff2999da6aa9f247a4d4661f1e042f4ea1c1245dcd7be275c94d,0,1
bfd3b431b0c5bd581556133b40695b996a9967e97ceb497c8e1aecd629dc0012,1,1
c35eacb410bd329b3a3f5b2cae74665552c1e552b5ec11c2f0574f6608d03720,1,1
49594c7bca7b533210617e8e043df73ae283cc88a8f86ac338f8f0f164cddb15,0,1
096ddf9343f2c10283ad876941eda3a77d7a88b427ea08a2d51b929aee6382b6,1,1
03e0ffee2b1357203abae1ba45edaa53758748556714e5c039b05af4c0551ca3,1,1
9d118eea2bb123da77080fe201c02df15c66900f35377b857f61f4aa4105528d,1,1
32361a51e1453ee256b4ff6f01e80cf3a06939e111fb0be392aa79f50927d994,1,1
d7154ebaa1360f5e7fb9db615e5f5e70e628ddb95b20758e2b5aa9869476236d,0,1
f977a7cd0a9ffa6aa3841a54ff1467be9858d3af6a0ca248489abbfd0d78f3ba,1,1
64a9de92a8fa64e30b9d4b70d0fcab0392068b18be31b2bed4b29ed53e25986b,0,1
3cb45229a392cb939e43ef855867609c27697f96efedfe234fa3b40988dd3f12,0,1
5fc14ad49fc2535be21a70d54357b269e0c4415a4cbcfdee12a46b2581055ac6,1,1
e326868165f4a49ae45f73e97220c669b7574c5d61d36fadcea5028e6c54413c,1,1
4b53b33dcd6cde913f00e842f5aa96c0e773f8ad556804c8b6c1ac0d18950fab,0,1
b8784d2a3f13177afc8bef0232e43a3265470716a408790bcb8732d6bec8624e,1,1
920c1d97271c1ebf41880da38f53e206a3498101f055209315599dddc1bced1d,1,1
54fc850a90bb124fb1c4a20068fec32598c859ec2da0579d1b2bea33dbd6fe20,0,1
bd49b6b9f21067a3d553ad9a5fe4d15063441dcedd406fbf29a7293d833be325,1,1
43f84e9ebc595d9cf11bb87c6c2cf0ebf14157ae9daa8381324dec35e9ba21b2,1,1
dc33dc820729054dbe3ce9124b28f931ea6c6b3188c9944d504af080b691ed86,0,1
11292d900a5ebf55d66df6529a633315a4f6e6c524215e7543770190d9068b37,1,1
9b07324e3cdf6fab7dc6ee7873952cbe04930a6cf1e12e79894d9f7322ea06f2,1,1
5e6ece2b373f184fde83cd5222ea654ef4a57afd32fa0685b4c92cadf1b7e876,0,1
f6ea7b91a134bd26c26d2d45eda43a30b26f66466c2c5c179cb14a3871c092db,1,1
7d5c505213dabeae212fe139a32a5faaa3f8df2779bf39b808a9272a1fa791f1,1,1
8febf0ae85dd619b9e05a77e934fee8f519ef68ba1dbd94edd1e5d257f5b20e2,0,1
3ea13e30333daa45e89bcfab05e64dfc014f1cec78be9c1f218dd01935428805,1,1
8fb0ca6b96db6be8d2d6bfa2b26e4b917afd34cde8cbc44780a4fd2b242ea5ed,1,1
d5a7cc0aeca928d1864be858e70772774128bc444a8d737b5bbd1e36dce767bb,1,1
34bffeb5170130fb2790b145ddc43d4f5ab7dcb105bdbc1a89f42611c7a0fa45,1,1
e551976c47abe9f3f8b61c427b39e8e67d7c499ce2a7e9ccca10ef911df2afaf,1,1
12251a3c1fd7c9d7d1c5d6086fb9d88ddcce9eb46d7861a0bc4e574bb73c6bbf,1,1
ee378106ecb5e1b957555d70335adb9f8a08412b81961a7234f3afb487b747e0,1,1
67855fa5726a72346edc0ffae3be4e2533e85007ceb7c4a5b0004cb76734819a,0,1
91860ed61a30601806a536d3d7daf1877cca0b7c316a357908396895787067b8,1,1
754b4f7c81612944f7bca0161938816441d75cc0ac651c7ba26f7aa28af5f082,0,1
8abfeec995a2dee911fb58cd0597f50ec0d504c70afabb3aa99fb6dc13369bbf,1,1
7286cbf2bab9cef9efa8d0367e003929d64496423ac1f70c53c131caac949445,1,1
5e5f956f6c4df7db43f0791c6771619e5aa50645227646856d15584b07fcb7d3,0,1
94b73ee7cffc450ca13fc9c94cc41c03a08a87664adc2828c428db5fda61fb1a,1,1
3100a60abb30467547655cc6b95cc7dd79b17b46404cff7d2b25875d1c5ae22c,1,1
c301bf64e07deb4fef786e1bfb87ebfbb99c1028ac46e98dd68ec40f01043a55,1,1
2c67ba3c706c2cd9a72212ecae770028f23908dfd1afe7d39cf7a113d6ae9230,1,1
679d14a4815a0067f42bd4e18357ffcbf0f94c2f7f78952ba8b91e019bf7b3b9,0,1
0f6e6cbf20e486f245112a1976e3a3f98bb16c94cbf5a4e18016e826a6937079,0,1
22f79c276388cc7119fbe0a30a2ce519715efe1842b3221110b615a32507b070,1,1
bb0a9a01dcee4876f33074117518c20ea22898b3b8af12410f325ae62339d10a,1,1
40658860220a80ae21f9cffbd5ad365243f2aa63272bcee43bf991b6f60c7166,1,1
7a34b52225552c4a2c3080b40a19920b65d182375e42f5a32a89bd0d7718b736,1,1
b21615456a0fe0943136a62824d22cc3c841dd48a34b0fc9edea0da70ec27b51,1,1
b7a51372a4bd5058a083eecfa85e981916aa474f346d092942fc2ee6d09eb4c7,1,1
c7fad2e05dedbf812c6c24efe5d3b6a59f9829f18c26a67c432ebdd95ea877d0,1,1
0d0938949cc727a92d1a2472e2fef3ac38c894b0238fd0030e702babdbb8f988,0,1
ddf84ac8c37c5fadce10d71705897f30a469579d7b68052558aae014b82f51a0,0,1
e6ff1bc40917d0332d4595f6c4f6b9257e4b99632c48f6478ace9aa65625cf25,1,1
b7cfc0e872e57ae1cec5bb82d0cc9096caab0253f67ef958e7240c68fb33c24c,1,1
9ca6521be37c3767ed4fc9b4db4fd0752f9019e77783655c194900049d9a4f94,1,1
364002d3da9e08ade98c5164f2511cd0d86df1f2235fdab602b336994bc56db3,0,1
c46a5af99338c56f37f6bee7b8b689a5432152f77b4eff67f64a04413701732e,1,1
c18c365efbbdb07b37d1fe9f020c9253fc8bb352f35a01a761e4f3fc1f83e1b7,1,1
ba02334eeceaaa15612f4439298ee1c4bbcc4c5e237fb32770599697b653ffae,1,1
1b83ef7a762e958a39fa3b2695509b3c9484592eeafc7f45400365825e9efd9b,0,1
4a86ec97ea9a09234480f304d1207e69216948bff2638b6423f5f4611f069b33,0,1
cc5bf2c9ae7ce0e87194ec26980d99dbac960e916d961687d5176ded21d5ddd2,0,1
ffbdff25cc7339e395c4569d263edcef032735be015a37523158248c6795bea0,1,1
5a07c17a4ae36eeed330b8e2bd2c5ccb410b916ab2df89a175fecf7705979abd,1,1
521ed594adb7aa12d037709af6141123d920bf9c151d8f16786b9fa14861cf94,0,1
88462b09faea39c415b73d72ea42e31b2239e85d5eafd28bc0d1f295cd328b3d,1,1
63ae18984fd0994f708ff10ad6b645174c533ef350cfe14552e01e9cc929d269,1,1
b3946363324fc8823bed5a09c431c507c5f626c5b20978d6b74a060bf220fedd,1,1
0a330f1e74fe256b6177246643340ae7693e441e18b85bc456e551307f50dc70,1,1
4fc0e22e872da59d14f91fe502bb345bf2abb578fa163957f72248a04e85d023,1,1
502dd88ac566fe6833a4803b1c07bc3cd2a78b4988111741ec8eb5e629855ecb,1,1
ca543e8a929fa7f35b9c6822476cd9726fbf3366526e20d017727e40d6d18007,1,1
0fbea3fd3af039ca0f9768b7abedd4e3eb3ecb76503f8f742448b0f43386b062,1,1
ce9d7dcd7c13259eb05b1d479ef30ee97d8faf88b06787b9dba24811177e18cd,1,1
f541394e64a7c5339195e5856046946f367aa5fc80043ec4ee7cc79b7fa866e2,1,1
9047d9b179686de07ca9ad91c18c20bc6ddcb0cd230cac8b2102f7edb1695212,1,1
8d3ad97677960ae452d046c9b971b0497f867748047810a0ed7dc55bccba2a40,1,1
3641f67c07c2b5c32ac1a079f4462949bf295ef393ede24daa6c586715390656,1,1
be199a765c96bbf206d6ff2ca3a6c815f2bf9ed2b4c5c04441516408744147aa,0,1
70f646283e4d819601fc9e604e38d1ce7f6297b32d9473d05f0773f8604017af,1,1
97f9d5e876a08dc5177ce5c91e413762c6defdcc6af0c2bcc16673f9c14a2997,1,1
0f2978aea440fbc5b85a4d458d71449fe5be6729bda820c5a89d4abcb0c1625d,1,1
ff56037b47d8c1ec22c97e1f0300f2a6c75a0136245f1e6f5102333eb657f46a,1,1
031f20139769800b5369082ad2cb8cfed829ad592a6ade2c574afa4ffa552a58,0,1
58bd954e26e3d021ccf3f798b3b7cbfe7125733fff7d01db6743ed161075b031,0,1
eabf600e73dcd779cdd8ed099d0dca1f9f58b75723d0ec8798dcc17bb05d2e8c,1,1
d733e8817faa580e57ea00302bb70f3178ea644629c81751df8a8b27d7c74693,1,1
238c4e93bd6928b394bfd01e597315320e6ae7fe5f2ffd9e81493b801e213ee8,0,1
14dbf34619616d9823a3a6f725b301b2faec8018658ea7f8a1de74c308a0d7b2,0,1
f74f78be48a414a35002769edc3e905608cb4bbdf01fa5e671639cff977fe8c5,1,1
3c0fc2106729f9fcb97fc392615e6a687a5274a063a529ed59b1cfae2043e505,1,1
a67a307d76f32586ad8e062eacf7e1760d0e0a9ab05268197277863de9c007b1,1,1
2962d4acb83d736433567b71579de53524736b150c646cfb9de075a7bb121701,0,1
7495c9367af6d40cb658753e2dea53ee0ff4849a7cda455862d03f8352e79acd,1,1
ffca392a51f9f99d21574752169d42a0cd306e81b5d2cfa909aa7557018f256e,1,1
9c17aa71719c123467581843c35fe105c4bee2ce2325e728b3db7fad49c660a2,1,1
b5b64728cc0d35e4ee3ecc09120a9bbb2fc50e875ef17e03df149d04e3b3dee6,1,1
ed06023bf9af1e11e86560c223d8fe5faae02d84dd1779dd7950acf477d7fee8,0,1
46161852ad5819e48fbb5a5f8b3edc3f339d0f7f3221edab80cd7e5b45d1b9a4,1,1
fa02becbe815f5bd4baedcb5e1582fd22e3042e1c45ec9e7ef0b7efae2b4c5cc,1,1
637f683799f59e9e1fefae17bdc415769e03ba8052d9687003f12288e86753d4,1,1
eeb2b79dd36be95f7ec5b9bb44b0f2e147f0b7574cae103da7a1477609968513,0,1
eebb4552981e232f80a2154df46234f85014d115e969c0700bd96b1379e0912b,1,1
f18c373218005b8b623ec527ffbed34ef0ab30e930ecee712622e52b8ef55927,0,1
67b29b33efa451fa6f3c4a3e3db2fcd072a085a507c1ac3c1f40457d083b1992,1,1
4a31d9738271c8167c5bdd7dc6ea2d60c226f8968a0fc0e4502a04ed6c52651d,1,1
e35b6ecf9256e814c35dfbc944d92da34f5285ba127ef347a0ecba51c8c265e2,1,1
19a966bc2a54c38782875f22d661b3830257f77897e63ff4b489e5cd5018b937,1,1
f56518b6c57713b1398af2b7685b11f3f7f11bbe2ea576439e03455ebdfd9e7e,1,1
158f0e013e3ee4f0c79e7d382f74588baacc7718cc82fb070c690e9806517dd3,0,1
fdf26dd0946097ebe27b94d77f1006465caab0ffec7108f0c22b574c5a0af105,1,1
0214c13cc10bc2498c039735f5f9dd236821237109228b7daf4461a8c880698c,1,1
d65e029b1d2dfae06a5f7acbadcd51a949fbcff2c3c36791853cdcb64c2da01b,1,1
101e1e086174f476494eb1ace1b91279fc42fd57f4b1e62d390f64f9e12b050d,1,1
1f794d9ccfe0775b4a51d91d5185e33e3fb433f567efd0ed827d99bd08398352,1,1
a51a6869df376a1bfb704d015675d83d510b1bb07d9b384c10242774bd27e364,0,1
ebde4e8de308020f5e141ffbe33d9dd051645c7b26a4a7c3b5aa246e4ff1c733,0,1
05f6a4b2ea412cb5b97291926d8bba335f9872aca42406aef824800c37d52576,1,1
4de4853e366416bb1b566f7ba6228625aa9a111061ef86cf6558069f98e42a1e,1,1
1d13a07fec4ccb83b3c8d1ec0168f143c869d071d84415efa56919ba4bc0d3a4,0,1
5a32ba34dd5837f832f8260c79f2136e4b913c65708d19ecb7477d579c309efc,0,1
e725a2ce712cdabd26aee626c0be45512d456af9f602d80fddcf3f73fbaedc89,1,1
07b3a30779de1c7ad95fb912cdb47a64702872ec93cc01f44627690f427922a8,1,1
154f6e64a8677bce1713a79b45dce09201f1df0b147e1b110fea68e2b7dfbbbc,1,1
72b162d18418590c563f60ec9e1c6d6a3edc8136f7684d613a45a52ef7633954,0,1
8e166fcb06c927a09a12b3e4165ff475aa27ada803c9c48820cb120cb423f834,1,1
eba52e853c07b7fcb619babddfda934153f9fc043b7459c8b140776363a2381f,1,1
01600a68a390dbc3e52060359e8180729092190e6ab8bad78043959d42f81e00,0,1
fa3f9844e3acc869d5f7475f9c578d834b565054b2634ad7a0306b203b22ee2a,0,1
2b91205b7e6ba49f2e444fb4377b35abbd14583bc64f247bea4b1a4cd56152e5,1,1
1382e934bc8f3601cf50a9b7f88349cc33457141c4f7f9b8beab583b48649813,1,1
1d812d7372171b601ae0c2811db33790886902a281c4d0ddc9c5e081c7ee8f4c,1,1
f6b49cd6d4b5b73bff0b4363549824e7062767b68fd465d62a581b033f8771ac,1,1
51b49ee01d256eb23199dccb31d910f28b1d7533c3761dd5e5b18c4ba7b91cd4,1,1
273873a366dd9ea31c3c3f1fff3182159e45afdd93f1258997d4a432af7fccb7,0,1
1ea97232c835410af8fd118937f6a6678c32a18efd59c5b53374af9201d65e0a,1,1
b439bd9f99627f09ddc72b3e920f4ddc7570b89724afdad1db41e1cab5b37ade,0,1
bc92d92e6e628dd9ea16d6c2002e3ba27acc311298c7c472c5501a547e03cd19,1,1
95b7aee94b996e2e5db807f3fe6ad9ada2e756778cac0f7b6570fa3c3871656a,1,1
1bbe0e5b48276043311f664de437c70100842fb3404761a3f2ec73fcb2fad483,1,1
c8d1e085e5ef88089357e9a6e090b78cc66d6a76df65d9322ab8be607842a181,1,1
6b0874663ff3a51138ff2aa6503014813b87fb78f3aa3cb0222ed967524a9a9e,0,1
a1ebd57044cec4e542b5f450f90bb11d18e1f370d2bdf12bf4225c784a40a415,1,1
81e5273f453a1c4dbddd7ab857d78ecf8eaa3d6588c6807fe6ead6ec91f0c439,1,1
e345891d1487e54539ac08befb1cf56cc617f81dcc648a7fc5ef9192248cdc81,1,1
e231a927f4e39ffadb7b6fd847e0a6056f8590d583bd3c2cd317a73d614d16ee,0,1
3b4af85b1b635389ce30b24c08b4dcfded80bc60988c03515e3cbc37455baa95,0,1
4529608091adc01f376de506b3f952a953af8e048a37a629d441ae9297dcba98,0,1
2a8cd14c40800de25c5247eac38fed2738cbc5619623f060ee07b0e896c3be81,1,1
adbdf948100c4a81aca73047603d111ae29e23f208f460111d76cbbc34dd4690,1,1
d7088db47bb85e9f2e0e15d4f178dd928858908b09c17dbfccde12cac33b1dd6,0,1
fcb30ca631262c6a880fa51f275615c78a08522bf4fbcd6d8f1cfb34f89ec99b,0,1
06195a28aa0816ae5c11648ff9dae04b0ac2a67cdc690c7b24e970117c93eb41,1,1
a73b6c17d74663dc003025f554e4350e8bdf3afac2919c29601db611070bbd6d,0,1
f80a788a4d8dae6d3c00a5de990895a3b1d144c19ec9c9d7156de5d085e6d243,1,1
13235b1133e6e2f937186b6ba3f478c430364aaa6d35ac2e55aa07c8812e4903,1,1
706253fd411d2058b7078275ff6b33549aaabae7359b356216a4708dae7d5892,1,1
f2e8766a18e15bbfd2777650a149944653a5d636a3ae4422f55c8be964626c18,1,1
bd7d854187b865024819e0e377ecad1f4ae5d9b361b61d4a7975970fd87bcf1d,1,1
d5b8132ec584947b7097d97dbb495167c8e969075a08ee15e5fe81672d853528,0,1
df5ffd2cb31a398527a66ccf339d8c7f156b41769c37c3f3ff31abb35d2fd654,1,1
a6912f52bf63d715f51631e2a987271dc63964a941bc9115e040b9ca8f11dada,0,1
52ab485e7185d4e21d9c687df1ffd79b1db2dc129d1a6504ed56063fc0bb8b54,1,1
43db0af650071e260e752f85905647d7128ce36630391d769f5cb531690125bf,1,1
693f638e3fc3a3a41efa57e06404ff9d21a83ba737e018aa93732240a03b923d,1,1
424ecb07ca1b28b257dd832e6c94337b2b213fd50db1874e21dfa6827a8dada6,1,1
a72da0184d11c673d6c96c4668c17470af30c1a7cf1a28faf51f111451e50956,1,1
8e217fb378f094ecf13503ed63d0f5f00ac11bf4b5964002d99dabfc62b0d344,1,1
26e0d4ad45ca2c995423fcb03e5f1f67cb43d9d66be618e867fa6a4be81f8cde,1,1
114d3808c04f01f3c17d173278d5121ff664b018f7689c6f91373491d240ce62,1,1
03701666cbf719068f6ab5ec60d59562fb430912cddbe7a0e7d9c5d06dd5eab7,0,1
a4b3b8dbd1c517f18fae9d7ef4da2c64d48504ab34c6482b861d378a92f3f213,0,1
720bdf49c086dbc3f89c1d73495e0ba19b1fab413c60f5606ed849ce6e55c77a,0,1
ead96c629adf4ee53e0bfa33c2b2540dd9b605e735fc366f30631fa8d4fc7cea,1,1
048e79c805b55270bad56088703eeb7f2ba489622a4698a8edd03a1e5022ce5e,1,1
71bb013e9a53ccb08bb658805395395fbf2a124a90024c8e81e2df33e3561a64,0,1
0f8734fe915956f030801968024a94c9f49d959d4958dd536c6c76f4c0dbb656,1,1
ec7b6b8b6002b9d3ee7c47cdf605d4cec9eb47debab6554655bd0cb84f9832c0,1,1
88932ea6864330ecd8a8ab8514bafca0b4f70a9b0a1416f29059a64a63698baa,1,1
77258133907ddab4303c0709e94af12fb2602e992dcbcd7fc8acb0518a32ad37,1,1
5db2fa8443b93863b69a28dc211b3a53bb0655328c29676db689e3e7e2586799,1,1
6ef096567d1aa129aef0aabe4febc7f064bae7a6b27dd813f99eb901ef7c1690,1,1
be1e7d3f50f2d307db00d026ec7c2ce50dfff66d0e0093c76c9b0d235ec34d66,0,1
8ef0ae7b58d33ebe443ccacd044998bf6d9856884e724b592356cd79b509439a,1,1
a6bf0f648b96f6d5f3b743d31905728aa5070e1cbcc66bd1e99a95c48c88b7cc,1,1
36d0c191b3160e746a03d37ea282db5ca9d43712bc6fd4b30ce6e8eb6bdda922,0,1
8a8de5eddb08da2a4e5a7bb892a5beb8b1f7b820334a9b1eabf775e8109fed3e,1,1
fc4615bf3e9fd8a3ed17692282a4ce140917ca8ccd76693facdaef1f510046a5,1,1
936f444bd5bf3c3e20521fa1d0c489c8e685a29345a226cb2bfdcfb5d065d945,1,1
aff47bba37aaa1e607be0743fe770bd71af9ea9d88b0085bb82f0591b15cd59c,0,1
a8036caa232c62c2ebc6586338f7160bb11b09c532ee1ce2646c071c96b8b97e,1,1
e33b24d8ce1ab0e77b84496e3fb975be6ca7061744e9f58f6e33dd34e4375685,1,1
ccb83e5e4bca19200ad483a193ddefe2abddbf123bfcc37a4eef2184049ec6cb,1,1
a38f762afd1e4c3a13b89cd3fa67248cf431e8e2807ee08a143019f310d86bb0,0,1
fad07b2cee70edef5d59388f5a0cab30e6fe02d7e722ccead01b9b614bdc83b2,1,1
c37a5dabe3ba916812be56686812f67d79453d823947dd42d6eecba4f0eee85c,1,1
497ed64052d65a827ca9c3731f34fece4beee813896da24173e8d496cdbbe677,1,1
d80f563112e20c87fe6d3ab2a8d997d3efe6818db6293e92097fffd118a79a3d,1,1
30a5296497025a5f2dba532316129e516bfdb92224579d4c85d59e1ef8aedb8a,1,1
e15ed00ded6132b89c7da191d37f85f0ef3379fe1b49ff26b3264cd9a09bd82d,1,1
9054e410ada839dc0322ada72bab2da392d9d106ac2b5fd7c42f7a0460bc8932,0,1
5c5b9230bbe73ab34eba014cf203e88850c51ab082c83579b010502bbbe4b0a4,1,1
d0d92229cdef861552d386d37404639ef9f72a66e4aa02150f063cb1c3e86016,0,1
7bdf2b9f5a4c12def7b0a3c4fa084c51774142325c4a3ee7595f12c08bf1de4b,1,1
8751ce97760ac7d1ccfe6497b5ed7a405a8a2b1433fb83fe50063c43808e43d7,0,1
efc04741ba9113423597a1d6240d3164736240ca6efb1f7794b87cbf90b88298,1,1
ab590bd11c76399282080923a91d9c072a3d7111f9fffdfd3d163f00afc9ff0f,0,1
494e21eed25ae1d381c894918901de889bdcdffceef93908d3e172d503ca437b,0,1
77c8a7e75827915e580447c9779ac38a869b2d08b19bfb4c82b8f7c0f550cb9c,0,1
9de4914e688c816211f4737adcc6f128dcfc17a5794251da09a3169a651339cb,1,1
a34734009fb23690007a521425e0db86eaa9e559ba6b327f0a1452028f4618af,1,1
b716e2e8123f93a9ef63e14af1785183e6bf096fa7042afb4a44196c93d074a5,1,1
6db08d2863691e053f3c461bb5e443d2e84bdac86abc0d6b5e8f14b9b299374d,1,1
dfc1cc5eb03165744e2ee336b43ff6a0d7bb97e0f302689160f6218b5f0addb6,1,1
336d99627a12f642ebb035e0f530d9ed74bc79284b0d518a5607a39e4e925907,0,1
2a1a188bf7e025626ca4067461dc46a780d9e906de235b4dcd4928d444c1f606,1,1
ad0929528d44261961f2d2b779b16aab01f6585b9fcb8ee223abbc2a3fc63409,1,1
d3d03853cd9596ef9d47444068f77480c6c51ac88975171806571141e297427d,1,1
2498da5113d998570b3bc6b53c4dc9f35257ee7e22d7044605d8fc4be83d894b,1,1
6389c67773c9a0344aeb85773782391a32f4dec8634e4eeb4b3e80e33106f6a2,1,1
fcfd98734c7d8ffad1c451e352a32599c0a9c100b08f9d0e7e03b5deb7583313,0,1
048766dddab8f21ab753e38e4c2b8d3165f07fad8bb4466fa0ea23a88abb41aa,0,1
5deb39b23cefd17e73dab3ec6b6602b625127b25f6e72c590326f9fc762b74fa,1,1
fa158bffc5e55c2d1bb65ffcbef1373efb6b92d290777b362f9c683c10a55f89,1,1
3c973488b576be181b3b087476dc7e5e874c060415f6f075d39568fde9e3b0bf,1,1
54399d274704051fd346c1b1807480663a1cc4327087ac942990e50c4f546b53,0,1
1adba09232484a43c891e70d9965b23eeaed6f56398f5386e8c9da281f68b113,1,1
cd3795a03290f828ca5f25143e1325dd472a378f1f432cbcb6f456e727014062,0,1
4a41aef3d6783d80d08a95e82bf316f62f6d5d1326121da5a79f76e62adf00a7,1,1
b1a12fd881ec9121a48e52a915a307f701c3699817db20e6c340ac0e07d270ec,1,1
9765b52d0d39ff82dabed813cdc91e2572ee51cd13dbc90b5ac40f0bcf087406,1,1
13e10d87bcd55956bf4b91db2a25d1c185112f423fcc046d17ede0d7d6aae83b,0,1
09f85069a5a8571a7711e0695854fd40003b4c6ff07c111ac4be5660f0987fda,1,1
56f42428154e7e0c844e80160bf3d098d6a10c5ff323e413d282a26281844489,1,1
de623cb1af661f9585c4823383d9e7cdb507d0357c418c9782b99a19e115bc53,1,1
f26f60108f3da56bdc8b409dc64aacc487215e50cbe220d6bbd40a282bf8338b,1,1
db42a6e05b0fedc6c8eb848a2fe4d4524ed23ecabc48f9db790213ce46a80fd8,1,1
ae1d5840291aba86d6ba4e49454ff1efc4fa3946ee519db9e04942327ca535c0,0,1
afa9cf923e5c8c38a33cadd577fd57f24eddafdcbdfa9fee3ffab5eed24e0821,1,1
79d790071e35101dc685e8ec704cc99b0e479fe8632f16f1d1f76bf79ee0ed23,1,1
d6a9e5255d3ae59687c9ca7f662aa344acd36419e2ea109f75bc86e372b0d833,1,1
84e75b84de1fdcb9b429ad03f770c0984dccc670e713a4c40f34b8a88e81f946,1,1
e995e4ac6f9005f22cf37f660c4958b675fbb3f1165bbcb336ad9c33730ca0ed,1,1
94659303d8ed199c0359f0d2531b0cb732921175b7ec9ecfc0560bafe1a7ff3a,0,1
51b5e0af8ab4080167a9c6b7df16c57870902a28982e85d85a98e949138efcf0,1,1
2c4ab37a48400d427f9e9720241ad82f8025573f3567096b38f610d09e81aae3,0,1
089e24ee5e4d915e819b7713197343df5f28e13e035619d6342016023a5748ef,1,1
3155703b3aee11dbbb2c7be93e8a89f28cb7c30a3b5f365dc52567f335d9e796,0,1
30779f325d21f66abb5340ddb96811a2d171fe5ef160b31437b619db6fa9923a,1,1
8b851af3c67cbf058df76251ba2ffb669378926c3ddf6fd76988557dfd3d5574,1,1
490fdb793289c0cda78aba59dcb49576fbd39cd70f1699fae50712c214e26dd3,0,1
af33434bd2f165beeebf886b63fcf581c7681df3e9bd930bcfb8f6b5171d76d4,0,1
e762e38df350f128c082a191f8cd000511ee7ceb183719a5c3fa4377a698d768,0,1
c228e47da3fd0cba3f2c7bbedea65ffae0fabd18f696545e1aec40ecdf5fedc7,1,1
259fbc1705920e73d5ad375d946de82f294820fc00bbaf3ab8a14a2825c8c764,0,1
e728de39d4b63885f8d58c1c22721fa9d4e4fe9e897fe5f6d4a64be626cefb94,1,1
b505bf19044a22f9bcb3109445772f4d269c276ad444816e67b85bc0289df4b2,0,1
0dddd2aea5e5b0229d7339fd8b842e7b6e726be1bbe7714499e5593dddb9b622,0,1
26a0a377b7b593d4f71f61543f7b9fccd070b8907b10cbb83b28244a07b3974d,1,1
8879f59ac6f073a4537fd78854b88fc48143b9273934fb2d891b8af50df47e0e,1,1
0cc4d48750d5d0b97b2d65740a324b195cbbc2be15b5d2df4de7b5a877c3876c,0,1
22aec8b9e4149a0562561c2a6fdf00a5c3bf44ab0e651a119d9096df67b95da5,1,1
a158c709c158269d2b4687bbce2844d2aef549b5d15b20e9419c318c5bb390e8,1,1
fd64af96a0d3001dd4e8ad2302c46d79ba3b722c6a57ec35295c4cce19aa6236,1,1
c35f1c727416f1a5f851e5c29431ea7f0d57342af33ff3294ffe96a0f682e13d,1,1
cc67adba1cdf037ac741cafdac558bbcbc0ee5b00a151f4a365f19a159cffb93,1,1
aea3f5cb02eff65f028af1164b7e4d3a42b11283861b8320edc94a4524c17228,1,1
560d6a01123965b43ff0447ad18ab2c73c138dec32bab64585f023a84628a549,1,1
ef84fa44e36438d8cbcbbc192afa6521d75500e11a60f4e2f8cf8ee44e9cab78,1,1
c7c9497f66cedbc0cf9a270f98533f5c4ff51483e6958698c81f89d56f516763,0,1
fa9675f57f086e1628e5e1e31e8d1606f5554ce7b70b7d6de175b8a4980df17e,1,1
0cd62cc8da0a8491ee412b7ad907bb1b1803f2be0e54cbdea7f2fa521d64161d,0,1
aa97de303d7c253bb2cf662faacf527a226e382f0613d4be37a041a480c26002,1,1
03ff4a5592275f6a1a039dc40a4231940496be9745f91b8516a7214b015ab460,1,1
e2969b24144797791bd6e5924cbe714d5d1bae87bb0cfacafcc09f5b5b9a520c,1,1
0da2d990fe959a5dda774f37bc65ed73ebf0f58ccbed7f635e33b7109c73e08b,0,1
84cfb5a3237d737f316ac658a3048a61e250d666b6642f20c4f42f9316d276bf,1,1
f7b590fe603617a678370838fe361e634c255878f71313977eee2a19813c19a1,1,1
f8bc48a64e77f998e0cd8bb9a07cd33516c617371c1173d41c192b61424c12d8,1,1
7bb7384f7c44fce94a250b7ef67b738419890c4ed989146df5c1e2c9bb3ecd12,1,1
7c81c7028594db5b118fa12b78178f422e08e8a62ba8fdbb396a5ccc94a17f75,1,1
9a2fc273c3f98c94d4a7d409369653ed5e7a151e2b27766af4ce77cc60ea2818,1,1
95d34771af6f86ef8e98abaf74de76a8e7b51f739edfde62dd06e1aef088983e,0,1
26ff1b2a7b25d1404e4d38c5e9a4541fdb11b238ae615d016670e5c5d58c2be7,1,1
3c1fdc30ce391a0244d5a6827c3950e4abf7b11ef8708d9a3a9d17baed1f1d6b,0,1
5a1d9f17d14dccf49473190f0a871a451624b286553d9eae139bfba6fb21dc5d,0,1
ee316b193ede67b30572e54498881761b0840dd1968e91d04bb8aa34157546af,1,1
a6990b7705d3f6c2d2bbbbcec16cf42c92400d9a36b5f695ec3bdfbdcd906806,1,1
a668b33370f1083438d236703f7fa1f899e1b9d1d9143d236368cd972a9869a3,1,1
ae2c3ca19fcc7d48e52064ba9c661a2bc948ffa93fd15395606eb3db7aeb3b3c,1,1
fea5bd90781eb283fd74c98b93fb3b2030eba2ab416c81fb70b914afe7dd2903,1,1
f4fed4d548ec53f9711ce675c815d1acb7fb1f2b1da7779b353557407926e88b,1,1
0f5e58a405b7ed16f24ae451d028efeaa6e79ac7e057ef07e632b34aaf64f6ad,0,1
7723c421ee004d9d9f42bf31cafafb673c5e21cc212b687b4bb1f234337f719b,0,1
e47be2158df8f4b7dcd0149a6a6cc34d7c36b25a4a52e8a74538dcafccabddb7,0,1
d8946677597070830d3aa9c84b8dd2008a9735711f3cc0bc42e8935dfcb3b231,1,1
e9da02c519f6cfdd4f5bc4ecadca6a6bf17dcd0c23db28589003c6d29e05c897,1,1
879c5f38d7b7177360367315ef2bb2e44cd367c9c318c75f71d7a1f19bc67f8b,1,1
7f7b9b5058b360671052d7ca01bc5b35a9c444afbda84935156828ec2a9d9d57,0,1
865af3bc63d62f8188a14ddc7159e2d367474a6634dfcbb8b213497e4a4e9115,1,1
77dd45d245d19a023efcaacde2af12fbb7af26a876cb7b69c362ff5317e86043,1,1
d55393d4b4ec37f7c83fffd79e8a1ba47f97d6d546f1c29d9a457e5d1a5be356,0,1
90fcc6832bbc7e5965307fc9956e29ecfd9853c588bda61f01ce546f3b09c418,0,1
14c540704935bcf972827c131063bdcad59d60fc32dfd990373d2f965da1a6cd,1,1
913b1dd3706efdf262f6464c0134142e8a03c176446234f50242c098bd2e5d5d,1,1
f5d3c3c66f5be7d1f00ef565e232c47b91007e455ad8fae79db3d2d7b9b1438b,1,1
75fe712da6b1eef6f25c14138337e10f288a8952aca695d301a2aeb0c012c7bf,0,1
7e5a5b94dd3210f80c8c5c9f37bc7cad97959c61d633f363b817386ee7fdaaa2,1,1
e07fc2dc9a19f822ce85310123564cb7e43dc372ad30f1eebb939798a394787f,0,1
14af2cafbae3bcab4ca6daa586349c023ac84961d1471d824992a5ffa43d59f2,1,1
97521dced1f5d0bd1ecaeb9a88146f38c12955ccd55d5f1587223658004a00b6,1,1
6741b5f9a0ed1970f0b2a80403afb2987eaf6f4d37d5d71147c81d2ac50fe71b,0,1
0db24ff9f54ce6ef220c0ec9164fd959a2ad86f17050c505ecc9fc43d1a9483e,0,1
37efabbfeb84194f9813299196ba4f33dad75c87d8ac626f272734383c621094,1,1
83aa23e2137c6aec8586e7a948427fbcb357fb028c6e1790905028dcd762d5a7,1,1
4a68854cc227da89c5b9c30e6f2cf15b9bf36aa229966a4ef5e1bcc29a0f5ab6,1,1
39c68860a99ce1188a681764598851bea178139a5a608bad939444ff2d5d4e8e,1,1
ad28009268df628d52ff79ea66949c9bdb641ce0e574dc0ee180b0e059a3d353,1,1
51abb7cc4201305879d903656b30c81fd2f0576aa54af892f800686e9ca66fd8,0,1
45989048ae3c5301d606ad50bd3b974ac17a310f530e323211c1263ae04143ca,1,1
9a2c999ab470706a52fd7e1a9ae498286d47c4dfdfcc97d1c30a7c0fb070922e,0,1
bec07cc853dd1a675fc78ac3f51c831e1c49fdf7e620acabdfa9c42647bf136b,1,1
29cab4b0dc96486495f7063680ee794ed9c8828e29420952c3143dae047c50ba,0,1
9d32f317397a79701d20d5b955b0999863faad477f09bdcc2c4992fa8e3d0e2b,0,1
a2a26517d6d344222962b0a8f51b7e609bdd13d49d04f9f13b334f3fb170537a,1,1
c9b2d4e17adfc88857e3df845e92f40642a74a3fedc96fcffde54b6f20789a7d,1,1
c3c4111edf5cbddc58ad1ad9e9a49ec8c95a84344159d4dcf8822380bbe7ccbe,1,1
2476f635523e58e3d1fdffa89b32c6aa4648b4800663bb0c7a1e744073c844fb,1,1
1b5cf3e43b7f82304bc46379f8ef8fd7d5733715606ac3829f2d3bc0bab37807,0,1
4cc2c5147289b41005da9f39f64e65014b0aaddd5b49b51af185df58d3b36f53,1,1
cf4109dfd4d25b9cd7d78b1365e4336442a002cf920377301994c759ace5ee4c,1,1
7cee02e5b57498439cfea89e0f787210289cbc147572f90573e27eacfaea9b8f,1,1
e492e35f7c46f7a00a2aa5a7aa6c705210d1a9a19324ab0f657d24dc8e7e038b,0,1
cd1612617ba8ad9c2d202b6c8787dbee0ad0f4665a8022e3c57e1d899781b6e6,0,1
692e938e38db3a5cbd3f99e1c30d43fad3be056dd81abae91c132f34ced5b98e,1,1
e7ef893b2b40bdbf84f7a82ef9e0b3fb58c4d5aee5cee66e61f63845f1a373b0,1,1
98a6abffe2781d7feff2b0c943ebb597078fe13b631e06f385bf11ff50769d9a,0,1
34decfae7eda60c36c783b6360b36b4642144e040cf6f1148affe51073e1d777,0,1
8431393bf59bba91530c57901c824525da0badbd3947b8f2d090ff01238f1560,1,1
1c3d87452761ec58624cf5b65b99d9e18a2d42cb15dfc0715c98c062801b6725,0,1
f6965a39bd74258dd783aa611a6e460d8271f94056b439b91ecf84cf30eb3e40,1,1
1b6b92c2123b7f758476cbc928d721242ed6f22d0792d5f47ecb30584e6c327f,1,1
5e8086261914c8877f271dff0deee513aa0775f75cbaf6c45642fc2925e654bf,1,1
840e434052e3f09568fc67e0314ea66fe5525c4fda54d56e36b24dbcd45f83e3,0,1
f02cb34cedd4ff21da7d253e39a10c8a76d7fa874f449118a550f194d90c1b83,1,1
5d12ba8bb6dd72c41b0d9ed5957d524fceaa0d534d89b7fbbb6fc7b2fdb10677,0,1
35ee83c203d58df23001e715e456d2097f985eb6129f5a905cca7160014bc17d,1,1
efac760aab57414f4b03b0ee684402506e2fe329bc65df16bab14ebf2bb08d16,0,1
522433a882f2ebf5898795d98c64c4679d6dd182dc82f17ff8ccc13a7b62b4ee,0,1
16c967c05b2aeb1999c626c0f5c48392e4bdc9adde32d7fe2cfb5edf57aafe31,1,1
0382bf4db7e0672391ca3051f894ffc825ca677a9ae8530650d9492f530ca45f,1,1
174b4b0fd9e7a4e58f03378a22ddf8ff6d39e786f047101b94d7eb014ff23c82,1,1
2e2b082f3fdd6b6695ff2a3ac77b166961edf04bc79fc51c315f55739615dc27,1,1
487ed00c6090528f80b5eddad1e18f2a6fb7e76c9ab495886de107ec42a880cd,1,1
634cf59b7e806676459c77c38205958a9f82f2bc28be01123c7db2a163a741e1,1,1
5f8357a5a13826ea8affd230c7e34a222cfb28fa5d446ba1c8d5d4b34ead6b45,1,1
52c7291c48713e5fc81309ed9379e3829c8a0871bea6f67f331e13b4d621c054,1,1
80dc65e0a514a90280d8c290b3ac3236fb87b344ffec7a91924b0f1a45ffb8c6,0,1
abf755546b4f1c88b21fb755128165ba9be28bd1a33ba78c34c0837abee34c3e,0,1
c153e8210c5c8a6dbe8826e6c4380036f0e9d720cd45b3b9d3f1d224a5b291e8,0,1
9b0357c79299ca577b9ec785e165f9f0cf6d43e768107da4bfedca1cefb92eb8,1,1
1b32808284db35805f227f40c57c53561a380e91ec8d9eb5ecf84180d424e46a,0,1
ac46d04e5442cb9c7a3095886bb62ae8d8ade1ee8b82eab7949dc246dc6e8f5b,0,1
e282587b4d2ec3acaf974d00a4cc4682945bb59ef615b5167f7443b33a26e031,1,1
82b3b7036e6ed5bcb00cae83799cce9696f2e1d8f39b3fbfa0511bd23768c849,0,1
e9649463690bbd6ec8753be3d68ef61d262f7ad563ab9ef1f4ab6be6f230ec15,1,1
0f0f673337d2ab460a1495dcf43c549ee87395766925ecec6596f1f105509491,1,1
733ab5371a3140958329e3205eef6bd86d161158103dc2740ddb39f5097902a2,0,1
0e9c985370d2b4fd3d3cad9437d73b42754804d022394150794f6f725bb4a590,0,1
1db65be168b6da713f3ba9b59b5573bde7af64a0e3fd8a455447f457b61fe93d,0,1
5495b875462913e320bac6e9c54f3bf521b4fe2a14ae58515e165a44ac03ceda,0,1
68d4d8253d47df944871935904923106720be98c4d6bb0591776013862fec8d3,0,1
99c01caf280505bd965173eddb0418929f15c4bd103f77fbffdfc117a01b3b41,0,1
46a0fb10162e07015623d9501f0f6ee3a44c988c7a7a8f6c9db809ee3c3a2a62,0,1
8d45f662cf1ee62302283c8e6ca95c4e9322be90c7a994d475833e6fdfdbd719,1,1
25401e00a775528a5e85b2c914c39121a23e99a28712a6e2747397fbedf6cdf7,1,1
a7b814375c48fd88cd633ef8b427f6fbb64bc1f0bdd56fe88faa05b2744e9333,1,1
1e89212bddc7ded65602b27b4d2ee9c5eb6593c876688cab51e5f06578a1f06c,1,1
d93cadc8266e78693f8b46e77795f8576e79c65308212199d9d2be47d7787831,1,1
fb55fc84d4098076920a7d2e81407016d667a27b0b4e612b2e4d8dcba9738e59,0,1
493f5b963693454466aa94609fb75986edf97404f8a91ac4eaee8a9a18d1348a,1,1
09e0ee3240cb5626cdada4b0894fdc18a279ce99addc05cb073c6b9b45c280b7,0,1
b72800cf05c8ef507dc949c668b8b50a446f7562a01afe595e1e24365095f6df,1,1
5d501189f08a707153ee7d1f1541720238237d5e6082c5a44371670392122ca7,1,1
758c06116289a1a3ba12a9d455c899d2d2c33ac22cd8c0555eb95cfbe2e9acb0,1,1
9bcd9cd3152bd3fd9fda9948aeba720ad1671f40bc67218d0c7434237671c428,1,1
533f9cb8d5aeafc52c5cb2c7389cbc5e26866ab8e764449b8c6f7bb507615ce9,0,1
5d26556fba5363d0f633940284e15302d312fbcd8a34c845065eb387834f617e,0,1
8d3c0f6d226a558bd22a078b6a1670884525d36c47cc5c33cd9778eec32f1f12,1,1
47ae2f2150f0250ffbfea7429f1ca12b158e9fd8f94418d5a5bc8be5dd3d17cc,1,1
bc7fa8dca5b8d2cf0e0ea45c2940d1859e2f0dbfe994099bcf3c1eca4137bb53,1,1
7eb5d695f6f5e7d29db34cf514ce454ca74fab945913742d3154b752de4437c5,1,1
06b9ae892712888822a8882493cfe1dfb10f41defec5a5e789c3c49b1ed36ad8,1,1
59c8c2fae7c1ff81c21f5acd2d207c7d2599b386b8f212f85cf37876b46b9ea4,0,1
adeb3a72e2e4747cba29dc8c972b2d3119129b5472016b9efd6f703c33a8c68a,0,1
bae5fdc8d4d7e5479d4db0d583fe11535c8449886673910fe29279fd2caed6f5,0,1
def90c4d1298a79ca8bea645ff8550ccec0886b82dd51cd00f42f281e7950499,1,1
bd5ff012fe9415ade9724c5f00e36af27e55cccb8c761a90303ce0f3c6c6d954,0,1
1d95f09e8dfc92b079ff2594a737723978452e85e2534b22c9de19145d6f2f86,1,1
5217b317079c6327ba57dae9226f4f13a7165b4154777e5fe1a9053200f1418a,1,1
f894b6e3ae79acfbd0f631bac4a734ca32a40d42edf4d404c4271cbe23f54347,0,1
07b388002e3568204411b5a4140bbff344f75bf2e2b643dea6390827932bea53,1,1
37c198b52934b3c3028f726782e6a8f7a2a9e1e775b58bbedcfebd90ce5ff983,0,1
bf33d658d36da890cbde3866f1c5a37b93d1aeee09cc1f1231075d9447c20aea,1,1
23f8a5f59ca1e5ccbc7529e3a6bfefab0fbcef00b1c15c7d37d5bd9893516470,1,1
032777c7997f63e84a34bea57626c4af5b25ad6366c7b77a5e785fc932a8e8db,1,1
2b5968dbecb329a27136e71ae8956fdb3edcaf63a628bb31439ae240ec2598a9,1,1
d4d5b2b3522ca4e6412bd4e2531e7bfb14cde1fce5705b8a5237fc4d997b1bfc,1,1
41e6c1b0a9a436be9e95eb3eacb1c9066b1c226ecd53f102a9dce9015841df36,1,1
f7d15883d4dc5029bcd4fae227886c9612d457dbdb8932ec08fabbec3c432744,1,1
38043b7004460561cb3a5b512633f76d13e28d4444c9597ff2b37e82fa5f1302,0,1
86081d048b6e2420726ab9cc46387e2a67ae00168c13f0cf296e4714dc1a4ec3,1,1
b791f5c5389ff4fab08bcbad0cf7aa09407e8944fb4635cb1f3286f904054da3,0,1
f7c05622695b0dbbaccecf0aa0943ddaa17eb0a84131c119c3273bbd89587d6d,1,1
12fd616990dd9dd0ffdef1b2730b137b453294e01e5a8ac0e62cdf33fa6a95ab,0,1
6a54b208638efa3741b093ec1461cb7b4ca574bebdc46e90d37b8bcac119d863,1,1
59665324f0c777f72a721c5cba44d22dd26cf84f039384f28da6ebfa5fbc3530,1,1
afa8e296c7dde40d213292bceed6be1afc6eea3f620bbfa6cfada3f2ceb75217,0,1
46594a357bff43dd6c9c937d026e8d400b46f65491698a4b5d01d2eda27b5fa4,1,1
3ed9da8fc9d69b1a90315a9079878c31bd334a27bd45c80251781e07aa78d7c8,0,1
a9f63c1d9b8a5414f47616905f395a89e5589a32a33dcafd16453d8a4039ff44,1,1
f1ee379c80d8ae00edea81268442d4b8693457df8d26eb1ed12f581d6489d27c,0,1
c61c90d110ef82645f50f7be489eb16775c1108c12be091cc603a2742225f390,1,1
a55080812db5e9701951c830fcd23308b0962a919f225dd59a052205990ee1ce,1,1
5a34887f4bdac893a2b93748ec511123ce79ab674c0067c8eb1ef7c1dfcea9e2,1,1
b232c401abd5cdb9407d47b4c1ec1db59f5e10e04bc05fde2e905b05aa6779f8,0,1
041842a3ba1718a037a11e3e12a52168fffa4e5609e1458ab6628ec5192cf498,0,1
498895385438fdf62b76d150f10429ac4cfdab5eec1624c7819fbd93cb6f1304,1,1
9b3253cf07ab05fe00712f5963b2ec98ed20dd543b1e349bc7e111af236a217f,1,1
c9ab5cfd7c2c140c74b0b9d85e9148ffe2bdb9aa36cd58504a94c99a4ddf2e87,0,1
27da8f696a49f9ad4f0f785bb6d404c17bb67145b7a12eb38872a50a275da7f5,0,1
8219e3175536793f0254e09a39b8fae9c1d4b99bbcdda3eec94b5b02429159bd,1,1
88cba8e522a648ee9710a4047cf0e00449388ab70c6542f056eec92908cbc678,1,1
4d1089e134163dc77d53f3659322d980c28465e27567c7a4076f64e7f2ff9e87,1,1
95e75fa7b2994f1ad6b1d9245c7d4d8d8d33b2255ff226103049048c92add075,1,1
17016fcd49c98736fb9d3eb3a486459ea626cddcdd8dfc00d46644b0b50dc97e,1,1
d06c7c12ba7c9c9620a23d5ca6a32ea1e5bd1f042022c37f4662e1acccd9ce52,1,1
8cf7de926b3e9bb81fe2c9dc031a6318dd1163ae5e6d118ad3c86465c59012ed,1,1
be642d1365373ad5e331f88b5c4caabb0e7d90579e882633c3757afffa0f56f2,0,1
967c570171cc92643bad67ea2841d3a8362e7042374ef4c72b4a12c7b0b82453,1,1
319bb280fd3b71b0d534b7cf74b536a31025fbe41cf0c7f1e0577572949997cf,0,1
935286f4d3e6478bce01ae051da5a95681a00212c7b05eaa59664759d4d076c3,1,1
27f4e02ff3ca4a6236235a68272d3487ad6ed58dc9d53d533896978214d34ba6,1,1
3ceeb142a42e86a2aef58745804a6af7432bb5a16785910ba074e605d8762b95,1,1
d8484fd09db349c47a823208d108e3e30f6ea66babe56f3935cebac9b9f527d1,1,1
ae02ccc5d18284d0605048ffe8cef87aaece144618cb7cdc355f5360266cec95,0,1
aa2d32f952ce7278200694cc236b791ec39de1de644578a1034c2fa8bbddbfd3,1,1
b9a7cb665377de947f5691a5edd70a4f8f09c0e044fcfddcdf311223fb10f3c5,1,1
c5d5e4b7238087e155afbea446ab412fc634cb7577365a875497605256a101da,1,1
9a05cd188c248901e88ad3aca9d6cffed94a97715ca35e042e83d112172c14e0,0,1
40aa9aac0de986700f68569f33675d02d85d55d6de3a2d170102a7771bb21a94,1,1
65a5d3bf312fa41aa5de1fc62d3d4d773335f5ca17c5f540f947930cbaaf2505,1,1
fa272428a440189684d8bfce235e75502d689e21505feaa5760850bbd341c912,1,1
2a14bb7e1cf703eac4e5eb09a9fd5e10987596e22fe9d1437618a7d0e3036c53,1,1
9b538c556ccbee650c3370fdebaff5e83e755f4c0a3e2dc3b40c2f9a658337a0,0,1
134b2644f1deb856c9dea34c83cfb4102fdc7ae9874756183fcdcf0b288eabec,1,1
377352018d8b3d56d3df6878bda3f0610b615e6d6df3959b9d2964912a95041f,1,1
26fbdcca7b9e1754058f0e6dcf2c510394a895aade338f09d02cd80f4a7a3ac8,0,1
6a52d5b6a7eaf9c0dfa9fb8fa0f231d70713292fd4e56c3f8632a227465289f0,1,1
c7f0efe67ca46734617d71b7adb4991ec340831c1d2140582ce56ebd1e88b480,0,1
da46753a7dd16ee630bb4fdc92621330997c6e776142baada1fbbbd38ddb45f3,1,1
67b2decb1bf408804e148658b75b0f46f1fca60546b62edd8ba966618c9f60b0,0,1
d9ff84d3466fe6f166e13416f0bdd9a6decc4ef03afbd1f1912f68e3e4b85642,1,1
e2de0995e45049b267f70696c21c5d7b067ab94c6dbb938a64d53fe25469276d,1,1
0fdb845c8c7cd3efb3c1a492e7b51090e92c8dcab05b167762c8419b8bad120e,1,1
c51f55966a66fa2bcb7477493fdfb0355272a71893803d751aa0f67628fc8325,1,1
6b9be103affd98a8a17978a3674fc6a54e59f24b23795fb7f56c96c8686233e3,0,1
b0e98a012e060b831b814db3ca0526a288e8e3f65cfc8b5f79bef6e1d8b4e779,1,1
a3e84744a7cd4a13e521699c1fa957a9041789350ded83eb5fa7b62c0f44d4b9,1,1
374565a24ead97ee74d74bb4fbf41a2a39e5eaeb6d14dde606d968e88f526669,1,1
56be993342c4646068df6162aa1c866bd5f5719fa5e3a2df368b3d8b8e250f51,0,1
8f5458d3718136e6bc93f515fcca2e31dccabc9fa42de3f79785c118ba5e26f0,0,1
6eb7867026f075ca6c75ec238098d0eca41dd60b8624b4edc27e7b76b98a8a6d,1,1
0d03a6214a5fa6d6c3eccf67517ec42b137c5787d96f8825329e35cef118a8b9,1,1
96681df62854ffaeb3b8a05c9e375ce881cca2db152dfe631005e66289a1f5fc,1,1
318a203b4b9e3728ba0b29698a455cdf9ac658823bf4f55e082c4a6104ddba88,1,1
c850f744a3dd9837aa1824b27501107f5be88509f223db5d27e6c15696cc71cb,0,1
1ab6f6fdc34dcd287179b4641fd3739c0ec5dec04c4ccadd23d219d3b6e51601,1,1
de6f6786a9650d6ec75fee2ee4a1fd894e38dd642443f4c7ef8ce81a4560da38,0,1
0aae9075704c37079b3e0b5ee68519645a5b71a7b86b5302931dfd5872015200,1,1
d660276396f415636910d6ba79dd2fdd9a828b437e548b08b7d78cd742cbbea2,1,1
302aea191eb20ee5266dbe926ced90770507632d2a69977cadbbdfd263506265,1,1
b355aaad307ffcd1d7a5d92ee9ef9153f92c844ad33c5ed8d9e6a6e1ecfc1103,1,1
ab12e6be35fd1539fd80c392175be42fd87ce951888bcd358bfabd457ab9bff6,0,1
d3e47623678a44bb345406eb8f7378c7f4af9dd274cdf7657e4067bcd3f98710,0,1
6474dbd62717bda9ad9aedb6a6d75512564d6278864bd8f2b2d79a0a72b4a84a,0,1
40c23258b0beda19d2c5dace663c78c0526b1729a0a7cd9c1c07d44874dd33cc,0,1
165349121e707d5b9c2fe3e53d30932d4d61a3557053a440e6216239ca03a37f,1,1
c174acf61a5b844eadcd3dc68407ca574b2e18fb0260b615848125ed5297b90e,1,1
246504868edfec6017c417b27654e3a5aa5841c9da2643fc0a9af3197cae0452,0,1
8336e2bc80536f08e11db7c14f19f69301c4e33411c8dc9d6be4982793e20bf4,1,1
c8b6b9f02c7ba5078909e612333ec2f3300838c28d5eb8b62a829940e7b9409e,1,1
179ebb9dc8e449f3d99a72e4504fa2df677253aa4eff96d1c533fccabcddf21d,0,1
ec15639d94c6a3ac852a8d6713e2f8e8651abc4981de07d432d1dbeebeba77bf,0,1
6168cb176466eebe5509d315ae4e573a74aa695e898b0ad814093036d55521f3,1,1
da32668d84c4175fcc4ee69ac03a71438e81f22518ffcace01e87c959d39dd27,1,1
f30930943194407922f3ac6ef4c2a7bd9a0bda50cecb1059b9220d80cbbfdb29,1,1
26531eb8ba078a2b110ddba81a7e9a8818b28a553503f166f416c4da5aaec2fa,0,1
9cc0dc8a49a1dbaa88497f55febe792abe5cdecf185afc168cdae009faf07165,0,1
0b810108fac702322e26ce7a0ec0d95e05c89e5a1a2eded010c4b90f786a2600,1,1
92b3dbf6e41534d8bacbc212f0c6060cfdc83fc1de6c72f8aedb8c4eb9d295ae,0,1
49c1ef6b8d4854c09aba3d3543c983ff7406e404eb3f57ea7eca4917fabdfdb5,1,1
78c87ed8d00b51cc77246d5703da4b879c6ad390dda74c7b65b27256c2d0a623,1,1
1d7489e5ac461718b0dc352e086fab22e967d9a4d435bc9dc3890ee594661b83,1,1
f11965c388a028a2791dcd1c3f686f5935d783986ad40e74d74c2e64f26b7bba,0,1
e3bc12ef49b439a9c3fdfb91f948d93834f776f738bb9c62cac7bbada3aa36bb,1,1
0e78ecb5b58b9806925ab336c422e725178d24981fc5e2336cedb54ef35bb898,1,1
eccd5b452d64ce174062f2105496b4b85d892ef4a95266806e995e96570ab9c5,1,1
2dc5a0a943bd27aa565628a1f0e691dccd310b51fc71811136692081a552dff5,1,1
7b6c29dccf8d2b1a403d51e4ac172637fa6d64ccb477de0fcb6a053c4e65b08c,1,1
05c3485ceaf20425e66f4eced62a2e81621a070c0c40c91c58617aaddc9f586c,1,1
da384a6884785486f092fbd397f7e437ed36ff6374a638e06b7517d939661660,0,1
67f41fc7c732f37291d61ae0e66bd2b3c661a484c144cd186d1d1a71eff2938b,0,1
78c08f2508b1f4ed49a3029426951826242b9e61321324f5f80a33a2362ecdc2,0,1
153bfa0dfe4ab0c0b63333d1160c5aa05b193e2dbb3c1b9fc4a4fbca58018cca,0,1
a143e050d99b8b93225d4e1008f555b0b08c385e43e38ab323d9d8e4abc05b15,0,1
933b83ac4205e27a966cc2973a2728636bc756b897846e55ebf9951e705c0acb,0,1
6d71dff7b0b7f0ab80a7ecf3d1d5724f6966c44ee9297230ee64da62fa410fa6,0,1
b2f67d2744b7e60a879cbd323a5aa0d015e9cc731a539942cd3711fc3d9e2564,0,1
0b37dd6c595184edd781258b6e52512f9f31ac6bc6e320f81c9d3562bfadc4e4,1,1
644396902acee4e0e580a19deebd9ac7984162107cb16feb6ec16f776770c0ae,0,1
4c07a8ae5b360154bf34eac90883b6c407ecec080b4d9cd6d087f0c81bbd4c79,1,1
c44a9f60225165448a20dd6b413458745fc5a22cb537535f4a51f8212a2634b8,0,1
8716b6cf121ebc3db379715bea1263b71f43852c4ff29ffce16a944254a642af,1,1
9675b4a125bb69c270e5e4929fa3659c57ecc38184344d7453a902bab3496571,0,1
3869a6c48aff3bf7d6b7ee5d16b6cde060336a734f2f06b821bd9d442a8dc486,0,1
799a153c89628f56decce4a9845ffa305222aa08ad92c7faed210d05c4f4dfcb,0,1
747181ba8741dcde2edfcd6c32f369d743e80bcb504486b0677a06576760b811,1,1
3c97335704f1876f194eab915fa00fcec9f8938c8a16846fd208d3955b1287e9,0,1
4c5460f52efe2d1959d082e2c635a08c71e128fe152a5ab84763b4cecc38f86d,0,1
813c0312f5154282cb0e151816ef34a81b06b716bcff586dda40f72dd66d47d4,0,1
8a6174cb8b1e13280fdde880d47233b1e7cf55c5b3ac7d94ebe320856d35c793,0,1
720f5f22d03b7eb8205b2c213c186716421a81ddc87c68442a6e078de0eea081,1,1
647bd0129a5c48a02f8115a64cdadb78ef884dfa6f20f15560f29bdc8013e66a,1,1
694a783ef02ea41768ee30b796de63c57bcc8fd1e50ff0fc4fca9f22788ab020,1,1
fb8a8fa00fbe548ef1cb4e8f72f0909bad755e21a0d0cdcfc3d1a444f0fc0086,0,1
9a8479ea5092a11754d5312d592eefe934c26774d5941a15db192548bb847f63,0,1
03ec74114e2371f26f87d925b8c5589e81c4ed349aece86b4f96d6cf88620cd6,1,1
37e3df0ebeff2c3d49b242d263eb555a7153e55c57ae1057aa8e17fbdeafee4c,0,1
3c3ac03c16683e730a6431accfc0972bf3e40c30046cb61dc521fc5347274183,0,1
4eb149a8d37b34a4384a5795d4682a3e7cbea411fbc0d9356d1700ad24ef51fb,0,1
f9c91fa83b13f393faf21ea300a620cd77e4864bbb81ee43a2a16e167aaa8665,0,1
288e14cd0e4299e3c1f5f2b05f0d93df45a1fb3c74030ac456091936ae9ca904,1,1
e18386069042b6644d29188e7afddafa2301e8cf356422075c7d40f21b3a73ee,1,1
a33fd65c1f2a725ff0df6257a5679836778c16e84e46915a57001e078553d50f,0,1
95b0e6e6bf62b6b51f51877924a018a54d77f47b3ddd3c6f9d3fa1c90de72bbf,0,1
f0c20836fb30107a074c24debd58c0ba88996d99c1581cbbef028639799c7d6a,1,1
dd347551054ebe0174673ec2c84a8a86ab89c29d4f5da750006833cf5e39a72a,0,1
b8c59a2a61c8a699591c3a807e6a3e9e05f275f01bb0400b93e61fdafd0c4c30,0,1
de7c267f92a5a756fefd0b6463f1afba3e183f371887b00d1bbdc130c01c2c30,0,1
dd0c4dec4944fa1009537e428e8b556fa31905a30dc16810055eb021ee61dd88,1,1
a0c4bad46cb6de038375b2352d67141ac5ebe73d86af7ea54f7ef71b42a884e3,0,1
8535d07ce329cf063832ff10398097ce8f770ec12cab187f48ab8c39dc8484d5,0,1
a532e10175aa0aa369e428a81ae27a5bc429a5cc2113c713e062cbe9f052eb5d,0,1
de91d67b721f94aa6894551afe387300be14623fea935bd9614d2bd0544428f7,0,1
5743d1458d5c4b088650c98b5bfc89f583d639f552af694b3cf385ede8b476ba,1,1
1a8a80c16553e68f27a19ba4563edaef5ba0cbd52374d36a91c770590e32152a,0,1
63098b461cb51941cebafd6002c4e98f7fbe6c4cf35723945dc5b3391919c80c,1,1
044c2ae9cf24ac8747363acfccdbdcc0a8ea655b3a76479de0b29670c90e9e26,1,1
9b4a3d1b7241ae94c4a201e9f6554d007a3586acf2695481f9fb9df81e32436d,1,1
6ba8929cc77dcdbf2946272a0b21477f34cd5a46f681c340e6842d470b4e9a72,1,1
6c03bce99335ac2dfd1a7eafba5dda928672a3d2fb6cea0c78bc5a627d34201d,0,1
989f32440a85e0f3e5c9327f18f37641fefca390e668f5baa151327786271764,1,1
9f4fb1d1c4662b4f463bd014cbffcab61d96c5a24bf7c08555652dd3e9a0bded,1,1
97ca4eaffb698b8d73ed5d85a261db7448d0b356785f59c4911d9ce1b9511f91,0,1
e04ee32cce13863da1ce2ed18d0ba95e4a2024cbc0f558acc5ede9be22dfead0,1,1
ad965b7107122e1f335eced9e9b705690de54adbe9e0554f0be8aa47a2ee28f7,0,1
8b52cc03a67cefd42a24c414c4934339b3ecaf8a28badad2dc019fd1cfb2f570,1,1
d18f1c959cf9b5ed9d0357285591c071119ad12daad393ea47bca5e920783b4a,0,1
8133613c2949b08223d545aafb1199a9036580db88d53212d97c0119f672d4e3,1,1
ca78773fc9203973fc72ee95386e23984e6f2a8ed2c9c19553f843dbd45bb2e9,0,1
e28bc4fb400ae4798934190afa56903cc9a1a8e8c2d0ce72aed8cba1adb407b0,1,1
05b531dc904257b0ff3e61293439c1d39ec9e86598a8021ab460223f4e799c72,1,1
555c1e657e0eb8137af5aaa07dc32211e2226a8a7b968c7273d60f4eefc5e87f,0,1
f5e663ae0cc4f0369dbb835e5997d1f9c7a238ebacd4d4a7561a0daaab4d47ac,0,1
5b13eec2fb513df06f0a5ac4ee053c101332f387b921e09d8c0f136c4d373fb9,1,1
920b77f8191f785dffcfb0e9ddb56cd682015b2e95b8f7b51918458b30a08c84,1,1
03eeac042ce3cd94432f7bda6f5ec8ec6fd000bb3006ac56c2609ca905202bf5,1,1
3918f8d2b5c2416bad998fb763d3661bbad258bbab58408eac4acaac0eb69e79,1,1
01483c716a5dc00a124a60455f19e479b1d92bef3fcdf5cbae4534aeae88472e,0,1
db49ed21cf1aa4a4059216af017a73a2c697fb15b51ed3ce60aacd91c269b3b4,0,1
2f5f0976dae78530516f589369f8fb55fbada568543a16594cf40b7936ab9ba3,1,1
42df84e0275eb74608ddccf828770069cf3424c864a6b516fcdf77cbeb014766,0,1
688521ee20daa09dee4f17afac17cfd240cbe543f0075a97d9e67ba0a7520ada,1,1
b50ee2707056a6dde34f546bdf1f0e95326e627cbacb3dbae36aa800613e10e4,0,1
83dbe00de431b2a6801d7583c1b93fd654a5d5b87bf29fc28576d8ef0fa01190,0,1
0154d349987234a2379e9ca2f31c81cb0db6c7f02737d6e85c146c054f06d611,1,1
3ad1a10e16cb9fda7987202cd33195082209365fd22aef5202f6bea0321c7893,1,1
301f24db5c89beed05be5237c3e7d91d8960afbf80b5a935ffc36323d16598db,1,1
93c03ef9d12b06c9792dfbcf0651e119a57df324b81e9b1c6a391701deba07ed,1,1
320cc556f24e8a20b5584bf6df0209e290ca71e3348aa26bb9396a32a58ecb51,1,1
0ae31cc652ca23cb45d298c853bd830e2f0ee7ede9f39441f9c7a29a9c96009f,0,1
d5bb9be41c9d831fc7ae8631cd7594fa7d69fd708d165de889704dfb9d600a81,1,1
553ea95883dfbdc5f69e147a9d56296bdd35b7ff2da4142f7f5eb73aadf3b07e,1,1
041d73559d48e48291db8456d1837cd7fdf6a700161c6026e8014b0aff5bb263,0,1
5530ee55e63b34f2eafe291c4870ca9ed629feb871a8d2200b6101ddf0d1082c,1,1
b78bfefc9775bfd85f659d94c3be24f25020c238e181423d30a601fed3c1b19b,1,1
77178257385504f80a441005607721aca43da7c4db4edd849b21da1c46ffc0ba,1,1
32202b91bbc934e2cc2f8577e9877bfc65d109e43ecee7965e73e2c0ca07c535,1,1
f8c23ffeb2256aebce4afcf026d0df223b7edd142e3f32a30eeb1f6e8a2b73d9,1,1
5d9855756e2906aefdf1315d0756bd1bab58214cd72623bae1d0edcf53426a8b,0,1
c17f6b86f7d55138e9816c102723e1fa2a5bf40fea7cc55a07ad70e10d4f5505,1,1
dde1da93ae832fd74ca7a613ea659dd6a9fb5c65c03d8b87e9fc6beaf85e705d,1,1
f2cfa86fdb119d1bc5ac8646f8739212b814f3856de0a3943fc0e2e877586b88,0,1
58ec3384209ac683d4dc273628985d8503ef7531fbe8876900b7de904ac104b2,0,1
1ea3b64a3d21a54b7c7ba5cc40e78ad78a70fdb098b55f5e3046df1e5e8869e0,1,1
e3209b0c3f45b84d99776da99c7a41fe181dd80dedf7a112985a297da6524431,0,1
607b4940ffaedf84de8630f2c9f577ef805e608dc81e1df1c3ecbde0fa333edc,0,0
bf3498b978fdae442a84b25b7c193ff0e126b132e765719bc82c1a70e1b4753f,0,0
ce717967f1febd84e96cd9795896f4cbe3814d1e1c15510b8051025c91c0b96e,0,0
df0eda6f1252a686bfda40dad62ff6b2a7b3921a74aeca74eccb1b7ee28e2daf,0,0
a6aa18ba853c679a87ec701eab0d638d64e7a232dfc66d7032c5b8e2be1aaf46,0,0
265b10ac8c5f30ff6ef531891196f2a46b106d5a7a90fcd79ecf00ec3400a736,0,0
3aaadf6605a979ab2bb1cb9794c58eb949697fbcc57ef5a59c5a21ae34dab758,0,0
5eb459b817ae2fd2531ce46064c89634aff8dd9dcbcf06dc8f7dc1f335723f65,0,0
e89866209524f2d7195ab59ea1491b752e4f2d9bc6aeb7727f72ef329c8994e5,0,0
845ed016c228a17307f8e25138b4bc9ab4f501a236f95cd9c489a0f607c08ece,0,0
94dc0b3bad9e6e25dbffbec8961ac8ac1762d863465606fd870b49d52cbc32c3,0,0
d99852d81a301730fe18bbc3d4006afea942d0de0ad3367430b7c65614da2594,0,0
69b93079ce51711c028f820748f2bd5278409e634f144ebd93a87f747ba12bd2,0,0
a6e7510540c0e299a671935f17ccdbd70caf796e30275f8b25f57040d0334db1,0,0
a32d76c45167ca704b78755e5b26b45ef30d09d555b767cbecb7ba468b92a3bf,0,0
bc4431abf437723d243e7da4d5e489205b662619bc41d6080050c67c204b2b32,0,0
34eafe0625e3b4d2409c0b8d751dcc444d73a03cb36f6c4f4e81cd6d8568b11d,0,0
bad1d3c4ff0cdb6c77b4fc7500d97d2e2c0acfd2938de5743656f455b7f84ad0,0,0
3d483c5b9a095664dc366490aa202c038b5cc2461a670cbc32c197a623ddcf83,0,0
dbdc1b40ce5b74a391d6a4342f2ca618e323498db5bac8d37731a96b7185e331,0,0
0cd0096db49fe67087cb020cd445f4b8e00c57b2602292ddd2e58f0be5a625b4,0,0
1eec86cccc2139b07b569c9a8886de74cad94afd15e5e9f9c57d6140175e4cad,0,0
3168e2f04b201433856dfcbe6e468b187f4f14352f2451f57cf8bdb6c4077bd0,0,0
8418a18767c5519d37b881f41773364a0c178dd6ea9e8e223fc83cbb498a9582,0,0
303df23eea9ff5d4e91c2c54714b19576264306fcff04b1cda0f8f68d75f3a10,0,0
0ee4e37be2215f7bbbdbfb072ef13060e17779272156fe843883347c782488c7,0,0
db26b438c0b7dc06b3b709159857e02e41c677c453501d2d7855d2097f03215c,0,0
3c866d72e837ee38b69ec535c24dc51b1d5f0c425a254d591b336c591cc1b522,0,0
8784d5182bd13f5fe772c2b63bc694f79000ef3ff3a6084665824a515515166c,0,0
b92e7912322144d9660f469b354a2b091c149326c055dc9ce9372602f3bad9c2,0,0
bc32285b5e107dd4a1a987bf74ee28ec6317061cba1a599b0008a65b018db02a,0,0
7aeb74fe8aeecb88f488b4a8266f2b545ac5a145a8500ae27bc41df7f1a93f8c,0,0
34153deb17e3c9f6bd9654ddbf7129eef199a0f0facf5eecf3d8bd9db1590d9d,0,0
46649787ae7053cc6ba76975b381aed3801bfa2a0f4eec51689293f6f02e3e0d,0,0
594f9ab016ee8ed9bf127a8b25be55fe39e2e9fe7492ecc3fadd07d2115bed37,0,0
4e7f0e231efc79fa28dfc88dac82ed911bf199a07e5741351fc7d27e9a121a04,0,0
b11bbc45b857d9e9e7c35a3a513775fd4423277568ff15711112a89e5007d07d,0,0
6c4c196d7ad394028cc7a7e952d61d05e705ad13555f3ea1d1aa06fb1996c4e1,0,0
f8a5eac944bff4fc19cf0b2cdbdf019403ef474ab4be941fc7f5c8ae43781c6c,0,0
ae617f7586ab50a09972c471e2756e390a3d379309fa28abf46c1e39ad144708,0,0
541b8600ec417980ee64cef77638ea1c001d4a4b1b88093163b3d33361fce6de,0,0
6509cf689ee2b3315b299bc44d11d0f1841654e0a57f42cc763904d9ee408269,0,0
c9e0ef835fa180fadcc54a7f6cdd74e96f8844080020e8f1b63afd1a2ee0d5aa,0,0
7666e712bc75182d19afd929bac08750146e2e128ab87f1aac8139f8e9283e76,0,0
93adfeebcca933b53e242a105ee7cc998b48af4fa814c1460a36ae60c0989c5a,0,0
6418e8ae8b1f47de0c8c01245ecffab76751b5c9a5f97932dd5cd0cc70f5941d,0,0
71aeb8c3e4ad87ccb5957590b6641c4369a386e6bc2d292cbb58485f2b2f7893,0,0
89657d94093af25a7f0ec75c172610c923cd3482d9d1cf059a735e3212537394,0,0
ffa089777bf6bf775af25caa28893c22c5cc756d3f08c6dcdbb7f2ad9e6f5159,0,0
b7bba0be9fa21fb080cc7cafb09329d55b80de074e4920341ae3d5a3b50781a2,0,0
f539d89bf0ffe387c7eb8ea82a683ccfe51c34c11063571bb387e8e0abd72a48,0,0
4024c2784535be11d6a3a8e49131e13ca1210c9a8bc54596bc4a00953d47d051,0,0
52662e1248d41010c26cafdb39500dba18e6627881f81065c532ce6b6d3d83fa,0,0
cf0b8d5e15b3d623861a5ab98fa47cbab07e1c680798d25b302294035fab99ba,0,0
ec0fa7579df641ceef18fe16d6307be62dec860bccfaa115002c655470d62e21,0,0
a18f3cd2eb3b42887d9ae19080621a7322fea76f2661fa0963c941b987b72b23,0,0
98254da6fdc8bd3c420c9ee2de79b7779f2f51f7bcc83c7028d3f700526f4541,0,0
c77415abfeff1661539396b5a665a1794a1443f2dec413148461e6be5c67ecff,0,0
84fd46940e220e8ddb6b45d9e668e0d8d99330baff1d49c87e9c30a54d43ce34,0,0
33cd712d37994defe0122c0f34e4d0f0ac0a15faf7a683590b183481a066cc33,0,0
62bfb4bcd480665be11509fafe0f3f850835cab16841f0745294c86e47843a40,0,0
f733731b14071b5deb557f4519ac25da51158fac76613538bed74b137de126e4,0,0
5347f42f74c72cfbc44c8ad04418b673d94fd347421044e2045f45427d9fbcf1,0,0
fad9085c09b23a7c9df0c44af42d4712a8ea1313382a0e451feebf096c2e789a,0,0
c28a031ed73f8d69c7086f23efa8dbdde3d234fd8944d8afe763ae72849decd1,0,0
434a626cb719f831b30a37083263b6749c48ea6b6efa62902d9b9564d648c8e2,0,0
3648c9108668b3b1a02b8d8e2d7d0e434f283c09d8567db42507ecfa634541f0,0,0
b446e61dace056e894d679e5d4e411d54cd5b81c4ca3a642a4a5dc0e4bc9f72e,0,0
365a1ae01ef6c9c51c520ad372c1a6fbd57c57a5ad92bb8bddd9d960d24a9c15,0,0
d5044b023be895b6ccadf98320a63c42c1f577849c909069044254711d705577,0,0
aac6dcc79ec8e9742a575b5ad6c1649e94c0697a671b62eecbad623acd6c74c8,0,0
303fd9b4e5bc3b9e0bada17b960a4d15c2ba60d1ddc2fdefa17a861201ecd6ac,0,0
d75af43d9ab4186697b75d87b2675b1d696095f5863d74374f67674b7d9a9b30,0,0
0b0ca172888d32d26884a452441b879f15d016b0ccfb5e12c6f3a87d02162248,0,0
d3c9859cf86c81b8b680434e3202ac0c00104a467343d45c3ae53f2dd3233804,0,0
9cb0bedbf3903cc2aa40b375133be06416912ae0905b82236f7dbfaf30e73732,0,0
cfb7bbe95a1e5cbfef4c44d0b8c0f5589983b9195ddad7d19e20ad41e3ba8341,0,0
6d424db0ae3bd0234b5eef6588abd6bd478ac2df8ff41776344ec512cd6056c8,0,0
5ab20d0afa995ac8bdc1c2ad6c88d96221bb668df1bdc213b74982b996babcce,0,0
87aeb121b14b18fa076eb4ba38ce5118ea356d3745b65f654cf0c37cd638c253,1,0
0889be71d576bd427656a73c3c3666e33729f062fb352f7280ea67c875ce0b35,0,0
7d2654ef4b9efa8a97f2474e5fd89a54449257acc334d313ff9a9205266b1da7,0,0
05bde759a721974fa0b201b5caa36fa280c4e601db38597657e5e93670600b05,0,0
3f8f3d9f505ab79f453e1f370612410f0da0e80020eeab88437c0258d28bfd25,0,0
647cc76d618fa292a2130ad13e32ce8d211c5dae378780f87cfdcd7beffcd54a,0,0
6c15a749257feba3d7e558ccd8e1030d30068a713aee16eecfc40348ee99d0c5,0,0
3ae51bd6c91e29cfdb1ddb43e71239596156150198488da79710d2904626f879,0,0
3ca1a35087dad08293dcf110266b5ae07a382e8a157ea80f1d0ff0fd32f2985e,0,0
1c6de5cd0e81fc1ee97b94c6969d1afe8e89005ebe060ba766995e52fc3ef932,0,0
595fc7b33fcda5e2a00b942f64e57207e02f4d67ec35498c2184745e0453efc9,0,0
e82c5e95b18bbf2f39c7cc166fea79fcde3d167468474973630e476d9911270e,0,0
c2f9903cfca5f708d9cb39235fce02c4236d79ed6607586919181e96658f7e48,0,0
36d5b87070656771488e6492ca78d3bd9a16d204a9305a70277eb17e526e3196,0,0
8ae3fbbd3ec3635e1ee05e424b5b60bcaaeecb1c0d0bde3e00507b2598e0a733,0,0
74bfc8653c9e16b0da7ea52027a33e0604c19a2104995c269e30378e734e95a3,0,0
17ac6a87378750c13d3520befd125b491bb90f6ee408fe9b248b17994f5cf9b7,0,0
5135f6dc4d29efb2126592f324e5957f6604cac488ad1484a0f082201c75ceb3,0,0
86766334acff266ae16e6e27e74c22e97924df47bcd429867ab8af591c7ea38d,0,0
6babea7a2f6949040d82265b4fb3541f7b25a871d7ef538e5f7849b93c4013e4,0,0
0a53cdee63c2e421cd375e459c9ee416df529acdf17ee3dedf4d84327e6be222,0,0
f60689aac7fd59a31f80ebf883f8b6fb8fbc79001640752bc697d6586cffadcf,0,0
c8add38bcd841f50257c9437b072935fbd07aafc997b7e164ebedce5f07efcf7,0,0
1539cee4d5cf76a587252d9319598402e007907f5b9773feef46b50f0107b4e6,0,0
b612408d73ad50be88f8bdb23269abc8a8e1c14ae5f821c6952064277a79124c,0,0
e0c0bb17a108c88333262b94013cea68b45c2f78d60083a4f786c11dbc92b451,0,0
02368a7757c16550de3e47eb4023a8d73cadf9d052515975f3bf80ac07df57cf,0,0
6ca2027fe7767298c024097df04f96a09485cd2153c94679fc1fe0b430ad7f08,0,0
eb0add0d5550683fa955f5fbc818d2195dd8b01f435c699aa5eaab1624026773,0,0
6440fe997c4b2370197a9c10f73eb235e48968ae6b9a2d3179fea8fc0f5daf38,1,0
1c01cbafbb7ec1fbf9a894b4a24d66cdb639a9cd1b5a035cc487a1cd1fa588da,0,0
3a781a7abd93f684da208263d9ebc36da2aa9e2eb54ecfdce3ecefb79a3b4487,0,0
8b2a760e617797d7e4a2e401afe48adbff21a5c9db2a8e9cb764a289e908aef9,0,0
38ef0a63da3c5aa3050a1c1ecdbc2ad72180cece3515712adb05859ad8360ce5,0,0
88cdd48c2159d522487e87e69318dfa4a5c5269a329c5835b4fa8d41a0b56d79,0,0
0fe30d5fc94f1522b74bf8e4344ad3a887297e60156d157285e1087f24dedb9f,0,0
639f30d4777d52d1a7c0d6aae1d1a997743206aff22bcafecb7426cb43005084,1,0
43fa75d4ba159633c283e8aad7383f7917ac42200818be1db84d935b79900e94,0,0
d749e0362befd320e115c65e79be10865fd13136eebf3c3c8a6f081f7bca6d26,0,0
72f05555c95dc9e398582db0b8d6831455961bc4ea8adfcf81578712ec0c6443,0,0
368f7229887b2179ba832789ba7ffe60e6882142c58561910f7c3d6b90c825c7,0,0
14e37157e9c519de7b0d08365ec2c7c243c8ec525290737b3930b57926a683b1,1,0
23d7848fa88422321360efa2f64bd2c590d71d8c0b86ee80590b4b25c4f056f8,0,0
48aa2fa1adcbcd4dc4b9c96c10f54c17c9d3da0e1d08f56ac4626497b33eb1bf,0,0
94f41605d9755a42b9c07c7bf9496bd21a682e67bc2a36dde7646c60ba1ccc56,0,0
159f884608067e7246bb106f8921e1ffbce581f50f9d0c6f6a946eca79c18e89,0,0
41bf56766046eb9c52bdb1c4891a593c57440eb81f66ae41e7d409ba669dc70a,0,0
07ccc384dd9df8a06c7b7d4815434ce9e0e7b8378972b7ff3ff3f6922e59b79e,0,0
8b0030d79a382a4e204930240df5f33fbb37c11b2a9309f7beb4b5c02fbdb31c,0,0
c6e2f35e7db7f6aa920d42ab63c3a25998246d879f276ee08e8c5e6f075e2765,0,0
c28636bf29ccf0fa557274de5d4509997de280f4a43eb46855aa1c18a75154c2,0,0
2bec7218fe31bacf5d7c20e5e81666af11e7ca63c938d00e8ed970c018b57eb3,0,0
a259a7a0954af8a71c1b57a84c284889d27437e705909b8cce064c7eab0b34a3,0,0
f1d1a783e0e93af1bb11065039ab2ada6b98581dc0bc662069e317b07f5c7e7c,0,0
ed2cd37343ffcf49902c03a49880fc7f83032f7a5482e024e6be376ada5eb7cd,0,0
fa2dc945774f4e2ad67f5571e5c54e6c82220f4bd53912f41f73c1ab05988580,0,0
db848c7a2948f42fffc457c98791ef164761233440562906239bf511c5b66f80,0,0
d1dcccc4fed9670cb3e6c27e5b3a4933be9f6f0ec522cd240678d0566c011a85,0,0
87dbdf3ad303db59f06bd7b935b79c5ade870486809f00f90554d5a1ae697aaf,0,0
9f34151774cce1c0682c97c82936a716ced46a14f5bebd3fcd82a391b4e9a795,0,0
3db1ce805db77b4d298258ec2697abe78bb1de515d8779078582e3c6f44954ad,0,0
d87ed43db86605e3b9008c75b5ac4c22c2a251e5a1b7066d7b13c5b9dc88a547,0,0
058db68dbabc6290fefdde8dc1c4aeea3a5d7c32049ed4bdd190e6e59c17c905,0,0
d37d24fb5e3dc46c697487cb0b154dce086c60acec0b916824bf99494c394ff7,0,0
c8f0d96d5be4d00735a0a1df2b512cbb02d8c42bba38bcf4db2e791263b35be4,0,0
a954c3ff1af6702be3af68701ea0ee04ad8366e7136fc6139c5d3dc131f6f1c6,0,0
73655cb7802f74e825ace89c74b04ac4f0f9ce2cf9ec60c0d6ae09e189d69e6e,0,0
cbd9758ec4db142e80a27a4a67b76e09fe3caa56f5db18681e6b092abecd125c,0,0
952ddc1af134c83f0aa620b7e5c1136036339f058ccf32e29ebade2305b61a55,0,0
2fce19eca69bef15b4288e8a91bc260c1a60c917a827c4fc83ff2d786cc21433,0,0
1a21ccc86d434d7fa4a2b0f79f4f7076c2082c28c146cd417e0d80cfba81cea5,0,0
362cf31323a353089dd99825ff2892902d9950fe968747066220449beb3b6934,0,0
54977d265d1d6e2e20f3fc7fbe22b4fae518cc1407b0fc7a814c5d0ab71d989b,0,0
d89f400e4fd40c12c9aeb9b92562d8d69cf93c306f335cdbee937a24fe673eb4,0,0
6d8eb04254fa7a08ddfb2b084255577b33bc58b8729fadc641c8111b5a91f5a6,1,0
a089c69efa22134d9d37f5953839beb60f7d453258c743b60da5b62c7e784c57,0,0
8184a95c3841b77b3178c743de67021d3a42a2b8470757d477bd4e5ae215f5bf,0,0
07973f0118d3dbe72d75d34e06edc4d8ee66d783fd88ab81e8f15ee0a483f6bc,0,0
35befff92169636c8c250a10ed2f51c078f72e49d95f413fb546a1304c8a9b55,0,0
5bc2c76f778baac582ab0aa06d89f05fcd6df4667959ee4f6ef3c6d592be13e3,0,0
220423deb604a1110e525c260e636a01b830567b2458c3284f07f3b28f5ad1d0,0,0
51c967bfd490082789202ce4a9caa6328a348d8081631fee08288eed7cfac6f0,0,0
828f84ee3f3672d3c1ae7252e6018e34109bae26c17eeb084e2fc86442d7485c,0,0
60441726641fdda61a0e00ab648767522a69faf23c1429374499d84509768fba,0,0
23e91ed3b82e9eb7deb6b8b64c1273a3a8c5dbbba4847b99c22376c64fcb19f6,0,0
c448ad76275826d6a97bfd6f614bc833ce6aeab317433356cfd8c7f58ae4b01f,0,0
32fcc7fc730e9ea6616edf9e6cc5ef772be5d8d83860d7b5013c54bd5e14a72f,0,0
1abe6b89666177465d2583d4cd11e9a7c1b14cd0816d85b3a4dd986961806fa4,0,0
5b2481f4c3ece0a35639cbe9b8d9ff6602701372e48cfe5a797b6fc76ec89d03,0,0
144f5f1c1b4b7233f2258444ca47bd9016d65a6bea5677932ce7f3c1b041e922,0,0
8d83dc1e51729407dbf5c47b210fd61c5f7ca35894966a9fe571dd6a27803adf,0,0
97abb5c06b98ee1c8d704d6e3d0ccaf21831bd13e847ae3efef8fb43e9b652b3,0,0
c8b5c1c1263b3e596913605c2d212e32edbe746a468d6847772bae3d7b0eb7b3,1,0
3874662cbff866be4b8f78696c1a7ad5704a5c94303eca8f7b4390f06798b48b,0,0
b7758a9ef93dfaf30f9a8767e346a8855f29ce8b889a511d9f0643f18b25a758,0,0
b9d0a6b2dcbf6700427876cb3bbcdcacf674d9c8a664c66487c6ac727ac4ebec,0,0
4dfd864efcd75a129beded3204473c5c054436b129f2b8e2cdf8a56848a24d55,1,0
5d277fc24e404fed23f21c097d809b9580af49d66ffa8b7be86008c26ebc111a,0,0
6c61bb36bb011088654eef0f140cfdfd1d48139a15dec053de56707d6f62e473,0,0
d075a0fc82997ddd10a788f2eda401d5feb9e8773ed09510ce79bb5930c11b6e,0,0
d98d438838394e8561b36ebd00c62563506b38683fe35133ec3e1deaffb2c48a,0,0
d1010bc32f6732778930aea3a8b1d930f178ddb16d203f78e7f1c54631083b89,0,0
4953fb99a8e4dc9e1f20613ecee34b6fae206a77311b51de18b01730317651ad,0,0
29e4597c2d9d85158edaaefa5550c890b640505f658765d6c866f0518c264ef0,0,0
3364d518dfd3e5dd0109d725c9c0b98fb4b991f304c2012f8c0f324ef2816839,0,0
195824aa7b14c764b8da20b27454867a282db4b4ac11825e6133e8f15c8a9152,1,0
c51cebc1f3dbc94166c0c8ce3b06098c368d64b38635f664f6acd7fd27b69099,0,0
c7d161f828a6c600542e9c5e78be4a4f68fe15d3cd69e3d6afb0b3e4805e08aa,0,0
2f905e985f523f7e0ec9c1b6f0d2b0412e9e79b30865e63978ada61b338164d7,0,0
d861a510992ff6e239b5353a90bbfa363175741b1cd9896d7a770c17a2d3e866,0,0
038ffe54d0ea1718bada4ff0ff993ad0c520f8e217a4fcb97f480531041d4649,0,0
dc4d1fa1b569d6e1356dd2a88529ff86bcf23565e43da97387c0ff4dcea35e9c,0,0
57ece3c13f92d6b147dc69928ec1c0ec98cb5587da0cb3b9ce42231b470cab03,0,0
032597376dfd29e925fe549a13c456054be217a3c14402e6297f0cdca67e1e0a,0,0
e0f292a1f548ff6bc2358a9edd6e5bb9495dbeb3fa3397e38992beb98e31c35a,0,0
d3db6f321fcdd9a5b9af68702f85511850993625ce6c95d590943a19d5f425ac,0,0
cf81b32159e116d0358dbd58541f968e74dcd85b3023252c4f3be605c5d09f18,0,0
af2f825a01b23419832a0aabf48dc858197b77525c07e0a052764297fd98bf01,0,0
7b3dabdfca7353093a4f22caa576b4adddb84394efb98179c18321c9f5567220,0,0
379ea2de0df6ccf300838b5ce80c60fd16e88ff23574bc321958de81d5c0241b,0,0
e19947741a3fdb988e152964fa503e0f4f4eb4f379485cf97c3a1c549af13971,0,0
1d0aa0977ffa0f06ffc962ad5440c8b1655c2d925274f6db84a7f3ce8da563e9,0,0
f4bae03f1cc734bc6c7614c294946a2a4a674b3acd38abecf70e03bfe5d9c41c,0,0
dc0d6dfebceb0f94e62efe049981ad7a6406e741686dd62918e4f7a8bff52797,0,0
b87b04dccdbd7bfefc504fcf1abf214b212fba890de34cb393962c3f532dd721,0,0
9075d7a266134b5077c7f911323c6ce33b76c71e65f576e2c2300f4118abb622,0,0
aff981fceb1462fffb26a29a8ac0b4cdceaa3fbad125fba4d38f3fba70f1d99b,0,0
8c4790e0c279e6a73390e43d470c2c6202e5a6fb4282a9a5b46dcd5186e93dce,0,0
babed8ab4aa3f2764589a465a834904c3c06e732e9d015006f75851cc02c9409,0,0
a724fcf47aa82a4983b46ff4c87eee15d28e413e4ec35c21ffcd6c0e3caf5964,0,0
a0e90770750c807fb703f97c33cd2104a4c0c03bc5c1da7e40bec8ca1c153eeb,0,0
56f745809ec1b58cb804a863e29c416162c34bbf8cb80327413d02af95010673,1,0
ec5732104349ccc3adf3c34a83a6f32915f21ca97a29e4d13b0cefa1354d4aee,0,0
a8b85c36ebb957d2b276e4946ee0813cd7afec4b00ac6aef0ab6971fd7edf50a,0,0
4a168dc05b171b832b47cfff29a87b9c33aed8e54a1f9552f6d40b13fc9d167e,0,0
b39817566f3b38f8411212fd44367326f4088dbb3267f40ac4b85a6b938f914c,0,0
3972941dc05d4ffd7132dfc0b0632546008dd116c55ea4428ae8422868dd38d0,0,0
9dcf9fadc2b34055132f8f838a8e47e3afe87d6cff1d67ec65dad98093df43df,0,0
d19b5cf2b136b91ec98d6b1408d1619a9376b9c9e8c1754e2bc5a75c684d6893,0,0
f558e22bb28d47e1dbc1c1d67077f2ac54ea875de8305d6c2642e2872761d91f,0,0
96931a8917ab3bce0bf16fd447a83b4b0328587c8baab69656aa72c3ecbdce50,0,0
a16ec95ab356eb19586f756d76782d83838db650383f0b5ebb8b9fe12f709f25,1,0
ce4b47d0c32462af2e8c73faadaa01661a626d4050e52bd356c0d3bc9f914a4a,0,0
bad38a21a9fbfb8323b551dd54371e1a43d8b1a3dc01d3f31cc078d44d26a491,0,0
6a18ed0e15ab03835227b54a2f2b4f681e33d36b518acd3bfe1e855d3c36f1e6,0,0
c31a913e11b00d2b9910066ed07c07fdeec7fb18b10d3f30b7b1a808296f43e3,0,0
bd5f854f82638fec5e97b8190c3f7d8fc64a6cb344b01092ccbcc7718eedd558,0,0
53ace3b72123b3223109c41a456d567f060ea583f64df1afddb8da7480b233e9,0,0
a9e843508a2275535708d36c750c9c26c16de7dc5fb6de16521e37e5b9edc4fe,0,0
5a4614bfe325b2278a07748bf721c641023e0a264ac48407ec4c48c4d08c437b,0,0
fd5204b4d38336cd6850546490885165c33144197aabd70613efcee5f93c64dc,0,0
ea71865c3b821a39db33fc0975d1053b03f9866d2f6963c4cc22af0cf0305c1e,0,0
6410ee48784c01ec0f82151773f3a06edd7bf6dad325ef368ad26118484e06ca,0,0
54c9f65e59b7c35cc0d0c9a0d4307a423d809cc41634b9367744b36eecb7c088,0,0
94842a50c9a95dceb1475632bb852f52378ab1d4395233452704f7de8abd5a1f,0,0
54264ef005cbdc3aa6d235c41974168b0abf53719be89ed5a11c61c09c9bf0bf,0,0
7531a1c92981f684d1088b3ce1d05ab90054b1de79d9fed04432bf6daf13aff4,0,0
2fe10c8a9f7f01df9f3915b6ef7d1c5bec22f0ca0441b2277829394f8ddcb199,1,0
cc78fecb3d933184ecf509e4e3a157a11d73d4d5bb9fcd89e80ff4635593d2d9,0,0
707e681c579b2cde0fb121485af09273302f052aeb0d77a32f9230be8664cf6f,0,0
8519b0e276d5e9be90ca54d252ce100c2c4fdacda0cde20f0e67b243fc60cfb2,0,0
88b01e3ce98e64f6800752315a229f213ed7288c3df362fbc29e304726d8707a,0,0
041ea93d1a96116d81b7dd7eeaab71d3e0291cd8ff1b3ceabaa87a8b51ace3fe,0,0
498d508704e01aef9b69b8dde2547066e63ffaae0896bdd3e96348c0f92b1cc8,1,0
35d0479d676c3f62783144791ba4b90f1e0cadb29fa29946c2c47fc4535364e1,0,0
caccf74d5d6699f28aabdf21f9ff7f5d7ea7755a1062d19e2ce15af4d4a32846,0,0
578087ec3f938f99345acf836242d13d09c9604ef7e7252c77aebcc051609552,0,0
c8a445e95f38467f13a6cb6455b81b8dca9ccd8fb7e478a9154d320687eb3f5c,0,0
b2dcdc2a417fbf536990d9e30bd753010e7caa4d2d1c217a04154e6a0d3c1ffb,0,0
08e21e0044e82563ed64efcf3e741bffa9646783dc9ba01fd219a68b981fc03a,0,0
4fa2e3cc33f97d639c33e5989d834e51acc666438d48c1253bd0ef24a393e87a,0,0
5f45c8503c24e9f329a500093638e44e5bae7adcae163bfc7aa6a0f64e8a1c8c,0,0
cf5f6f5f415e99673c8669d898dcefcb0685100eccee57f6d5104c05c1475662,0,0
c22baedcd4edcd948ad687213047a2ce6edd95d964d9a3100d541e9293fa9caf,0,0
fdc4099d2f465557229fc6564e6f0c1983162cc5637203e9b1624e00d4b67f78,0,0
1ab924559dd15ece93befcef03d81d7d465f36837b58a05c71beb8668279cda4,0,0
8489e096aba9b3b0a28bac9e5814cd1173bc1562fc01b864fce17517fa677920,0,0
cced7f792b0ec248b8a796303bad916785e69aa2fc70052daba8dfaa4e54e938,0,0
cd5ebd5a101a60b41df2735b1b718a432b3b40ff748857c195b5897af4503a0c,0,0
2b5e35caa4410b069ad7386cfb01091fd33a8ad5e249d9f32048866dfe41c6cb,0,0
77c3c7c3c622413ad1e78081c96581f1a04a02ba030802df3b6e71728ea71563,0,0
a8612698f4295d2f7a80e71e24b8b10af1aa3a99db4740686beacf338aacdd1a,0,0
8bb27d99ad92703f90f34f883e3bb77feb27b5a6fa27f959798223081bcc61ad,0,0
42c22a0356df35e7b55339027e7fd1d45284eefc9e952f35569ba6879e6abf06,0,0
d078988a3c84455d08289eeab5e199926cca9f01e4859c423ad9a69a1e92354c,0,0
93b32d1ef1ea919445958251ace0f98ba4c5db0130f5943520ef8f91a4ec1425,0,0
5db73577ce6fde3be9f49591038a50747203aa67d50b616784a0395652c3d7dd,0,0
5018567877da521d49ffd6d6352b9362d64eafbad3ffa87a60cf0e1ee7e83808,0,0
407d03f66cdf3f7f53029ba1a9674ad2fbabc9f84db8211f7857f731e7aa36fa,0,0
20aa21c58a714f759d54435419e40188da89e314c1d02396abeb605e433a20a2,0,0
57bf66cc4a4edc19104b0ef2d84ec20db6b48e34323f277a632e2aae5ac193ec,0,0
91def31f0343e4c3b5286024cda4b939f178aaa154c0d08bbafb9b43fbc883db,0,0
24a01a34d234f2bbe07743fe254fee941f2e00a253c0fe61f1e54f3381d269d1,0,0
2a5e6206955b45b27c7492765871e4cf54a8a4101a1891e51659c7f5b5e12826,0,0
761e1c414072d36072122c85544fc90ad2ad1e3d4805c5f9ab3d02fd29d5ebca,0,0
3b91a16ac6d74b6acdcc360d5fe21d12f9b04d896ac87953c5cb14f8e9c51669,0,0
efcd0a3d04ca8fa65d15dcab0b85a73a71b87862229ea0f0543550cf2601f5a2,0,0
56e85df8d50956dca0156edd126017c64a0790f4c431d0ce764bc20769854f58,0,0
91af97aac5ceafc3f6c57c3826327d817f350f6ee01de304b2c55751435ba703,0,0
0ef3b15f716b51b9642b248e447027a1500470fc081c54fe2a5ebe12dfe860e4,1,0
df840767b3d377aa53ff2d9f707d1bf179872ebeb9f98c1af4d9e57973471825,0,0
a14d7f70567830f6c15d13a0729646fcca4911f4c9a293b1528f656c6d823aa3,0,0
b92c6195df037b2706593a34d918680b4a5e3dca0211e9ca5d5061055c4c6028,0,0
a44ad1c41fd0e501051ddc9258fbe1a109100c2824f393201009bc1e4dec58f3,0,0
8d759025d44172faa454e35a2d3c9b0d11e5ea532392ec182aec7d46f7772a8f,0,0
f36147f343198a4754319c62ae5800abee749c6edfc475ada5d3470f71b31d80,0,0
aff506407af41fbd0129ccf47f62858f5bd891596cd208e8876dd179b82f445c,0,0
1f6d0e468b7a2af97176cb1689a5f13d14769d40a615fac195590aeada6b1777,0,0
5b6af54d63f34d1a2ab87af24a0dd558414110ccd61fd1c0adeb2194959aa398,0,0
4553c6cd5d06fc802fb1ef8b14faa5a145823c3468d098e72cdd0b0a7a027a2f,0,0
d310505ece338ee2f0ed7b68316fc59e5677dc3a6ec117b0e6f15965549036e1,1,0
ac3107bb602bbd9a7f751fba49d78376c327b345574bf8a17b43388c9e7b2f88,0,0
a2af1a8878787a85a873736a1b00fdd8814da79cc7ff6d6eb8e4c1d12bbfff7c,0,0
3e66d47e827e84bf11b76569cb5de13621747341c102d4f1fce3ae2f71daacd2,0,0
ba667176be86733b6f435740e800a37837e82ba38eea5cab179e765b6d50a9d6,0,0
6c1195bc70572c0e77b8ae1d646bf5eab162c65b0570f28315780a0e1afa98fc,0,0
b39093a91422e8de03e7b46ed3f7ea8ad83ba516e0d129ed37bf480421df17e2,0,0
4c29c7d3fa8129338fc3de92ef90bdd076e0edc0a927702997b441af1299df12,0,0
5bc796cb7d367e08c577d9155282496c28bbd8edbabe09fca3955bae0c9934f8,0,0
938dd5c76249950b161617d9f8d3376f195e8f84267b41bdc912fe0ac543f3e9,0,0
87040204b7229845aed1caa9859a717d28af427f0ca345a2abf61af5d12e5e97,0,0
529518ce41dbb1d5e0e2971335c14090026e1f963c8e7c09d7a20e2a4453c8fc,0,0
ff7888fdaffea0b0af179d97c74aed8116a720ff2354074c93a3fb695dd62aae,0,0
9468c4068208acbe2ddc77be12b034f37ed98c690cdb54a1dc58b74e792f85c7,0,0
3d3e94e8aef45037488522473af4deca86f0af68296ec9ebd418cb1644a3ecb5,0,0
cefbf47c33ce7aeffa8604e3cdba3117ae449d373aa315dc17e4d93bcd0faa92,0,0
b9bb262b6ff7e8afd1ed8cf41a31d2620b8cb671051c33e3d042ced0ce7979b6,0,0
ac69ba2c62c6f615adcd6ed9f3e07c73f1363af16856d3a97ad2bc350575fe1b,1,0
8b7634fb2195e295071781e813aa3ba7bedd9c3335f4e8f3120b08a581058c0e,0,0
01e470b84e21316d21c02b74e6cd2ad4f815e6269c0292b5702abe83f7493d26,0,0
464eb471c37b840bc5c41c4dd97fd30601d825f7fee46cdc3380174cd2cbc17c,0,0
67f79075b23deed892c8c104ce0192bd73f5d59aa7c6c3df0671f069370f413e,0,0
5955dc928c6df4bc0d03f77b8d256e23d438554ff6a3568100fcd23ffea7a100,0,0
935386efeeff5d0da43d2c4ca8e0853e928534a76c9e58848ee43813ec402a4f,0,0
9ae0753e5c45a13411d7940b09313f0b746935ae5806e0aa0815f73370ca3932,0,0
eb1f7846ea97a1b2e3c6a9366b6daa2ac4ac21942903be8ea9d4e6bbf164215e,0,0
485fb66516f451a005ca30a5a20ae937d4da34a5efdc8168df29169f1a0b05cc,0,0
6ce38aab406c83e0cc8cd72b985a2bb14125a1511a8d983bf2ff217ee7013dcf,0,0
e88864f692ab1b4383e741236b5d06583f36ccb24f23b60f2b721d0a21861d3b,0,0
efbc86565de7bfa7e560433758284e279d63c01028bc4ba96b17b817d3ac1942,0,0
6da909a1ec4b784b431dad5dadfcf2c916aa274fb83e5b33a8a951563af819eb,0,0
c3cc8e907b5c9ffc40911ec5e1a36acdaabbe8aba799288c1e3be1fd47bf2183,0,0
a9bd089b970fd083d770f41a5b07d2b82d56fe55fc7d6147cfc6163a33302adc,0,0
5982ae124bb52914f5329adf8ae8e5c50daeccde0317612383f02930181f71cd,0,0
27c81d0488e687e50ac7498ac65a812bf269f508de970a5032f90aeb65218c4f,0,0
7a6f2b8533b242456862ad0caf733a693858f85656ed14f0ccdfe371bf3ada24,0,0
94caac7b6c17913487dd9b8b4512f95a12639a31c6a76c57be5a2bff269f9906,0,0
8abbbcb74c80a99ca112cb59be50277010a320700e119ba14cb34ef96b545293,0,0
2aaf3c3ff70fd62c6852aa59830cc99b1da6825b293ef6bdc8a8034a3bfda230,0,0
2ce1d92af7558ca38fd65dc9807c58eced010838e10dd1dc2d718689722a73a5,0,0
12b62ab85f45fffaf3fc688537d116596a9b576e5d90187fc8039d0168d04964,0,0
2f2d99bd6b1fe58d94fe1dd4d6cc71e8c5645a654ca6c3f81eab0f4f10027611,0,0
186f81029e973e4e5051bb99b169a8d4a004111a60c8ac649236403314e6e587,0,0
a96576027032b979b78aec7f8b6eb1087aa5c52cfa91dcf484e34dc361bab584,0,0
2e188255816c87921615cceb044c91133be48da54a1e0e5b74a0324a8cc1f4ea,0,0
b083630f2df3b335a3d7def72429004a42090a3ff6a85cfd09df1a0c74b905e4,0,0
20839a2639f8caf5457144eeb2dc9aa41bcf06f5b330d20ef216fd023336fe69,0,0
07fbd31d4aa7cceb56c7562f4480905e941f31bf24f1353c2e034d21a026adbe,1,0
eb8db53dd4b78ee7711f10666823e72bcc0dd3a9961ddf362ab9113689a8234f,0,0
076b15ada201031f7f0abed70545c19267fc43d2dd13ad33e344dd781b1d5a57,0,0
bb06a907c8e59b0dc6abdfe538752b7936876048fa8ac52c6283ff2ee1ed1260,0,0
4f5514f8e40ee7535769df842f680076611b91f699e3e2d346ce90f18019bcc8,0,0
29ccbef23cbe3b8ae96be89174b525bac1013c515b267322bba6414c4cf844e4,0,0
2004e96a6f77f64e10a5c0db16eaba32f5722d843a767e40f617f0ffd37a72b5,0,0
3b9c420f6e6aebd2ed4232cfb2dc62c4e179bf29b8c3b23e479551f38706b8df,0,0
6745f7276a0c40713860a8b9aa874436c8334e96a85eb04ddc319b8b55cc31a7,0,0
965ce020d996325fa5ce33d55031dffe88f9f59fe8eb35fbd17ab1d4f2c46546,0,0
08edbe9e389fa9f82e9871c12d1814b4fa980154831c1902c234b76d57b3bcb1,0,0
e242976f2131a0fc187bf2f7694cf120a4208da5fc85b5720a18e3f875531e22,0,0
d473d67145e2af992ae2701b056c49982c3141f042ced136471de6a7e30589a3,0,0
4482b04781aac4d47fbfdf06af4209dbb118f47e3b9099b16b9572eca5056483,0,0
abfec9f5d7302133ec98dcaad6efa0fb41ec50f5e63383def4157d266b2b9592,0,0
0b924911370dca14d0ad95a5140e3b0f236eacce9f5e8f99da68f3546793e409,0,0
a4e46ce190b81512cd795823ac414bc38c6ec24fe081c6cf8767c278eb8f77dc,0,0
ea5ac0d3b8b3709c84770f80c34d77c38941fb053e2b00114023211698539218,0,0
ed003d3960f35a6cd9bd90f36547a58718622f55431f0eb6dcc9ad25b74a94ff,0,0
b7f7d068006321d69531c70b43aa4a3bf09194912ec6504a07e20f787da8cc39,0,0
b223ffb5185e968cb56f98ec301436668d22a88c983c72e08aa0a38fe561b0a7,1,0
439869b54373d21e6fbc6fc06d8c2c6c5b8e769291b256e79db4ccc5b2599b0f,0,0
e284e07d2d821448fad99239267079117eda32160fa0ea76d467b57e60d20b16,0,0
1178b86d751b7c1147a48ea52e0f720be69fcda54119b8aa82554f93f791acd3,0,0
0d0c7aeaba7e3324de8cd925ed0bf6f976374f25379993f909b585dd3dcd3153,0,0
f08161c8fba31784f5f27193656678b96ff306da6db90e3d179f455666c97e31,0,0
397363723f4e3cd90570d92cc56ca7465d2b8f312c4586b052cdfeef21b3e426,0,0
c0311097dd3727330747fc8410e0d72d70b4ec43e0832f9397a0b5c8bb4aaef8,0,0
f59d80b310e8814b37d9a78f842713fbffc104ca26364711795339d1f2ab8971,0,0
12f8c4fbfe0b78f32ba56fa027c4b4f681463ca71144d532de527733a993bae5,0,0
cf099e5588bd51f6eaf8a1366640458636f05724b99dab25858ae0d55d94dd17,0,0
dcc3dbfd93cfcb2a6bd71fcf980c17157ce0449060d934ad4d97c799f06df691,0,0
50d7a6dd549c60098c455acb1f6b029aa41b282e57fb5afa22943d71cd8a7efb,0,0
335b9240331813f252267a330e8c1f87b75ae34942f2e88dba285d033ecadb1d,0,0
fcb62926e74e48f9cbd08ef8f41230322cc7a5f81c611f08e82d217f53525839,0,0
f303f2bd70e321bda1d3ca7c430f7bad80c281f022cb8172929467280bff0693,0,0
6fc37dff609164c6c240a17ca3973c7cbb20987b06a154d143f2a41c27159095,0,0
0dec0876c18c6342f4f824540bbb3e0ccceba0209301af83a090115531059390,0,0
5937b92c8613597a5bddd4466510f80b6933dcabcdd40b20b2009b2940713732,0,0
c1604c755d81b0a446a40318e78fc5eac8e5e3a3deb5c39834848430c0d07e66,0,0
623046c0113c585fa1b7ce74892d4f9cb6b3595a0ced68c14c32778c267f5071,0,0
4fb9860c99970ca9ca5267cb29f379bb48885bfd4281be28bc189d4d31ed3d98,0,0
f249ec31a3d34cddbab2d3a498df89f87246a9ff1470113c5462e78d6f43a3d0,0,0
227160b8e6d0db42e578a6092eae229f3f36b9c6e80f4a19b412697fd7b2852f,0,0
2cf9292a8d2d279ff61fa37cb38a423bc38cd9f6096baee7d3a52773cd8b5a28,0,0
2e3659d256a41d37b761aecf0bd42e10556905373695c6082ad82375c08a41a2,0,0
df5dea2a85da628193fccff52570a46e1f37130dc6a10b78d64f27d5ebc7d81c,0,0
bbcb185cc93a8ff8ec779810152d8d245def7dccbb4b644b604de1cf980a00de,0,0
241e9df3d6db8b9b2471ab40c3c3ec31d2bba4d7b4e0b1a680fe83cc25126069,0,0
0eeba74ed6e713fc646e546b75cee9a76c7cafa146af8a2f7e44070f2e3cf938,0,0
55b10b4576a30b8f89467123d73a1e0b7075c1aa7c80c01c4a8d861d4c93c548,0,0
a7d55e1ef3fbc4c357846eec347b1a75c9f87eec8fd647d9b54bcf9e1b189fec,0,0
f9db0008edfca67eca51666331288a859eefce05ebf9bd010566bb067270f0f2,0,0
ba62e3c27033ac7cf86efe0c31bb58fc464c107e78eb93df522c161ed6f99b27,0,0
69dfacc5372579b50db9d3a4da7e5704194762dc0c3cfe083a0118e5c7f5a68e,0,0
5b02b6a7efb89749c1e1bc3b005fcefd09f34c4ca89f7d4383840269cd112c7e,0,0
9eb4836d5959bda8db34c008fc24f84a5bc6e765c2a4da850bd53c46b810bc0e,1,0
7381d0103e74bcc0a1816c1dac6ec2fb58ff325cc2262be3b79f7f9cf1a83f9e,0,0
336b83201a0367b087b1cf0aa39ef479d066c5fbcdb84d0befffc973b0859b62,0,0
ad698780ff619cba6d30b647d387a0a023a351eab676dbd41b480cd9c5257edf,0,0
28c86d675ab1a72f8665920b90fb0239d3e583ab94b962988367254511dc8d92,0,0
77095ccd2d0a2dc8c96952314ca886c1fadc2ca6612d45c1035c7542d9413206,0,0
86d484bd2eb12cf158e8b3843baeb5fe89373cb47a001c791a96a784aa01b435,0,0
5386cda2c3a5cd7b3482737314e61756c9eae361be3f449ab2d32a348fb82e6f,0,0
18ce010fcd488655a36f5aa154e41c2b920857d63785c45a241c6ae8e4321efc,0,0
ab2b25ad5aae426a0a71882fe5c102e0b190d9b9bc7253665563fcdf52a5a34e,0,0
b1ae9069c29cec4d2ef21dc0eaf7e56256e36d3f4aaa8cdaa72ed26929efa84e,0,0
cc1e14b59468e0e8a412e85c4b1c1219289e5b9a486562282613b9d68356940a,0,0
feca6ae00b22aed7d7561f02fbec2833cac6baa2fe02e4565bf64c4c27280fee,0,0
50ceb2450e38fe24c64ba62df07171aa2f9458219fcb3d85ae77fbd6a358e7e8,0,0
119a7645abb6bc285b094e8b6cf33008ceb79a9e909134c458e2174be9a7be85,0,0
f76dcfd03fdebafef17d2f74b91fa31a3e0f1c7a98fe3281abf7fad90b415bea,0,0
914b03c6b57729f13feb2a1de9968ae8b672bbe3ef49c2b3ce6c21888187fcdd,0,0
1fc600067aaa1061ee16a0f4299ff4704f1d03f2f7bf2f0b7a4e2a1698920a71,0,0
ac277a5a6b70007abde6607d26afea1e0357b78cc1647339c02e226177f227a4,0,0
14683bfe095f731f2605aea1e1f8a9834aec6f6abc0dd9021c4a8fbb3b9d50db,0,0
579c361effcfc00e0ab67ad3e3b99af5f0b0d7a23e1f3ebdef0f97b4c721fc0a,0,0
f09588b8d79bb78eb81de32c7ccce075a2018f7dae52df7d60cc6b65e5d8faee,0,0
8d830a26bf99e31acf54b03c6b8afb6ae52ced40a038acc3a98974b3a0c17372,0,0
af80e11c1761294f18d1cdbff3819955b1854c7e62b3f1356a2ecf6c85b4f7af,1,0
851d14d5812a81f7464026c58b9b0d18a859a54a229a956ecbb74938dd20820e,0,0
5bd3af9d78e8292fe3d7bc73d4b1217d8ea146194599d36f8bf266e062cd768d,0,0
614b10a3e0f72474c4ff5d7fa8fd7676804899b6ebe405b743f1b0cd9884621b,0,0
97710429e4f36c63b76f39fe193797bd3cb027ab609ea5f890a7eec4e27c311c,0,0
a7564573c88622dbe8a39de37dd029f74c8423a6ef214ba93fcb8ae954f6acb7,0,0
4a8f02872e5f4b212a020c349f0e87091fc0965526db2245b0c01af7cd1438b2,0,0
074f79ce627b6f813d1cad43ba874d0ae2712dfd0e52c3a1f7417c95a73afcc9,0,0
f87cce74d28f0a4ce2f23baeccf2145e277e8a1f02c3d9c11389869e87fb0cbf,0,0
859aa52f817b660b9e52fe982f848bb1b049417164b23b6285038dddf2ec8a20,0,0
eca75083189435f25bf4d959e35017968ea0bfcf40024b96689d5b46bcc2d086,1,0
c5e746eb7eb7c7973ca883e882e9ef8cdbc5d177d9a2998af9dc092ddcb9cf0a,0,0
7b91d6e6549a4f273069b3cf17560e927e4bd1e7e411e04dff09c9ebb67b14fb,0,0
a6b5351f01e1db0fbd543218af6726a1f1f0226fe1627953d63990072c6198be,0,0
d9d618d4e879111543c1c0beb7399654169d07b5c77932108ecabdb224a76c7d,0,0
0b9566b584c477695ea541e724c444ac438418374657a9948dab5d388dd4d2a0,0,0
c5e726fa5625c1d158cc3ee773f72c3722104be47a01645c37e064fefd4c2e35,0,0
aaa3f4145bbd8e7bf80c1a6948fdd94e61a0795f1ca59411c5a2758d551032e1,0,0
e504effb8951dc0fc6052b9002356bf277584a96d55fe7ccecdc98f2c0efeee2,0,0
479c929e72107b9e59982c3f5ed265839675926645c453c8ee15d07ae7231e3b,0,0
caa2f6d62972d32566c8f4221b4d706fed705198211fbf616dc869c47028eea7,0,0
a2776a0647852b27bae491eaac0a8f82a1b8ff1bba715261591be5f70e3f7096,0,0
af281e90c4aeccc11158e7e6777a6bbf641cd3684ffe90e680cd0d9b6c0e3e10,0,0
e98ce500507d8ae26ca1d3425c19e7e38d97a67d1aa7bea70a7baad147d71763,0,0
cf3e7cae186501e4167b83452ac2e0b77502a01b6bd0a9859002b27e109fb2a3,0,0
2c824698365f1ba9d2b2460508b94409e0d226e1cd387883f80f6631f21025a4,0,0
cab76de4185f07161214bac90553b48b0a6219dfff6a1d03d5fe22ff01f01f0c,0,0
e5dbacbf9bf61f33b6050763219265e9c23a06ed53b41ecdd291fb6d24c25429,0,0
6fb6a5d43df6a1c7a981ba6193dc14026d924425bb06203f76c5858fc4380b54,1,0
36d007535d70f9b8bd97091cd8268ec8c9aa6aad71378b22b3234f93828fcde2,0,0
009cd79e39610c03d2b56a2946fa1b5542a2d6e02ec16aae339cf14871b2ff6e,0,0
c3b8cb30717009ee83f19b8a97caf6e1d634065f0ebc26d45ed19e308dd8ceee,0,0
0b71dcc6f066dbb44daa7a60ed4d532fc1f94f4d3529705b1556a86ae9219c39,0,0
2dda241cde482685f49b653732b4f43039ed091cc0923c2a0c6215a8681b4fed,0,0
ad670655bb80e6d0772a623b789c7b67cf01d4a2d4bfb5996dc61391f990d42d,0,0
ddbd92247a0453e6f0297b9c73eaf4fc733e87d41aab4ff99eae917920c7014c,0,0
f7bb8b643ef1abd32db3a9de424380fc8da0ac33783407e09c99209e3a4daf67,0,0
339aee61f9f9e01e6f37246f793e981380de49bca2ca5292618ddab918415ac3,0,0
97bd57d3732b9fd43f133f9cc47602e8c9b835c071e9b3cefe1f6ea2e18d880e,1,0
fc82bb4371954b9f777757f7a04eda243642ff675d5f39ec200928c4b09889c5,0,0
00275093516857669428ea9000b0c8f8708ce3344e2eccb881b17423feca4c1b,0,0
86854320460155e188cef4e9ad18d638fadf354c4823beeb756217354805a0fa,0,0
fff630582409a13525d4643c875586e83bbbb98129295b23f471c7c7f5623e17,0,0
c6cef0f18f24f22ab9e1358d9d986f21d08be66da2ccee42e9ad948195d40171,0,0
b2ef50d08a268aa8ea4a28a97a271e59b952b69752a9b9c6171f0913ddf10620,0,0
31bb14eaca4d10af360206e0a133b4b09c320d239fddad1e68d135fb7cba4b87,0,0
06a925e1fb66fed9a72161b28e0f64d59386c6bc281308fc79faca9f9563ef13,0,0
73bb90f21322130fc3259b780c96784e64c7fb55131788e191f452f2ff86d650,0,0
c08b1354bb23cdc2be41b5b921f1f708a4c912913040756fa734589ce55c4186,0,0
e0734b68d92d7759955f747ff9d46dd21fd83ce78795c6be5d268b24b8f93844,0,0
1402cde57650433a6e61ec6a0c6793605827cd89618c71031ca6a61fff8645b9,0,0
e551bbcd868d275eb3b42b43877634200498128ff4e8af098e088f1518887e41,0,0
14af123b93db5cff7379afe9496436b1d9307a483d6b97c0388230637022e5a9,0,0
07949651e9c5a27528e40ba67c607d815022b5f93042e6752120971d4ef721a3,0,0
74bc6511fed6d8de1498531058694ceffa5bfb6272053c32e40232f10bafe1dc,0,0
d2a68315ad8344ebcaf6be8023d43e8d8f708847623cc1a612e2c19b3ae9da5b,1,0
343dd4c154c861f4b7dff2764378822d182b376d9582556055988fd70303cbbc,0,0
1ddb442f6b610cc8a11f7aa16620b9a3ca283fa800941e3cb9d3b6d92949d231,0,0
782fde139ded6f4b41382803ab4f26a9b130be02672ffa864ae7e96085f42052,1,0
e9bc1a0fdb09ea8bdb91be21373dfc3ca6041d488a582aa8fb1ca11acc2af1a0,0,0
dc67dd8948532cfbc76ed5969f96b7f84a7df93543e7b0bd23d863bf4ab23fa3,0,0
ecb7cf1f5235aa8b140aa9402c2e2caf4b36af09108eeb736f1a2ae77afd5c7f,0,0
71b474a8fd871033cda87d860e4659e45acb5e33ccb6469b43e80566aa1c9be0,0,0
609d082a7ebec0946c034a798f7d30fa23e9e8b2b29847d95d525955c8117fae,1,0
f8c574a04bb5ccb26384229c2e2d3a677cdaae5704d0e432f61a96d28be93c2f,0,0
3cc575ec187b86d0efa530e29c0e921a4eb65ddf8f7a3fab06fa8e12490ac7e8,0,0
16e9411dc8b8031a681fb7890210c0f2fed4454e70e14919e253f51f54515557,0,0
c07fc6f739ebf4f6dfd21b2699294aa775b023551d31cdb81a7b5927f938d5c5,0,0
93dba51022bab919555df59ab4cece4647f062d4b54a7205ad2299ee0f065699,0,0
7e7b651c98ab843fc060078c3d34806228049b79d38ac2beafef1d5c18f91d78,0,0
9bbf68f7c7d9cb6826db0e1b07f2ee5f7e23abbb9171b7630448039078aeb332,0,0
39067b7e139db43888cdf726841093e2527368f1c0afa6bb062556d04860c5b5,0,0
d4b6a9611c7a0f4619161b5d07a8973d30a72281aa4b939403c5b20699c3efe9,0,0
fbb899c710c7515069c985f8c2362d0715a2fe6f932d8eab45cb299ff70fc6da,0,0
0375e17d91e6fb8cb3f19e2e4abc6fd7a98698c2868db18cd77b018e1610dd82,0,0
6b60a1b0bbfe2e99d7587905e105c64f01ba51725d2dd24455919fa8359d2377,0,0
3800137eed18b0ec6d9db4ac8baa0efaefcb50e2aa34d4c31442dfa420390932,0,0
34b90a48464f9b171aaedc8b44015e3e8895355522517ff364396ffdff1d2689,0,0
d581c6610a882394ea504b93b71839f769a28229d1677f5e3f46d549970f341a,0,0
707601bd9f093074588f5823c9c99f59d5630ffd15cfaf823b39f59a7beff8eb,0,0
9244dc43bc4cf5c77ed7c15b1573237d02c6cd1c4f0f18cbc9911f1771fb2a7b,0,0
7128b572dd9fd3a7c095cfc8bb16daef4d01cbab76d13ba6547b253694e53c83,0,0
71e52e10725ea2638751d8822ccc0b319edb2370b6826b82a46967167004a7df,0,0
fd8026e31327525f66072cb7c73a6c8cf1df9fa687417506ec69b636dc96b7a2,0,0
8e08765e6b2fc3e1da61f415ce386c1df2b2e999883904263f8f33541503e798,0,0
80d1d1efd41ce02f13e1ffdabe49d9a4fa1f199daa274ef8c3bda9ccf3fd9a65,0,0
ed01779bd96ff63a0696e669d172d83e4b8e4fd78aec66c9c6cac28b50f9123d,0,0
b80156c4211331b597bfc473c7c21bbb91ca1f48813ea66de25596ac180de060,0,0
cc153a79ab2f716aa6d914ddb43a800568944eaf1f0418c3b1b0d9b9b221c1c9,0,0
3d5c954607c33cbf35c85d758573121494a2f4441ec4c838e5d794692ccb4bdc,0,0
252b78b22544f5204483c26c50af68bd856dde0e5f3c653032f2e70eccb6eb76,0,0
06e79e7fbf5c656681747b034f944f644fa9b16aa85bb382d31d2e481079566e,0,0
42c5d78dff11405cbe3f912a96a128345a90f02d1d9eaf605a1d1a44208f20bd,0,0
85f8daecd81bdc9331d01d3f0e0eb6fcc40ed92e667a3a4dc08ec0fe1d69a790,0,0
cc69ec44808577e1f34717e2618d672ce36f1c0ff7bafdf98d5091af5ea71661,0,0
05fe4cda1fe5d22b8373ca7a88e87ebe01dcc230de2e6369d83a7d7f2d6d8654,0,0
7943f5fbbec23910aacb90373a8edf72892ba5574b206a71ed29ab8768b26152,0,0
d11dc18caef19ea2732faab49d41fb9c5ed6c3d345ecd94331e55c0df0614097,0,0
7d3324891798ca352834c0c550596b549884b277fefd137ffe7e768f94509ccc,0,0
8543a052b8c4c241974f63ec7ebb1ad695c0b4094775465ca6016c8f0aa28b3c,0,0
d1d5a12ec5c43e32e45d5075435b5ac8dfbbb8f667b0440d225cabc136520155,0,0
24076f235d5e54c43ef875de2c35d068b2e1d66253e29de514fdca8da4cc0826,0,0
bfe88b9db25f20e9376e6f5d65f0f11a7f29bb7f6129b754f41ddba94f5c1cf0,0,0
b72692b87072cb07c914f2337cd6eecc1d44c1679c62efcb574158a4c4e077e6,0,0
7cd27bd87dbb7ddbdcf48ccc732e3364372493b211dd895355914d1f6e76d829,0,0
ef579b84618d205a80ef50d7389bca6f890be263ec3e045710f30452a088e9b5,0,0
529bcf9f7a1b8a1fdf79cc13bb7c1613439858dc86a0c0d0596b56c1d3ceddf3,0,0
5dff975b8f79c1b336d3f7247047e8a1ce85ec4124b72025557afe0986aae349,0,0
99b59dd0f4f6376b482b65dc16e8b143ad419f7afb5e7c3703dda147bd3ccf63,0,0
7a2e0d4a6446a2456a65e75d6fa6ae2573d6171c6e6d19957a24260ffbf738d0,0,0
0034a6a260a29383accedbe7863a6d466cf2fc4da376652e24afd880c9b1f87a,0,0
e41fb3f9637c2ad4f24049f147cfad49cca2712f68c9048c71032e4248e26e04,0,0
fce739fec4a0b38cca35f221b008d872c8585ec8dc4ece080f69bed0e6602313,0,0
05340ce0b52e3efa1dbb32b8c6034b355a789f7c5f036e2134e51144d0404b2d,0,0
60a6fd5c36c43aa5c1a1e98a2451f9d2820fa0a57d9812061c6965d83ce21bf8,0,0
8c25207b332219d35f0e5b98c6fa8d14fb5fe1e23fd515510a48aa13f84fc725,0,0
821556e11d04f39d2ce7ae8cee911a77c139b7e1435a26b40702a93cd95c27a5,0,0
09fd1a6e8be56f6271f02321d4bc3c60a2d4ba525cf36d8ca644824738ad00a0,0,0
6c708ca97b4140c3984b059d301b3bddeed35d72fc9ac4f748fc029140ac2885,0,0
0e7c83096f898bbbae4c1726c3bc117f8ea98d74c60a623f7e87835b00a7d399,0,0
948790a3db103adb16319f8eed98e8d9c9fc3fac4810d21180ddc2445c7bd204,0,0
17fbb4f4b349b18a7089576765f42a5c66ec402cccd3c6653e09c00d28ddf623,0,0
56c48a4bac3f762f4453cc6e52ec270146bd7e604471259e0347b0b4a5074f46,0,0
5821a96651d0aac484a8956058743afb15648161ca4d143bac719b53f1c0c1d8,0,0
0abab321c8d937a14fd6d61eebe6c9145c46e07655678bd50dc6dd0821968b56,0,0
7ab2931ae1f16dc2f260fbceb914947a5e36d7d42ab84f104a2e35726b558640,0,0
4adf220b62ce1b6841252910ce7daa646bd9779a5fed73ef205191a412c66066,0,0
3885f66fbb7886e2347c8de8405c47561592c7a022327457049abbb73f5f981d,0,0
9637eec17c291060d688aee223663a65a26be0e94a390f5dda73ad20587086ec,0,0
48090126a09b8a37a7b5d8dff934db5e54229610f6b32543baa514606f61988c,0,0
ea7e37b5df96dd2c9d19199a338f5e99c68faf581abe6a71cdae53b011c29742,0,0
9f9084a37747fef1b8d97a0f80efbd7e0012e77b8c3916ee30f536f29c2f490d,0,0
bfabf8bb21751669e7160574c6c6b006e93d99e73dabb8fbb97e7d83e2819ae4,0,0
f1965fa6900a913a9c19f46fb2efaa29b2af66d938cfd65db5d16bcf5d3e7307,0,0
d887e2f7c189f4d921bb9adc21f603d5f24cd07e3941d4466df5349842861a00,0,0
f9a0e7b00b782b6c1e647967519d72d93be52721df0d5ffb246eb986172a007d,0,0
df44df8fa14a9eac7b2e5fa58519b9b68e330ac0f1e4a1aa596f787606d701f8,0,0
b1fa7d2be8a2d97e5b48bbd11522a41a4222b2b9be36422975eb7e2f29d69add,0,0
2e793a53583e69876edf63cbf019f73158da99a7a99f4ff50214229308180d83,0,0
5b27c0f674ade228d1e8722f83abbce86dc85aa5d05358e52b5c2133c6c93e95,0,0
02f18de37f3ed5fcf6873df875c37acacfd2cdfe26d62f180b29aad07b3cec64,0,0
5e78955f002bb87c7a36bc00f38e3deb0ab237d1a8d548f6e038e396274391fa,0,0
e06daed324b2172d16b09df3b26ee594e76127903fa1a8c24955c7d2b28a3c83,0,0
d13adcce44c9577697d34ac290ded97a135d85a2db8c993763d1d7794e986b13,0,0
713738d593b8d366eb0de4ed1e3f76faecbf570b64d76d9f0fbaacff649702f2,0,0
fc984e5315c362bf2736e77ae82fcc6cb3b7c60e9810f8a05d0e90ef61cb9cb5,0,0
bddbfeb012ce9e4b1346f4e378b1b61dacffb31bd28ff92f9d855dd9593776f1,0,0
b0a200851a40056658839d27134bc4cd5093b1f37058f5f1f3d661ba1f5e2477,0,0
3b20eab91fdfbdec625d638ed54414188e5ab93d2c60a9014df83435c774c699,0,0
ff3204f4ef4a2a2a2d3bdd6c3d4f9ffbe9a3fad9720cdf7a566785744edd3152,0,0
9c7fc35a1a452eebccaba1a01ac53edfb47c8e61a5b23a0be6d7d1a95375ad33,1,0
e92b7699cbba3b13d1e813e9fb8c2795519b9f1b3d6390d96a883f69158f593c,0,0
b5b53dc725f3e38277cb4841737ce3247eb71a1e04bffeff9002aab717bc8f7b,0,0
5fe1a34d1ea350feb316ab864a3f1c062803e051c24376deed71072e693ef3d0,0,0
01b305488f5cff709b87a7c45bb9900f2cb8b883312e2738a7abdec8213fd239,0,0
5c58adff51f4ebbcfd38203eeb1f8326ab001adc1d6369e13e9bff22ae21909d,0,0
f23be2902f73ebb424bc786a34518332dd800948764b9ca84fa2c11ea8be4552,0,0
dc3dcc9586b6ac8a3067b0750e39c66593ddd3d1828bb6cf73fc03f482b9799e,0,0
b9150736c0a727b19646c173c8ff595124e086fbfd5ffde46fc303301b358445,0,0
b0ce7c27ca9f5a2fe3d4dd9bb30b1c2e82c94367baf98fbd36ce6e36d816b4af,0,0
8bf6b4631374076cd996735cf694ac932fc56d641b8f2c15cbe9d03fba8edbc6,0,0
61daffc9e49db28c037dbb9f34b44f2edcbd259f02b765916c431581b81ca414,1,0
6f367595d9afe7e71ad6fdd84b42535e8f369819be033cccc06e2a26c4015ec9,0,0
8d8b8f42e95460791b5803041be8daa6d684cc04df73ed4408f22002729abb53,0,0
84c435b7c50a444cea9069ca08a06690ca90e5a2bc6676b75e1206c7461244d4,0,0
ddd1b56c605e740b06d638bb9069abe70bdc35d50ff2a88e4e531ffc74f30f96,0,0
a54300fab5f1d9454f3f3e88ec027dac91ae032d208b749c0bf0ecb57c1675ce,0,0
69bfbc8bb1337a4407bf22ed0d71660fad30718720d625b2b027e02719209b78,0,0
3df2b935b81e7b79294a5ccf7d809e3f1ff84cc0d0918bd61ef565c2649e9980,0,0
050b09346e27acea26a057ab866ce1c596fbbe62d21c878bb628b22637540885,0,0
725e3f29a5837fb005043833b7f2463d0f515308eeef1dacd9381514fb106181,0,0
c8977a4a44030d3826e29fce66ed8f716eb3d6fae8f606a708df061cb5fc3b59,1,0
4460fb3754527e61475d9b377bddb9232c629a3ba31543456077dfa26f42428c,0,0
75554bc1ce8ad8ec3bf1d9a90577106833c72578e33e09f9eb8c9678d717d3e7,0,0
fffcb2dbdc015f8950da33e0ab415d2e6995b2e568e594fe67cdf35ae23fce84,0,0
a6f8204f19ba8ae37176f456ddffae8c1aa2beb6e15ce2ed1fcd970947745121,0,0
5922cd077d3104e21c0fc5d7cc515dfc3286185c6f40cfc8658f4615dac8e33a,0,0
e51160eaa3a739fccded955fd3cb1dbc347d6896400cf939f01db9ee5b925de4,0,0
3a375d53e732906ead8dcecc5c5cd599a5631b19c53f74ead16c24b97d27637e,0,0
a6f9c3261c95615124b7ddd9b93ddb615464df1160d23f6b2e7cdf15d731a338,0,0
f17e74d4e9e687a9065a68809bde86c823cdfed87b5ecb521e66cd1bd7e8e115,0,0
155c7b33603c877260734b8ad3ac78bf7c1e828f6eb4541edbc2200514dd94e4,0,0
7bc8e9d88244481863fd6c1cd9d137f468f24a5b6b071cb8cbff0ceb6e1b1194,0,0
9bff763c933eb210f081216b8ac410d8e68c4f3600736befad2c3078b44e0dad,0,0
9bc68a4428fb946e20dca6360c905abbf99e68e1053eb38d593044509b0d3291,0,0
b4b78ccd482ca8db8e4aa0d350b8e0092b89a88a7bea1b73ff1c1ffb7ebd405b,0,0
9067e02e09d17a4cdd2db6271b88923b25368a846534ef4572eafe26b937a58e,0,0
5864697dde6c5a579c990f17af45ca469456dc60d72c6807244c1ac593541089,0,0
15312452c3ee7c77142784d286f22534e0188bb25ede415c8ab9b9f41a633f2c,0,0
45707e6fd414ebd640fb94fc03780458022b6d76f5d93d92d839d4e39b952baa,0,0
a93b5a4257f9928196b9387b9105eb7e20cd42fd1259403d832e95c5d900d270,0,0
80d4a59b95c628484775ac0e5e21f9f148e8bcd82acba85fe62096dba2db860c,0,0
66ac0f75276d0ab917c224b8cc9f928e42a755425096a1ff5a7e76e37050815c,0,0
b65f762a30cd0b0e87af8ab1855f6cb7e20860e65d3762c48de5f3e9be459815,0,0
4e257ceafcad8ef087a98f6fef9bdb8586bcd8dedbf7977e39162b73aed46d90,0,0
b50a56db1282ac7b1e0378455988f4871fe75c3b4a430357a87f306ea45cf468,0,0
ffa6f05ff3a81cc71dd2ef9ce405385a2af927312999583ff53a37bb6755ad80,0,0
5818ed173e354ce1856af2513508bc9655ede6a65d930826180f4bfb15cc013b,0,0
c237ebcaaa70a99d429d95471a08576a7662a9ba7ff3227e28dd86d19ac7ed48,0,0
6f519c01e8e2d1aee7f3d9822ea92be6f558aee2b02f2f0668215b841df0f4bf,0,0
3073ffdbb724d22494f7ca0a6f1466b59683551a8d382babad5f7ae533e13f13,0,0
c8b9e7688e15c5f13e840ad514b40f6883e35a8e9613d11933c5d76056f9c5c1,0,0
95e16d8f14f60a28862f8851adc7db8c52a8cdca48530daceade240f49cf5e7e,0,0
b48d6e31572d5f1c41b1b259dff0e23228d0a3761dc0d184851c38faa2a3ade3,0,0
d6590d6e245615116d4b6cf9f608c3b3558cf1bf38efaada2521e2ddf7aeec52,0,0
609953198a5bd918c1b83ba1d729b0cb80f85afb68cbfcfdc45fcaf6fc3af538,0,0
0fc72f08955c5de021408ca597ea2fc5d46e924b0bce614795e514f2daa8ce22,0,0
124aa4cf0874d1224a42ea25f9d15e2712957f734cb906ac9ddec7dd4980f1ca,0,0
bcefccd900ab44fa9e4f7da5ab91877b1a718d93f793a6c0e65ff89715945b9b,0,0
82b0a54eaf7350b2c67b4159b30bf51e91c61307af951a8bc5ccd528b5ba8025,0,0
cc6c0fe5f60bfed2cf3b7cac2b4819b46b61d895cce168e4080ae1488bb31fcb,0,0
ae6388541fc1f92e3f4ed9bdfe105221f0822ee005907a9c8352a90ed3035af4,0,0
be3fe47d8ccb24f3896d9887e67a0137799c4ea372c8d7860c1405dd546cca81,0,0
5a5fe9de1455ecfe987a6db50a3c6640fb2e283b8daf1919cde47dd4bd670a8d,0,0
0b60f7be857643a2f99e4f1fd3d222bbe692240f7abd1a781affe37f220bcf30,0,0
258da770a60ec5c9690a066b898b98cbff3a39f24a151a70fdeb9aff513c50ea,0,0
72cdd705edfbebb6bdb3757c712dec4d36640be96068b1abe32291ba5b394932,0,0
f265c6ee0b0776656ffcd62605047bcd2159d47f457b8bd5099fec0e3bc26d2e,0,0
efb4701681f63376eb6f775e92dbcfc80c8b45cbeb45ddd67e7f59c23ebf4876,0,0
2cc27ef0d600ade2ba57df61516a89e4436c157b1b00a5c4db85cba1e34ea74d,0,0
8338a638c12eb939a2a7534c09e30cc280447c9a82a1e39fbea5fc9e8feb0348,0,0
ac19960f2665fc40d7441da163c40d9a98be6287d89073cd834fd405b2068087,0,0
3187ca3ff9f0cc02b0ac888c48fd9300f46d301caebe49a065180e899688354e,0,0
3aad5dcc48f10eb80ed492af3298a72209984bc84058495e6153729e320bd907,0,0
23897b4846f591a2245e069de088bf4ad0a8b608cc6fe0d41497e009bf07b6d9,1,0
b08f020ff405a070770a2e1eeb94258fb73c8e607d16db084b72ee4cb6360ffa,0,0
51dbc85f6477b90acadd9a7e242840d2d1fa0c842bfb1b31fd567f7001509f14,0,0
20260c10b30b96a75bc66d823769521c5b176b52ebfc3489cc9c2f876b47fa86,0,0
ac0887e89ba0bd89c211171d15aa0de92bd5edbeb8c2d4e075e41545bf151dcd,0,0
2e9bff260a0c39d378ed30bed1d9315801fd4da16e59f624fbdbb9e3fbae07d8,0,0
dac922babd759913a05ebf47688d14f490abbcb486ecea6747b44f76597b1bf0,0,0
5198b01f50aa571d8da6bb7a38628a81f17ef2ffaac2bee6deb7b2d340316e37,0,0
ca8ac46fcc25de1d1aed586831827f512fe6bd9fcc0550b1c582f009820020e6,0,0
e17bf47e97b4222b10258c6a395dd42e372f331a9a4c7ccec45f2c2273655f14,0,0
3859df92d3008fe207449a3e74f36e5c380aa2653b080aba989c3f57ce1afe48,0,0
22d32f6b80752d33f6480f1d9b9db1a5e566af66b5c0d1a9543bbd6218130879,0,0
19ab8983d24b0a18a83c299b0555ba8b0eac798ae4e53bafd912534fb2584445,0,0
6a024193e0f528d16d34697f3ff21b8bf1229dff305a717295d15b93d7753b45,0,0
c7ab6f8fee1aea989745db948b2fbef1809c68f311a0e56429e31f67da1eddb7,0,0
03d6b5ac6e164f5a542ab271de96015c6fa9bdcb523ff238e0cd382e75f3768c,0,0
11404ac70f665b626b6722513e2835b10599909d08caf631fd9717533f6c0f37,0,0
edafc61ba5a13f744aca5658b341fff65e7132e23db351d95f1055f4697999d8,0,0
f7884c850811bfc9e8cc60af248afe63baa9955ef2d2e4e42b2d54e60f2c2db9,0,0
a76dfe5935b7f26f3211d1038d987e0786c3d96cf680e2b1850191f5206a3fe2,0,0
fa3c0834fce44dbe474149c915b978a0f7b4da1982d6135bdfb808f7f04d8f82,0,0
5bb50c250abf91ff649f09a9079438e7837b2c3fb19bac79839ea097e27283da,0,0
4794533ec1eb46a658c1aee69d9e22d41ac18add9145521efbf3e237f454a06b,0,0
01447ab78f25c121e9fddd53e4de0d0693c05e2125cbbd60fcb764daf4da9518,0,0
3d8540684daa57ea2f90a24acafaaeb8e1ae6a66c9bd9434ac07bc538a54828a,0,0
bf48768c9b547662e47531ffa90ee13d590f583682ce1a0542cd29c6552c89c9,0,0
aa086cce1d97d15bf24b46dab4b2a3954571167230424da0244441e6f873f997,0,0
2092e0db6ca7cc35218d2a18dd4b9003e2b4b2143042cd0c2bf848a8972b0a06,0,0
f68e2a203b823d3bfe7518360f058f180e214b67ba6ed46c67c30251dfe4e02f,0,0
6264a276838529b283d07b56ed4b0c6a377ab3c0dda391e2982b74307ab328fc,0,0
019803fc7ea3b9f73565cc36e2a70355518800674b91e0f2ef10550012b29d2c,0,0
970c80919f704b35ec9058f94d132b1fbb6862053f0ae9558842eecf2b0b0bec,1,0
0e1e164bca2f949a31fa7193d23bba9fc723af221324751fdeb11e70038c05d8,0,0
c90cb0d74c1f668638d08bac1df54316fb8ed99f8eeb871ff8833920514a1cf6,0,0
0d4598e8d8d05e96516b14ae5fee4c45300ff8e3bb70ec6d7e69a66c25392390,0,0
fbd2beb69276e6c5443aa20dd0caf5b7806d3ddce54fa25925ee13731481f8ab,0,0
b1e1b74e1670523fe2e83dcc000016d13a504f0fd71b7f75697a96decaaf7d06,0,0
d4e6620a974c3000c2a146e6abfd74801693b2d9875823dae02336d60c66a3da,0,0
3919e718375ed08587ca90fb26fb7fef7e0f4d6d6f32d34109e520e137184559,0,0
a99885be3545e34d3d782260c191e43c327e71c44eec1d048a04a83b38958de3,0,0
9828d8d4ddae35881a34906670885f25e9281f712747d948614e977d3ed51518,0,0
122e42ccf52e049a08e6f9c9ffe0ab03b644fb3f5555a804d317ddd44ffa91db,0,0
c46fb4f293eb007a8a71b1c2d23927740117f4b1f79d444ff1e46f8dc9d54b8c,0,0
f3022c790f1a6c5ff5dc225376f56e96cc98c7b6c6f5a4c91a17875bdacbbedf,0,0
df713b0ce533996cc76f1ccc32ce2520e6a77459558c87537ee08c0ab8482bc0,0,0
133070ace968823bb69dfba59fd3917c83f16f751d3b26568f8c76baaeadb0ae,1,0
4d0edf0bc693e6264618b814ff033bc29da61ef2eb4951501a4270f792e41143,0,0
71aac50780aea7b1efa297b146f69a2925c033433f5a2a760a99ecf99117fcfc,0,0
01afe5a001e6cb48473b1eb65b0e2a77658a1e5ea52ee25ca4e671b60ef5d806,0,0
36f7f682fc11a85e4db07dd070f380acaa32d33f71be04a529e57863a63d5be1,0,0
9f4fdf05da225a44eb3840335dba19eb4649cbce01c056f2979027663aa3fa98,0,0
1ed4975c0c6b0b28ec4992fd5ebd7aa86ee03fdd8f3888681dba9973fbe4b1d2,0,0
d4730aa35dce559ed239072bff6d3bfec9405d47d4e6034eb4adfdc23263e26d,0,0
db3520ca15c3622a980999e722397d5d09a8619a33f4077d3ca11bc63a60be50,0,0
32ab654c356354ba563bbc83de6ffeaffafa87879818be9075daa9aeee1bfacc,0,0
197dc05e2c88943360e076bf8665cbc1976ca7a9c82e6521459a4a4dddba2866,0,0
99e3295ce606c674f19931378b9fe5ebe75613a5fe284172672ae2ac502eca53,0,0
0720aa810ae89d21ab674f9c43259a6923fcfab505dfb1ff6e0343659cc43695,0,0
571a55aaa967493860990bea5e0b053187d1df640907a9a5ef6ab1a72d586e69,0,0
5dd1d73f5b7e778ee7523524fab1604ee859d42293a38504e7c8921b7c0208b3,0,0
2f98fbe05c55b5829587c9a31c3a7440a2e72e224b0dbd372b93aa1f34fab5bd,0,0
71cccdbf9f42cf56ab379e148dd663e1fbe750a276330e3bba0182e50a7d08fd,0,0
11a9d8a2b78d236b1c594b7f1aed80e6672f4020499d5ef9cce5f8699ba6c14e,0,0
3e03f194dd09424394eaba97636d88054c3969c7fd7f3da9d42dff95e09fb8cb,0,0
fea3114da988fe15eca93370f4ec881189935f53854d5a77c6131c8157368a87,0,0
00d6b7d1a25cf93465d266660c8cffc6e64bd2ab11449b5ff7fd612e4080212c,0,0
2fc89d669c195596c9ddeb867e9fdf684619b808818f0309b15b8099e7e1f473,0,0
67bebd45b239ea2d4dc52e19e48ccc386cb9a849a326581c954279be3e21cb3b,0,0
91f868386e4549d1655bb2465cc94cc29c86cfb8b22bf2218678b31fc5ed6666,0,0
03ed0a14b2d66272f398bb773551025e366ea13190770414712f685e696118dc,0,0
81d8deca2a082e487c78a8c7f8af2efa9fb414f09c4d614e86c3e517e4da2362,0,0
d1b7cced23829dfdfe673975750ec07f69bc45a77cd17ab21d7e993c4b7e0891,0,0
68f54e1f3fb5b395fb7146b5285bd3fe7ada402d4d2773376e015230abd39924,0,0
cc7bcbc6e6c090f256f97480110db29936585cc963f83dc5d703d16ef461f9b6,0,0
c24ec27607793e62bdeebfb5d3cdb3e24f509e9dc41c6bbd94b914045aefe0d2,0,0
cd79eb4dc02346981d6576a9f3ade3e553791c008813dbcbd9e4f0b835c9e128,0,0
f5795792b54574520be9854ee97213e3d0534392a4a8aec210ea90eaf61b99c2,0,0
216c1cbbf16174b9ab3adec55a08243c3e79a5d5c83aaf27929d97142f3fa7d7,0,0
e014cf7fe880d9668cae08716507d3b253c0dfc1b45afd4c37e4762fd5f2bf2a,0,0
61222d0e3cad6a8da5a6691192dc97f2838bac7d654a886617d41c8745b82ca4,0,0
bb5df2fd595d8ace391e735eafd4ae7ddf859343a5d85adaf905e401b339978c,0,0
83f9256c66d1af09a3369be0dada526703b351cb3844a131aef926d011a6d06d,0,0
ef0b07f6bb2830dd7eff1945408a36973b58096646f38f71214ae1b7f972b76a,0,0
d2c050a5f61828cb78d26ecd504a1687c3f188cbabaa6d1ec25f69da96e34bec,0,0
f9855400dd9427e974bdc4658694f14e1f658bda8822b89fc66a5167a77280e2,0,0
f706c8112e720bbf984f1bad72dd95bff626e5d524d926c0f4da5b58747d332d,1,0
a46041a03d5d4b6dc9da15ab95855fc97b70b6130f0b0774b2f6f99ece45793f,0,0
b05c369431de556b42b7a3f76f46211bcb82c03748ba3bc4bb9523c403822f93,0,0
6b41806c42a501af4526f2828585b155be2fad75654059f547b7f552abf66b8b,0,0
a75906d85546eb7136f0b3824f0b520afc591d0d185db3f7c7220ea70e7df16d,0,0
df4903278ce74c39d684ce515381aee54890de57a536957779eb4d233d3544af,0,0
3f12cf87a18d293fe30a62f3f8a1b8f2a64c716af59e9889c650dafea07e30c3,0,0
acde0f3df893861a62b45fa881f3fb05a73333216905d721e14b2577d6b68aa7,0,0
45dbd088ff0c0e86c442cf9216703ab0718b08cc2fc894a1312c465ee9f51e38,0,0
d10898b8cbb892bf3ebeda4c2135ea0f38cdfccff3022d68810475fdd1cb59d1,0,0
3b0902b49d63304221c45fa369ba254521f54b28d24edf8cd7ce5950ddda107f,0,0
666dcc1365de113be2a64bb9ba146bd2565c25877b99a71af7e002a8bfae69c2,0,0
215f885c8e98a73d77c76cf59cc482f9b9cc6576a57b40f0c60f1e5e5dbc0457,0,0
2720a9e8df9ed11dc0961f0bf5baa61a803cd899ef9f218cc677b71cb1ecdc36,0,0
309456306c52ab408f721892c4dedd1994ab0cf9e0ac85896ed6cc9615915568,0,0
6a3d11fa407dfa4ef3bb460201ef06d67009f491eea280698e77e9790e8c71ff,0,0
9c2353417a0a840271c75b3d799871cb323cf17fc868f0785a36f03f9c8aa657,0,0
64ce5858fa0c89071aa15889f3be742b734c5435bb064a3c32ed3f2c3aaa603a,0,0
7565831498bedd171582d32a6d7e2a93857c882c2cbc0e6ae63ea4067d4624d2,0,0
fc18b01db64e10c53c405a68d52b300979b1640542f1fcd7fcc9163695936f54,0,0
376d0b8b17ef3913d4a7ddf0c5830e5258949caad7340fcef1657c422d872eda,1,0
d741c81198ef4150e608f6b6700d90c22760005a51bdeddac131c0b721f80645,0,0
a94eb1a2b89ffb76412732fa15c88a24beba2f84cd0ff36b9791e0f99fab0de6,0,0
8320b3cea50095f3113c0d1a7bdb329691efbe8e8309bd14e9924f2ec0b4e953,0,0
f3ff1f24976e9e944a6eff61c5e4ef551602ac1f6afd4df3253e30266ce27064,0,0
207ade6e57d6e55d9802acf4e714de96bedcf8b653dfd7599c198e372d4e48fe,0,0
49a3cc994150cc216bd88fb33e496e341e55f78b7f0d4fa60fb1c9a710ac10e9,0,0
f0d75d678f83d3c45f2950fe985aa40d7467388f9b87fc4092ee909415f70f80,0,0
6efbd19f7834bca21636d4142b12c278afa5d444fb7d043459b437f844242e88,0,0
d81172237e6e50641c7f11b689ba2cb685727434ad80d0fe70ea1639eaab5fae,0,0
7f9e8496a4121ec74b3c0d886cd7725d4197cd1afb3c8b212b8039ce2733409e,0,0
9d1fae7484198ca56e60808ea403a6863a8ea11f0d89d68272c424274b687fee,0,0
a65bb42c797f1b593b0661409a6e42715fdd8e7f1a8198bde642ac2af440b38d,0,0
73d9bc652310834cc93ff643b578ab0332726bb7daccf405d17cb40c41bf13af,0,0
5f87d1b061d90322fec5673c63d1567804d88bd93501378d8d99546579fa30a9,0,0
6e2e1e85a0db288c6c414fd4ec9476ffea7cd957a053961cf9e5b1aac0f6bbb5,0,0
048099c5f03a9926f4fb6127d361d6ff411476541633c82c750b4d3f9a965722,0,0
3ae31a1a5243fb1d2469e71bca83d5294dcdc4b385945f05647a9c7456a7e232,0,0
77124631c5d992e840b2192b641c1e726e7f029dd865a0b08a1b21f23634c4b6,0,0
7996563e0a8d929860b574a9e1bcbb45994331c86fd1ecb5c152482e1fb57673,0,0
50e52cbd8c600b2c9009cbf8c70dab18bf638361ff0262843c703595094fed21,0,0
89aaa72cc8bcf84ae6f968412279594d1bab4e0f037d58a2e622ab919cc5b149,0,0
67d8292ca6c24329c70698a413d6711ffcd3bae94e29ceac35b8522d0172e78b,0,0
40b4e5311fa2018bc115200c6fd4fc26835d91ed95e49917cbb61018dafccbd2,0,0
0774ed60ad68d20ff6d1cc857afb2bf5c8b45f03dbb7f7f8007b2d009843bfb2,0,0
183c8b765971795dd13659ac088940398476879cc0b904be72c63c3356123461,0,0
373accbdeb1ac78b7e913c0aa6f19b700e98aad15e7eee2ec4a46d0f3606c78e,0,0
dc425e374d574ce92be4ecf6bfcb621b84435d451e472dd56ab076e84b91ed22,0,0
ad3e98fa134c53c406b350e86a217417e8a3e94b8d3b63e1403e53bcb7862ea6,0,0
3ae6d89d13bced10197b38188305be5b65fe7d44404e57fbf78c1f724aad06e3,0,0
31c614969cee899aad1c0f43a3a4fc59fc73d35035cc4bb32366830348eb6f77,0,0
2622997164b84316bff673752470b4bf0cada30045b4793308c22449d297bba2,0,0
a5974193a67fd85b5523457b5a80d5a56a8d847415b74aac847aa2872445f698,0,0
30b496b7e3def6d73f9e8d1c24d8354ac0bfcede9430b076ef991fd354f419c8,0,0
2b99f7f8328299e870199ea7dbc7c6949e49a056e7cfca03c4cd2bfed78b0e40,0,0
d7c2c998b3679ab8bbb93f335f3cd961e0d0f06968d2252a3318fcfb25d51edb,0,0
3799c153a922ac032cba4a7875d160f53e644281875ec6c9c462301bf6cae0c2,0,0
1f934f6292ad28416da231f38ed8a82bf2892699959d4445e46b818f1f3303b5,0,0
bac7583828738a74591babe9a795db6c7b9bfadfb7a865fd44d77722208b3486,0,0
75585e1b0426fc033eff2f3da8848b4e2fa94b2b918b9ba05775e00ebb8a9faf,0,0
512cb54a60f262052d83e53241659ac0e9730415e3eda7d5d742693edd104bfd,0,0
8d7c638cfc36437bf554791c94ff8b437d3e7fe894cc690a811c45438aa701e8,0,0
fde0fcbd474fc6aedc72f59ea10769b13aac78e25cf2d92f4167100f0c04855e,1,0
cbae54775d07414b2c66730c28a77277d726fef579cbeec1192ed13536cf8ae2,0,0
ed4d0885c0a2372ab97766ac6bb6d92534af978f99f1bfe7a2c6f77d0c2328a9,0,0
f97f15600d22972f7711840a1629f25c69c3ebfdeacda36a73fa19800a6bf889,0,0
cb4f473cd50ebeca103f2298c6ff24b910f5e16bb162624f0443e4ada7a56d52,0,0
3fb897e3db0f24edca54b8aa29dd63a38c6e0f1b0244cc7937507853969a2753,1,0
5bef30f04446c02631b11119dc15285d2fada2a846da6e6d4b198b110faba979,0,0
eba6056479684e6ee4b3f91ed21f0afc5422f6509e197ca7e92abb5260a18751,0,0
6a403b708d46a994d8a7546b5d9f853f7fd7753c2a09a374bd5467f5f1ee26d5,0,0
efcc6abdf0b4820ba0d9923335a75777f1c7dfb84fe2c8ec04648f0f803bcee7,0,0
6cbcf60ad58763094cef63b80de7b6be0f412690469e7423ad45996c8f4edc75,0,0
27a3815538a6e385ef3c0f010ec280b0b3ad09019380518709d55305ab590400,0,0
c12df8c71d96cfb7d0508be08c3ff4db06fb333ba3a07df0009f1cd6f8634c9c,0,0
67d89228096ae9bfb9beab37012dacbd908f153ee72395fce50ace3e63a0fc6a,0,0
52ab5b7eb9db79baf46c46ed47e96913b7a731071277831dc0fe4f9c4edceecb,1,0
f77a95c9fce741468c8de558a279cb7fae9417af1351a1d03b0b52db48221010,0,0
5e86f5bd4edb92094c4fe74439264932d2803df78ae66dfc5d66171574f62012,0,0
0c97d9569988effc651f876759f261afcc58c5fb6c7dbbea4a361d058f57687f,0,0
5310914196f5e27b762d8ee1286cdf9c8a89effbebc445ae4c71c05c1335e9ed,0,0
84d2f46211f13121bb2f509e9c1c9a5b378b75bc2e15917d6bf224d9d5924338,0,0
448193ffbe65cff4275c2d64ab5fcf9db9830d9d6a940d69b659198f0f6915d7,0,0
38423e84e2aec08bec738211086d0019ccf099d31935729a77a92e10d4872594,0,0
9d1e933f3745a3371c94e2365dca4841e7d10075159f077b6501100cb150100c,0,0
8ce1645dd226785c6ee6bb62b5e8f69a5227fb0ed4b3adbb040ce93929a26ec5,0,0
2bc925fb1ed7bafe34c5fee5a246dc4b2a217eaa79bbd0f362674255148215cf,0,0
63172d6e0b292d35682f6870fff42c9bfae9604899105ebbb16163f15e942d8d,1,0
a0bd785312ed7ae97af857312ed4165be82427060301b6af0787cec1072a341b,0,0
4fff9459e568f95893fef224501d9e222a74cee3f61b562689e61358db868595,0,0
765508f1be0baa9527a700ffcaed684676d29e6b0b1df0f0144a8fba336a542d,0,0
fffe19e43c6b74c0cdcdd4c1440108568d1e172e5e1837125bdaa1f5c22dbeb9,0,0
6b1a838057684bbcc595388336e46513ac69d91ee49d2eb2b83c0b7077bc31d7,0,0
7ef6233d3acddc306b613f987049aa48db7e3acf228a20f74e59cff605b82154,0,0
8f99591349ddea337f04226a89106d3da74487123b4834ded2b8fe760b1a58f0,0,0
bb81da27e9b1eb2b3c2931643e5072b593ea84d21d192fda48f1dab8fcb0fdb0,0,0
e1feeb3e1d17c6f2d96cb182bda97d43f360ed34c1bf75911dbb00dd77d37c3b,0,0
10410842b841bcdbc7ff01691ed5831ae00ad918789074a61cd19ae22d1d67bd,0,0
bd823ca730d20053ed29e40cf4ee8cdf18ec46be1a29cd3593d099acdf000f1c,0,0
a83d2d2cc33278e92ec0dfc1a458e389056d9d917f73c1dd27db1cc7fc3c1fd7,0,0
b2cf65b21a79e83c0989fd61557bb0416423d39100c0dfc34a25be9a47cffb56,0,0
ff3a87bfaff39e3a1fc745af56bb409f622a16e91ebb0ab7b376577e7434efa9,0,0
cc85d8ee992ecb097a367aa2214eacee75c3eb093a041f247a7ee7b06b323b4a,0,0
12291669dba696b0702b1214dc6ef005e3ae46eda0de293bf2e821ac91e5adb1,0,0
abbb2cadf3e032e21fed2363c30cbca8eb461981b3ff7d4785d1f2704c9a4f4b,0,0
a59648e5ec778ff8bff628d2b1940c41c6dc6d41f8c512e625607b440d88b090,0,0
cc2938e38c29c53c75cc109530344262391e53716708965d7e937ecc1cbcebd3,0,0
efed4b81df4b0e3b8f2d97013308b42d0ed24f3d03d0a36ac7ddb998a60a32f5,0,0
75dbe533f11b51298fb2b32e0cb557644f3f63612e1179bcb2035fa95e1ab6b5,0,0
94314af3204a524f26c0628e1892d4dac1f3b08bc54de74b6d14a6230fa32385,0,0
a552adccb424ddc7bfafdb0fd1a4cae1331c1ffe92ccce8e48681b1cec725bb6,1,0
230cd45fdbe1f60469a9e8cfdc07bf137f6976399e1047178d4531e3aa96b799,0,0
419e4b53d6962b4c97b0261977bc5025115435c09db2ed37a3478d75fa9571ed,0,0
6d1969921b5dfcf17a85247d1203fb8b906182883292c274b35a2b27762dae1d,0,0
1e34572143bc249153cb11a71172330467849abc0988678f138361008cd021d0,0,0
f9a45a82faa28aa13486f29db9212f2a2a24744fb7d6748207f3951b80c8d2ce,0,0
14107ea3819310b5f46e275414ab51bb5ee9ad688fdd35d886a1f5f27ab6c7d6,0,0
20120d141f2e89936440d75eeb7d185296feefb0ab7eb15fbd6c936201eb6350,0,0
445fda84a0981a9d424e5cebc3b4298245e2abba5fa87e68329cab69ee5deecf,0,0
20a6b6d0bcf60e237430bb6d469c695c77adf929b2a407fb78cbeff158749c56,0,0
71ee2e229d6dcd3dd9b94bb9f216288e134611406dea6de62a5889680f0d9642,0,0
10a4a3e157e895e359d9577f40b593242eabad52d95fc07f8d347784e624bbc9,0,0
7cd58c13f8c6f2913b39beb46ea9edba8d23698fd8bae2a4316db5ddc559bfe5,0,0
1afacb03226ee9431d86896ab0dde8229879c0dcff75ff5f25de5a22622d365f,0,0
739e32be24351757232062994d65f3cbeca8bafe7e121454bb4754cbd2337604,0,0
888441e48fb08b70e73e07a8beb9d1198e8289e4a521fde2ee100d5d255b2bb9,0,0
8aecf6c3e9d1f0c18d295492c9e9d27233d5c01f05beed33859265e701d4e8a9,0,0
d085fdd19e7b3367b7222d9b933221758ddf4e937517e46065fe56d098299f8a,0,0
7945c81f219d3922358b2d9050f239099f7446c02df7ec441c2a17a6ef1659d1,0,0
8ac4c3410ec226268ef25b2dfd842a8700f93659fa22137fc042f944f21832a2,0,0
a47b65c7d0a6aa4a51c73f7a601a77a4ccd1951e71a33fad060a10d67fe72bef,0,0
e9e757ca38e013108e645a0be149ceb7c8b3c34ebc81c440987aa3a2b58fa1a0,0,0
5ecf021a838df07302529a661b0e672ef268f58786c6d5ab5d9ebff64a9cdcca,0,0
3a4543afd0887933c3210d528b9960adc6318568a92a9db948af390b82d69bb7,0,0
b7d64db46bf13e09252ac59d54efafd5b6f0a980ed4f355e43dd1aff62ae0e2c,0,0
a281f134d186e42e8dbbb151de42a219528df4fea370510e4b5a0771f7c64ae0,0,0
11b1aaceb2b86e802baea7b93806e85c9aadcff01db41f02e93547fca90ff202,0,0
3fd94c38704cbc704ba31a768042750a7d9fcfd9d0d131c3e7e49423549db65c,0,0
54e75a9b84a82eaeca16757259ea86d25f40af83ae8b620bca7dac195c140aa8,0,0
e1cd809343495da51397271824178af5c7cf2b29ad1318618946c62284ab2875,0,0
20df89c776418b7657e78cfbac6a3f08b3546b931b45fab47b738e1d08903ca1,0,0
c2be42b26554c02d365ac36f405da9aa9936e7999262d40248db8b52291e2f22,0,0
75abd4dfdbc7090cb0c35b20f930e8c1c610b22168b6177ffc05bb894233efd4,0,0
780e30877a09d908fab5e9858f2d118eea9d7769b5f6c475268a5c7a433c7d7b,0,0
427f4b8445a6078b19a7b4f206c1a23558831263ce9ef382eabf3e9f47615313,0,0
c8d4629b36a98f6ce532b947dfa8ac3a689801dcecccbede2ab35c71be6773e5,0,0
13a1832574f36c4ffa63066305d21a516b078a78c4fba5dc088c6513cd1f2564,0,0
dd085b8d0cd5b1ea57c8830385706052c76742c47cc8d116c36db87499a31bb3,0,0
c146262ef54e10423cc20dcf97077f3f9d32bce54340ab06761ac56bcfb3dfe1,0,0
516e37422dedb708c46a7a336a9f59d0f6dca2e46620464ad4887aa0960d68ab,0,0
c51437850572edd5d611ff8e86b23ad71bc44ce27b9c55bc6a3bbc0ac8c37a72,0,0
775730cea6071b5cc50b8635f9e9677f083fac0d92b02cf52fff0bcf2a583c3d,0,0
36baa5fbeff9608c9dd19fc52951db508742eebd7ba28fa7820c22c75f0e9f7a,0,0
a47efdc0986419b068c1933d8991815c0fc4592bd1e9044e75e1b43a02629332,0,0
e9aebb55c96aef2dde5a01bd8283147dde458a1148a67c8de3bbc1fa1638f731,0,0
855226944f8451959ce3666dac55690019b77aeff3c99138a3b74a89660b7e65,0,0
5406a7cac046ec6eae825e01644b13fdfb07e203bb1fa69908f5d15d05291fb0,0,0
e5f2b006b62396fb0786268bad9bb775cb87586aafcbd188c42ef8aa000cd9f7,0,0
16fec60f06e8bb42f21fe0ec0e754b2307ec378c7f941028564fe3610b6e9999,1,0
b166e71546840b651d3f4ebc8a37fbfbfb742cf9bd0ee45707f5e85db5151280,0,0
d94b69d4cd2f9311f947369b6cef86060223cf47ceda59b148570b35c35c8ccf,0,0
3753158be2d11209fb0e5d5a318d885f2f973641c9a02d5c3eb525b94ac980f9,1,0
eb2cc1175343883d04fdf6cba5b37ca48221329e9d164e93c3daed413a312403,0,0
4fb410d73f5bb987cc625f67c5dc8d78b4aa90e907aeacca4dbb1b84810291e7,0,0
9d4ac5295a524119459fdad3aee9db877131a4ab5d62dbcd652bbc9de98f0803,0,0
278767973a5278d8a47dacaabd2b2e0b247657691e55fa34f8fd16cff8dda65e,0,0
1d9b296b5b2f788984906c7ffaa21d4e191f025b18709881ce41be5d409228b3,0,0
db1e092d85a2a646d57ccb627a4a5cf2c10e83389bf81b2b5b661399087ba17e,1,0
23fbf33ec19f9a5fee24694a8ecc8b92e206ef155335dbd1ecf52dba1c635b43,0,0
83cf3574a380847091960220d74b52e4bb0cae5077df825fda0ce387d60f9322,0,0
93456207c5ad22fbb142507a88fa0dc10f118b99660ab85e9f085cd5e35a0f03,0,0
71e64026479845df89e8b748f186e1bb42879f5afccff29ef7a405b264942267,0,0
13b4ce6cf60cc5453cb9d8f8ea0e84cd4a94e8d20f160c8f0b1e1f067418b72e,0,0
96234ba254b7e9f74a8aa89e94aad6c56b3b48152f31f5ffe60ebe417f3a527c,0,0
92284e1c99901098e63556869ee8768b7d3e575e756cc6f57273acddaa45d885,0,0
470cfcdce532e7a33e32c9c98a19c5f06bb3b9cd4f509acd1994ec6cd90e8e36,0,0
d152c72a3112801a91060e1560e9395b66632020fec8616478f0e8469bf1e3b9,0,0
527cecaad78c90ba524420e7ab92cd62adae2af33baa250277fcf691b3679ad1,0,0
df74a6a2bcd80043c89214d99df19263b16b062b5e9c177c5799f3f7d81a9dc3,0,0
c493a3f2ec49ce1b4b838e107503820d01415787a2fa96c9cf33eb2dbcdb63e6,0,0
d89a24560908f272819ec09a5f2772b8c17ef8c6b1701cdf4f290c3992a45dab,0,0
e109094fb7874507d6eb4458d3ce5092a901f712cf3ee8ef1a11e69d8fa78193,0,0
6121913743ca809e6792994d934a559799d35c2d737a8f31e00bfadc28b15599,0,0
7827f8df509ef883b070cc9ce0a285252b4e275215aa17a19197a8798c796aab,0,0
7df82d57f6c5b01bea136a3d7594130518ada456eddc3c9b51e044fb18c1f190,0,0
d5eaae2bf5f43a60f6f3d696073e24bdafeeaeb32ceb6346d309dd48c9c30bf5,1,0
be2211631d83c9bfd00907a7ec4bb1f5013919abb395a8521e538713ba49bfbc,0,0
44c53acceeb2055565eee0f6516c032a36a5c8aa4d479f455684737df499d63f,0,0
f40cd0c77e8dd7a10a83447ee45c58dfa7771022cd5c7db76fcf7965dc4242bd,0,0
c3f8f2da00f239225958439fc41ec5ca8d339e0d8f426a4fe9384d5685dd8815,0,0
5376ad59cb67ae64881a3f7d60f52fc4745e9c2f8d4ae3fd7bb6c7f593cc4d23,0,0
83bf58eca45ebf9eb19422104b6152c1c683505fd21b3f4b3746d8a2e55259b9,0,0
80b5ae9335c257ec64751922ef8e691119cfbf37d20a705b0a475428ee8b8ff6,0,0
8778f1b041327b0b3a0db5d01a3d12ec5b9e56a7233af876a838b6834a637500,0,0
793cc66bd3e3110b8835c6fce7e5d15172d2c95b69b963a6fd143449df77ab3d,0,0
05e5103874a96eeab677ec7365fbb7578452283cae8c013636b7dce392e00eaa,0,0
0a0f1bdb38184643f9b559bba2d72336535dc5df0b327d7aa30e2c08511a281e,0,0
c424faf01a55224b19413ff209d68e68dec5ff28566c250f333a52bd24d5a5d8,0,0
2ba67de3461b68f79c059fcb3114c06d60254913445181d140d76cfc998a63a0,0,0
b4f5395db7cc10aac521843a7d3bc8c1d7e142dd9486d3f65c16cb06d8a0597d,0,0
a64ba280154443dbcaa78f1e9fbc6c71ac181be414a004ee6646fcb79a282c9a,0,0
d61e5a6418c2f4b72a2fbaac6dd002bd91abfa9c93e631c8cb298d8bccca04d9,0,0
9a6cd9a36900d5b86155bb2b821aa55eab66418e766431957f039f737bbdf9b5,0,0
a6b1a506ff2f9086215d0b69af1e873c6e06e1d184ac77a9790724926439204b,0,0
81fc0d853c8061784ac268ea6507c68ea96a0671056089a2bf90202b40be345c,0,0
e0f8bbd5c90ab17303adb834013495460ddbb8205d326bd88ad46015914510eb,1,0
9bf061f7cd08cffd89a9f8113ac1816736a2a7bd4d68119e78c39d91f4562363,0,0
4ea3fdd4012c47b4ea61e760a4b8e21dea4d85af542d954c0c8014dd7b88a04e,0,0
1b2e04ab7c8040cafde050cab79e718e186dd6d45f993fdba5326bc5f6c3e145,0,0
4fcdfa9eb7b637189a2691ca41bd133788675a4a18fa2c54734e72e1164e0258,0,0
05043f1f92c567334e447e727ea9a016593e42678cf13d14059af9b18b648379,0,0
ce49bb87ffe3d621c9156eaa1cced5c29ef81eb4397741d405c02bd3f8e4c754,0,0
c1316867cda0af9804a9c87d35b7c963cbeab52f2a7a146fbe830a2dea949fa5,0,0
e5037e93037f9b38b6facad5b0a2ee0438ef9b98fdc4792d41d246dcc053cf6d,0,0
4236dc51dad738f54d7628d25288dea9718f01e71b8a07a1500c9473e7043e86,0,0
e6d4eb9c6129a1c317d6b4be9bbce3c6e28fcda3597581fcb1dbfe563c6d01d4,0,0
4f9f63d53ce85ec9b06c8eb42ecaadcf8f7bb2d93e9540cac33e45396c980629,0,0
fd810e4ad8af1deb284827c4f287b45d2ed65e090ca7650b39bbf61ffb329093,0,0
0a640b6359bdab89686dfc6d96a48d02648e19441e4be67a0d7d97bc5c5d9595,0,0
69cfa7e013368098701f154c81145b5cf0670f5094c6296b29c19a26ba00d236,0,0
00632711e7a908e099dc97edc406ce539733c4e8b7fdf77278993b3970ed1b21,0,0
e61b2397f1bc49414bc49abb20d1d72af922d7574d0688a377c0f484c38fa9c2,0,0
446d6a453e98a46dc51fa49243aa55e25c50dcc09e6ad9e96aaaa8b30f2e069f,0,0
27a1174022197713373b4a2e074c8a70ac7dc29d55f78efb80ff127b5e385447,0,0
006e57ecc604c5d6216aa5b32d6b17b76e65fbf82c37d6a970b35405c1aded4e,0,0
9c5c5af453ce963b4804c2edddf17bbc95de83c26e6e460152630fef75906dfa,0,0
f958ae8d24ed05bd260270d02ae0cd7acf18c4804e48d4a40c088c3493390de3,0,0
e1c8f1906e1604490cc667bf775532e76a5dd154ba1a5d237521cbdbc4fd0747,0,0
44f1146766c27e773e78c95102693cdb3403f0e16a16b56df8bafd3bdaac16e1,0,0
c08c3dd3a6c7642f6d8c5541a8100cc25035b707fe8ff92c2d09b618c680b0b1,1,0
5791122f58dc08f77f22d633fd1091a57e1226955d90e24e743859623d2ea1f6,0,0
ebe1068059bc53ef6636ec250f60712e3cf38e09f37af4d0e2d50536cb8a8001,0,0
cd6763735cfcf35d6b614ea1e61e1edc7e78e4db4107f6d74a6f7a205c51b2b3,0,0
3122e4ef3f1c93d565b28acc35726596322b629d08e599e22252ed67defe10f0,0,0
a9917d97c67d08e36226085502c9fcb5714bf9c269028bf05a407f04d9003cd7,0,0
7bed24ee55431d9cc5e77f201b1ad54c2900c077db7c3938e6e8b267df20ab22,0,0
d90eaf6767baf85a23af4628e8a837203f021b2884203f6cca5352ea054cdbbc,0,0
d3971022992696107fb79df2cc9545199e32ddf059bda7c48fd39015f48b56bb,0,0
4a119b6fe52c88907ccd7ea4b3fa42de3e3e2849793337f6fc8bf9d0979b56b0,0,0
99d3eb3ca5de386cbb2877527ff925544215f1b2ecabba1d2b59d685adac5f9e,0,0
8a53cd5076bb9c4b7b99de9c3f4c03cb97b23180e38708b19aef91114fd97dcd,0,0
a7706564e044b7e7cc789fdc7f60969b5c9d9446eb56faa01cf488ce4ecf40c6,0,0
91d64e2a0d934f62a2b3222bab5f06f0316ff6f2052048ca2d260da64bf9a253,0,0
cd7928f4f36038f2f3c2b7e09ec0d51fba4f6eff7ef0bdceff60e917823081df,0,0
849647a4e7e18635363e4eed015d7632c85498e3809d7a90f8eefb53664ac2a1,0,0
1a439753b2c986cbf7630ffda1f1621445f832293ad85f33dfffce0a6d19aba3,0,0
4ed596c06560465a68a73782ff084f0d79b5c3d6380c383884e59535807e77c9,0,0
815aea4757cd3d676aef1fad4efb690e3c718e989b0b08a1d293810d5108c958,0,0
476108ea21afc242f4802f4a70c42d4f8ff9922c5f6f4a9f0ff54e8b8137511e,0,0
aacbfb54a0e3e716047543fe62166ab67c71d82384d49035e1dbfac9b2fd3760,0,0
04ec22df82233ef5ac32ef34322f2632c32475295060c4ddcf2684f1a4459b56,0,0
14542325d467ccff1a1cafde7671611103f4e41141f06e62201f88b232dcb866,0,0
f7a984878c7220bafefac056846d2c48b857f3fa92ca79dd56ce83a340478ed4,0,0
ae6ad1d8e38fe165d0f087aa3e2b5d1487f54298c11ce1682b2eb766b93f2a03,0,0
3666f970b0341154d0510c6a03431bcb1df874c0cd7bd732b65748b49c255d53,0,0
afff30b37e2205155ecfdab96ab1fe8f254567d7a70fadbf14afb7a867c2702e,0,0
1fbcd1184c1caedb9db044646bc0f26583fc1cbf0f6e824cc64ae05c81c19fca,0,0
9c6bbef79de88f65a465d56b5ca8eab99025cce680b7b578f9259ca56b4d9e5c,0,0
3ade0d9ca5f2cee0de933c18a2c03349176e95b137bd6fe073c80f83669ad3e7,0,0
6c2d420adc0afe9aa4f85fcf3718a9517f6089b1716cd4815fdd8ee2a727af1b,0,0
f5ccb8e79c73107d4f72ba1acfa8a28428e9ab959e71a1d43f7d241a3c4daa24,0,0
45dca920583e372cb6a8a4e46045a09c196c41b6d99924185fa7997ebfef269a,0,0
25bcc58ad88c300f9feb50337ca01698fd9b5721d7a124e3fcb83b3100ebf23a,0,0
9c827f5e030a9e406bef22a9171e3e3eb5cee974ab5a1f69aeb73f9166253205,0,0
47923ea4d590fc98338f73c38e346ac33595fc211ad720aba80bd0b3f5779e12,0,0
9cbefec0b9f4745f60fcca77d54fcd30c3e0ea64c0f571a5bc8bd8a2bea6390c,0,0
bd585b8f07b807ebdead9e690974fa9508be237c9051be390adfc0bcbe8e41fb,0,0
29e7579def9c56ae1aa0a89580ef551c336313c317567184490573ac453d2440,0,0
374985240c393162e745988f2bb4cd96a8bc942c25c4440472ceee0b7870dd8d,0,0
407082dd9f69f0f84c58024bb1f4b1aa44aa05fbb03adb864cfec266a089dfea,0,0
d79cf3512bc9ed2afa7f001257a2e5f5e1cb8fdadb2a891062b0697338f8852f,0,0
5d0744136231de2fc1c7dbc30faf77a93f933c1599121868b92507b4b5195e7b,0,0
856eef51d501eb020dd6a5b28ab4e0d3965a30dd26151f9ccb90fde3a994119f,0,0
3c1d4712e02389a1979453196c470216908a3b9ffe4e33772c3a95143f6f8882,0,0
3959732a0f5370db77658828a3841fc47e2d3bc5afb54145212921b1c73786cc,0,0
9554aed7bc28ac59638b792c15707c5c1dc0e7559903b174d7a34d2f2d0e54de,0,0
5481b683965bd712b3ad649fd727fafafa6f696281894a614a721ea11f4becf7,0,0
b3f5a43d8c57a88193d7a8309f81c915deed62ee1f75e94ccec80dd228ce4672,0,0
f681afa5cb29f1df8da9717a14f69771384e45536888be598c795f122c278e6d,0,0
924aad37d9236ea01e2df22c8a5091e9303cff597d5b16db8daa8941968b1fdc,0,0
8d7fff0775a60e6bee6a474c1d1fad56bca2401aa5ecf2473994b9d2e6063109,0,0
5fd1b5f75f5390cdeebf5c0c3cf5e1c8568b2879874095309a3dd67a7f39f6bd,0,0
458e4af42149cb149355197ef9b5106736216d6e4e5ce45b6927c44181cb944e,0,0
b4fad1985e7839f7c6f1c7724249a278a496ae3e8c4925ed6f173c13fa948dd9,0,0
75d3d42bf56d3bad35745e56cd0770e31d97c5f822c1720cae72bf02a8698f47,0,0
753cdcbb655dd26eae63503f86333edd1b8941aa1f527560fd651cda992fcc07,0,0
8b3a233e2a9c1adbbed4e73e514749d4306186c599545f8faffd5ce8d96c68f4,0,0
1863671fbbc6e70084471c5a68d708979cc48e7ce598aa9726abe1bcb4e4834d,0,0
cd88e8189d16f738e25527c016d6fcb2b3dd071d24ee8e18f908669ed6afbb06,0,0
b11a540c982bbb34d79def09f8289d407695977ddfdbfa96e5a7480f5fac6af8,0,0
5a9dbf2047897595ef3c59bfae822d3d07abb64af7f4b217584c74e2f3532531,0,0
d7d44fbb23ac212814a0e53cbba6650c806876996767101db133cb67b3be8d42,0,0
50f12a2a9fb60f7be568c57e4cae6e7e53cfc537d5d44d88049c9bd1711bc12a,0,0
e651f8034878573c3d4952d64c0ed2c830ebb025a1d871d42c0057ec0d8e294a,0,0
4da0a6240efb516ed30cb8cf003911f46ac58accaa30c65942810ad3ca5642e1,0,0
2eb24d5769d577d41c35c01fe9ebb345a27b9bb8f8cb75b57b8ba76570cf9a45,0,0
7e7c750d34cac4cdb666481171f53abdf811e49f6c7c833716ca4bdbed8b2e3c,0,0
2ed7a17ab1440e98ff36f7b14433432fe7a4d8ff89029b3acb88b4eed88ef009,0,0
33b09129e195c51349a9ce7b3518c26ea9d099881861f80f1a3922f4899eae29,0,0
8e061fa65db29903ebe7488ef0494eb2de23e1c59f3e80df6caa63925653b066,0,0
af8bb8d61087c724131cea9eb2b34bcba24ae1c24eb4ce8cb35a96946938957d,0,0
839866a9f812e29f1a9e7fdf85a4cd99ecd1ff254b6cf537ae0fdf8ca30f0c0f,0,0
4051d1423c6b162ef25995f0fd6953c7948f46432fc68ba923bfcaea18785cc3,0,0
e2ad7a3d3db1f90df69438fac7f201f47e6f089842976602e37dcec50597bb00,0,0
3574be2259f7e7803cd114827c4eb6953af9caf36bc55c571d0709dd4527efe6,0,0
58add39d544180b894839131af85d0821368d8bb47c116f6c197f57d2d8c2f2f,0,0
d7ba8480b05a369b70a0d7d3d66d4780881e652f506152887801c2c587314627,0,0
73eeceb9f329281852ed5205481041cdd27753c0c9b786f50d7a632573b0ea4b,1,0
59f0886ffa7b46fab4bdc5ff0df5557f7a6dda47e23b72a9fda46073c57e9691,0,0
8000c1635a448df1a8e0b011e6e41a5fa2214e2aca386e10e85dfdf40b1fcbae,0,0
80ad85e6a0eb83733f2410cfffe7b0573ea7d5229e16cd96425c572bdecea6bb,0,0
08accffc2db00e639737048b93c90e074e493ebd78cfc1733504c0ad7a11d54b,0,0
b513155746b588b82961277cd56b83ca825d8cedccc039e8d090d7d6612f6c0c,0,0
a5f8f38cfe7e0bee6924d04e69a6eeb061a890f453f1dce8c3cae7674a0f80d2,0,0
d33d006df5b85e4ddae2002c71ddaef7961ccf0ca21ccdf64bedad7785e13d25,0,0
4385d6c9fba5e753f098477fdd36db13a0709328e0700058e8380169563d1f5f,0,0
020bcbd77547036935723e819903703367622066ee89c58eb0d85b69c3e930da,0,0
9a30fc582092ca6be1e18963f2f023e5ac40191d38c014d99d60cf5d309795ef,0,0
18f7a395415be5cb6a6974f5c691c05603f718b9e7d6e9875c74300a3f5f84a4,0,0
211641f48a165e3373a2853ce7e9b90e0919c68fddae4836129844401a3a558a,0,0
95efff67dd09abd10e925f6fd837d54193cc60ac07d042ce1ed5ebbc13ed543d,0,0
dbf552048966c27a5c4bfaf5c23eeca93ddc1a3cfa6d4d6779cc4bc09e8f34d4,0,0
c0e889f901a0c58fbd56e3ff2548b039c974dbb973d9c9a195b4bf92262c217a,0,0
08b3eb0341ac0379b6717f038bdf60db109190d9037fb72dbf77293c77a762dc,0,0
f326d3978d23ce2865609753b5c960981aa5aae06191665582b2d54d6cc2876f,0,0
05a0eb21b8e7fdaf60bddef046d75572b337d30c44730ed7631466ad827cb0fb,0,0
d7fab5d97657f3d6d4f444a3d29ddfa17ca5f0f3eebb33ca4f61cb9b56a0b613,0,0
c05a2f4cfa7d8d64e53fa9811b7461056565846e09cebb79c5d781b3470549ea,0,0
fc32b070e00f4145b5b6f60beb2451102fd49519e2e9dc48c5b00ee785cf7a19,0,0
5eef3768e7fd0143426bd9e2d635799f15f876c5fd6ef7db1043991e851d7ac7,0,0
4a74bdee02a86acccc7b1801b525f111cce4f2f8db0fb9309c4b0426cf987ff0,0,0
85ce53bccd2b37269f89f2796b8b58ee3f682eeae0b4b3d64dbfa89356337c59,0,0
0b3af2dd693483283c089e4977a13fad2e2ef0c119ee10f5dc5f1c89abd5e5e4,0,0
54357fbe2b34d69b23bf8c787f67cb897c599861065f2e93cfe1f717ace944b5,0,0
a8d9633fc2e9e1ea04bf6a034a05ccf139ac8b320c2b7cea1f8f36a76da8e95f,0,0
00e620fded5bfa586cad320ffcb34f01cfb7da952bd6973704fdb4bdf16b21bf,0,0
dc2f8dfd7ef22a473a89c5a18df51b1dbeae919673fa8cc7b1c1d914f811da92,1,0
ef1cd6b0bab0338290bf3adc4b254491126b2ee74053937a8b470773cb5039b7,0,0
b9299ade15caf1ed6f962c52f9c2054af4ae20cecea375e25b913e9338b348d2,0,0
185ca8157ab2c0758899936f30d61c602922d3762526407222834197ee678f83,0,0
081381e8e852d63fbed81e9534ff374fda23d2190c98c280a7e2fca8deff3eb6,0,0
5da85ccb6f1e011c2ea7f088834621b4ff6a1c0ee94ec4331d8b4f66c7878b0a,0,0
e3f448dab6e0f7bfba58e6ddc2f12f00eee3732c707b8685fde79540f9c34ac4,0,0
c046118b90aae241db9119f99e451540aa7521183e019bed40b7401522481c8c,0,0
a1c4fa95952f0d4e9125b0758acd40a150972582699246dec027e0f1a55d8876,0,0
3759091fbe8e7f898c0aa82a548eb7d1cf791bb9c665f6696640e3f4cf153433,0,0
eabfad54a64499a85e5ff3d686fa0c4e6bda30068dd1059fc5ca0ed001b55948,0,0
82398ee767586098c4a99acc5b96ddcadce6a5838f9a3dd62d0a14cb9fe96bf5,0,0
db527255a40f210d58b869644cb1262b917c1f30638ba5b7d072fa5e61b7cd56,0,0
481aeaa596248ca9aa77fb63ece2dd22d14ff54edf55c903956bc18eb3cbd404,0,0
269eb0945ace1429a9e2abf8465b631a0163528f5d848dd930d6bcb789d4a4c9,0,0
4ba9e89bac703b4fd2b77e88fc077ecbea7d086bd129e226c14e940400f42766,0,0
03a476fc7173f43d4ce3ba532de68d42f60b9ab50cdf9f6d48b40f69dd81ca1d,0,0
08bac67810297a9016bc3259e2c502f2fe2badd947e86f0477960b5caf0a16ae,0,0
b25d4fd8541a8232c04f167632af20ab77970f63030730f088d488c545117d1e,0,0
1acea4a8bdc02c002d81c08452b6662a8d4eba817a333e45f26c8bb702d4c79f,0,0
9a948a354a207d3fa0c90d26a2d2bb93b5e235a6b6cc965895dfdb6191be3343,0,0
bb47333c59548dc3137ca1ab8ab2b6897c9fa8924c6fab1676227821287058bd,0,0
2e51bbb0f30ed5b68014e09690e5955eb4ffa97844cc723b4e3a0e83f574266f,0,0
f57e71b611ed633c197dfe353b822277cde79db3661c4b0865c75ef86598e864,0,0
86d27fc7fa50a4e22e54bc8839bb62d0f38c413760cc891b06529361649a6e9a,0,0
95e4832940ac491b5ea57d1253e4839d1014ce69ec067988d8aea49835788577,0,0
18a4c844e97f9c94e7c310419bdc5c25bf51a1f3ed8e18d63517ac40307355f6,0,0
180ccdd7ae51d09bd27e1aae98201c889b3f1244132c9b5ac2ff5a1342402315,0,0
50917e5f31db43733560902baf9e995f3a6f1bed52eba88c1ad5455b7fc2ef17,0,0
5c61fc64a7d8dc87cc889b28a7e2010702b43bafc3f7f771960dc034cfa3664f,0,0
6b5541a7b78473653939c393a639dbe99659014a4d8523a288f4e217a01782cf,0,0
8e18d0279ca740a0c0075b78ebcef60a52de8193c565607196b36545cbe14861,0,0
ae1c3c5b1030bf83274c81654781b5eb3ce54551dc9ff2e7154b8c3d115a2f92,0,0
f3889509405adc4bfbd6d3ba8a4f313d582221cc776e3ad05ba08e5181b7c4bb,0,0
caa66a0f18b4329bf0ce282f128d66d0723734a07c9da52a6dc4778eae70d5a2,0,0
d37932e09b9772899425e7fb003df2675b5487dcda2b8b778a89e43bb5128b53,0,0
7f1a1092e5fe49f1eaf01011cea2c2c94399f871d285dd5a79f29d9b6339ebf7,0,0
cd97d13dd5e14d97764cc40ba1aa2b0f43902547692b46fc16d43a9466857ca7,0,0
dbdceeb32aa9a827f6415eb125881c2fc1860efa21a9a75516747121df93baab,0,0
e6997b503a3e21816464cc6298d967192ac95f39baec86f43ddb601ba6738ea0,0,0
c398519715a6741aadee8f9a0db50e70aabdb4b621d4dcbb08702c4e2301fe08,0,0
4989571c27222a3bae95826aa2a174aeeec61a3dd0c451e47e67e60ecafdc0d5,0,0
23bf28d5c9399563526021a01cacf2597e7034d596882632ae619510bed60b83,0,0
800d9cbd62f68818a737fc3be552e8ca39d60b2afe080889c3aa91dd7d32819a,0,0
a7875401b53bd39eb2fe167aa1ade29c1085e9d3b4613178476d0b390e5c2f70,0,0
d81dbc719d3490a744d81a7baed1465e2a5d1b6535b40f050a890f5f1083ff2c,0,0
2946469f6e97d371c4f4bf75d77ebbef214fd6bb6097c7727a8c1669fa28ac28,0,0
80812a9724fe8fcd0c65c43d0ac135762b45f2fa882ce718c1264890386c88fa,0,0
72ea06b325b6d7895068100033b085701b5f3e0c7afe76b20feffe1ac1039ad1,0,0
2543b4365886ce282c6835a333d800d30e218d15dc06d259b5efe632b3a4f18c,0,0
ed0c85d4a8834d55ffbf769b1179dba99c0ff94277316d16b8831fa7f6135a82,0,0
055da43d017708bd7f64e3eec16eef71c95a5e25534c63acd4a1879eaf1556d2,0,0
190bcd640e82d1f15790909c686d2d39838988715ede369d314c99c7a3e5972f,0,0
79e4e7b139c21c031a59acfefbb61971cbf9407904b0d5fe8f78a320b107e889,0,0
059f84d36f245375f156bfffd04dbd8000788a2edb3f326c1516ebb95eba2029,0,0
c72f4f4ebf5287d167d18c77432d14894b7a071d7f1ce1389f7b909e754ea569,0,0
6d951a0404f6c010441c1dac7b35313387fded8a33401e6be72a121a6fdaf197,0,0
d19ca7dc457a6a85e7e915f80ffdadd8722f8162777fabdf4eb29f80815ba28a,0,0
c1959f571894eb9a86a12c300c39e44e37cc0fee89ab511fe1e0555bfc437bb7,0,0
7f2af18163299b4d5c1299957b08c53a4362130dbb9548c8e98ebaac8b85d470,0,0
1412a2a81f1c41e35a1569ce8d3f09e0f56ef4f2a700aec09b551f91ee705f37,0,0
5f25dee69ee2f6fadd7574591cd937acabdafacd51d688e76f89c71613ec0436,0,0
ddc6a06e6c4f4037b3edaf735bc5dc9692f98a0ca513f12fcffc59c2f5539046,0,0
97ae644a1bbef789bae4023309f2624b8b8a9dd89518e8a67dbf30e7558f3dbd,0,0
5051feae1d70328b76c98fbe4e0d92b2f4d86a64b5a7db38c4e4146829968826,0,0
4f2f5643fbd7a11222eb64716843d4241eabdd288baae62db4c82146ea3bcaf1,0,0
64aefcb5d57ba8efe6937178ddedac5e402a784ca1279def704197c9d6b8001c,0,0
d14c1e2fd7703c87f036a9c5f7b8f9846faa8e92fe737c27fab1c2435d01a71a,0,0
b9bc67ca5e8d426d89fbd37374f9e62e6568f8e4d65a43595d4b48a10927d843,0,0
c105dd0e4dc95605d9d5a9b1e96054139e7e60b4e0d15e2695ca66b93b8c8471,0,0
3da3e51b1bcd8c9d330cd795a67293d1beab88e514ee80c8838ea00313295ed9,0,0
7ed515ebd8f7aa43a5ae9a43b9d943f0a38e4671279b9b9435545a30df1614de,0,0
20f94b5d6939dd09d59eee3e6ffee3a76fa661eee2001d34c6dd994c73886122,0,0
5963607ae6f496aa5d1f1e9a3ce7f6854420ab58e9f2ab1d41bc292f4cfab105,1,0
8eedbb56c6dfe15804378affbc1c7b1bd0aa8d46dedb3f151196a2c119a2aebb,0,0
a3888783f716f38c0360b69f8be11ad00516695570c3b8e0b5883b53dea2061c,0,0
6775002cfea776c9358a6c18f24162961972fbabc68dd24b24033547a46e1799,0,0
85552e210384de073d3173a1df02e5d57130d0a6e624488435edf37eca414295,0,0
dadbf3eb3673938a971c836d9becd7dafa545f4450776b9ba4fb7695f596ed59,1,0
312844caa1e834b877440a260c34ebaae7f96f1a6b9f283e4d46d3cdabb47319,1,0
4918c22789468bc0db607fabf482bdf22d1c4034c4feced59ae2f5fbf3910bd5,0,0
6a616e105e755913ef1cdd84e1c9f5dbcc72c72392af40531fe9a89c316f1507,0,0
23379303caa540f8a46eb385d5ccb6e7da041c9bd8218eeca4e85576d6854422,0,0
10cda74368700aa061fa62495bb89d778f5d3a28650ae10fe6f1cd38370cbfa0,0,0
4bee00c4dd63e35865a84b0933b235cbd965634a63dc79ace99cac9c34aec9f4,0,0
b35fc0d9c1a85d06787c68aff252174e0d60606c0f594a14c0c20a61e55d4b17,0,0
3d57db2999c198b227bda1c9207a7df68349f9f519cd97fc6c624cc79e6906c2,0,0
4d6f8f844c9f20cfd58ca1dcee8e4a8655ea62731f1535d97fb4c330eb49e8f1,0,0
05b80afdaead7c36397697ec996b60de11f7c37104800db6222fb4240b4747bb,0,0
3ec057f5daadaa9ffb5df0ec389b9fb8be44792ba27a3615b438ab5d428c7264,0,0
086ae4957fab1bedbdbf0c9df78b6383358336a434eae97c51d55da23f5f0788,0,0
4fffa7f44cbb77c755f8fdb87d0d38469481978784714df8e45c2efba886b50b,0,0
13b8b26835d3a471d96f25c591a4d36943274aff3d838752912bd111eca56bd6,0,0
518c22a75b9d67b6f256ea8e483d694ac88cf0350e97b544a5b84408165860a8,0,0
97cb6847fc1171ee74e27400a681a2111db9293f07402c977bcc872696bc9194,0,0
9bd4d3c35de74068e514227ccf5c3da0e274fbf2742694acec60c26e998b8081,0,0
74f4e0f77a063af7c0983f6ac54961355109e72675a891aeda6e6e92bc260953,0,0
20ba1e87364dd74980a2a69e07ec329a3ff15734a900ba709d0a90d0e5ec1368,0,0
121f68aea2b8dc2aebf942c8c5e6477ee8cc38e462a4484d08c5ea214e77eb2b,0,0
a6fea3d7bc08bb3720dfee832637b48ea74a8b9beaa279051be0ad7dec84a7d5,1,0
1d6c76889377661a78129f0911b5485bef9769dcb32f5a0c83a149432ddc667c,0,0
e1cd512ae070e087554be5c50375b8b91de86fc62e67c47f481222fb3c425060,0,0
8995e21306a5afd3f51f690dc12d1068cf1b3c9aaf5c4232f3e07fba7242a4c0,0,0
dbe96aaee7eb4d0ba6050b6bd4f316496d7df882a7d168d1a4d41ed4b3a9c326,0,0
a828d6b4becdb63f981e4ab8d9ac81c3dbb3d498e5139553c8374f495cef4858,0,0
0657f3941055c236d62bb400616f644f05e5f17e3fb35bfd6920c9ff6730947b,0,0
be504af14913b5289878b1d7461799a7757052fead08bbe3bb3cb96e2a8a64e2,0,0
70f99ab4aaf73c682517f17e6245ebc9391176de91c7f18756ad03eae5d29e99,0,0
af12337c448908e03c4408d6891c66172e534d9bcb643e0cddc00adaeae6941f,0,0
a5a968314569d19ef1ccfd750d6b79c8defe6722c9a61d3c4ddc341975d44e01,0,0
dd42a4188839a8d19d630aed9b7f0fecfa2eba1aac9a5315b45afdc1829680b1,0,0
f916a08364098436d718e4ba937775d6077c226f32e83252fed43acee211fffa,0,0
276ed9ed717bbda32ffa4d4816495af456f124b2d44d3522017bba5f253fde25,0,0
e2cb084e9d08360442d88a6085741d048fe241313257fd08e18b8ba9665a6611,0,0
d7eaaea19762e2a06fae1dddb13adfe9eaf8700e22515423e8a134f8486f0d24,0,0
d60706561e5319dce434435f973313c021a5333d2f3f48229d01cedd33777996,0,0
3380a87442e3a917ee40d0c2b81a6a54ab866fcbc45468732ca687a3fe06e193,0,0
6ff1474fa233b8ded78e46598efad5bd11d6498692058eb22a85b28913fdd6dc,0,0
ee136936e58da07b929ed2a55abece35edf4a4489534ae5f19235c188424e7aa,0,0
5e5486506f2daab649a2f612ca6b9ca2e1e865409f33acea094d16e03eeadba0,0,0
5bf5d718831272788922727ddf2c677ef2da88c1662d7a39102d3f9b9bae820f,0,0
8b6c9c157c4f9ef09821c2c8e0b43b8912eab5bd471bbfaae1111b182121455e,0,0
17740ec48a1f94deb3cd57aeb463bd48027f0ff52793067d89997cbeb3364795,0,0
c7c7d781a43ea8075f7a45de73b1acb8cfa58f5b45fc24942f9033619d7f12f2,0,0
11904bbe1d19cf26463f6662a4618603fe866d81fcc746b18d47890c339c2d5f,0,0
e859901f9c51eafbcd991190622f2d3d3033e8fda01ae784efcef7af4e4c1c82,0,0
dc319950d935299ba0b9bcf0956c27c319c3e50425ef7910c1a58216c0b420da,0,0
5eff4d00ff578a113c59c0570f5e48857ca1e0b56cf545741fc81509f81ef845,0,0
75ede784fa4f3bbee5c6926a93c86285b8d694ff1f6040622e12a354cd47139e,0,0
85295d854ed73c0e6566d7f1f23c491b6e6988655e3a5f465d9b1c0519a43535,0,0
0d7cc170e39a248d80543e90de1a2de15dfe81dd420ac8fbb08b88449c8889a5,0,0
61b0c888cd62fc6a6957a960f03c803cc5b3be5fb06dbe237c42fe77372b6ff8,0,0
933e574f43aaefaedae456a95aecacd2ccc5f5c784dd85fba4385a7d3256695b,0,0
9420b838e52f9c7af8b8e9824cb791a538cc58ffcdbf7cddabcb7d559716c9f1,0,0
9ab5f54642ddcab978f234007d1505390cd6495491d254cbf47ec9e1e8dd870e,0,0
40507337a42e8e86847765aed523e16135825305b9e24056556deba6a6327adf,0,0
6679d5378b61c6f4b0e043512c120aa27b124345063e4fafc69cdb7502115c0e,0,0
632f9e7ba6e333f7e2854ee050155316b27e98977210ea4fe535cd2e6f129543,0,0
c45fb8aedb5225325e2bbc7834fe5a35edeff22ba9d3e13142ca6e1b83ab3fd1,0,0
6398cc8bd12be44ceff01ec8647daba324df482ffaf3d015ab2672dcc76f9d2b,0,0
8c4c90e74b7c1a6c0aa27670e1a7e933bb880a1dd9d36000772f12f8e6daef83,0,0
908f0040da9926cd36a807020d12c657e32cf43f5010f04fbc9899be52cf90e0,0,0
0db4dcd0239b4559763b7e1796a80ac521c8b5af78f203e1bab7e2350d1372b1,0,0
34a3bae745cf7d84267575b4d504db5e845889bf43139b5eaf7417d1c699f92f,0,0
5b953ce8f213acd7fc786ae5a3fadb896eb862404df7bac8e8fa1d5ca9800471,1,0
7a11f4c740753c3ff1db41311465b4d1fd6017b7e491da7f3e2434106b784249,0,0
027c270dffc8a321d8986e0d318fb76ff139be8600abead10a8b8768dd79c152,0,0
8e549d212ecdfaa6f99399d3fb49812975fdb877ef715d1b4e14d6b2d771f771,0,0
048adb3a6f3ca6265e944c09bf1868650576bc2e9e76822c7949b65714cd0506,0,0
2c7000ad4823594a62a0f01595da74f7b0ddaaee05d01c0f152086becee46543,0,0
ca714a03ac72d9300414e98b44928bc8a2f2adf612a5240c7f6b4f88e5bb0f80,0,0
6b687f40f36103ab2228f5b6d8635cbf3ef4b961811cce853efacadf0c57eaad,0,0
fd32da37715532d8dd7f7afc0be1c4d6279a7e69793e3ae30774ba598ad246b5,0,0
ea525f6bc17745ae72b03b70d733bedb8a54d4c4ac124d2d8f57167bd81f3ade,0,0
8fe6c7d508d7bda57b08ba1dd9052831d1efc87ab89a6dd559a38cc5ec957ec6,0,0
9472f744ae684f7c2987ebcef821dd18ec8f5be196c63c877ae448e7edb8b18a,0,0
a9e64acd87739f393ff33d59d2e0176df352ee21c23435e26471ce7fa3d4b882,0,0
5c3bf57e99327d26cd998e96c1877eb96cfb946b130336a7db08dcda0655c937,0,0
0c008eb8ee8d9739ca695b64434778408af531e48f5d111f0e9bb103c2f58bef,0,0
362935a82c35a33546b748a7deb385d242d68b1b957972b1e96f29b88c8d8eee,0,0
c2ccf9a1c00da29b9fe6b878eef04f27a20ae096626cadf8f3932f1403f22cf6,0,0
056f98253edb2e8a8f109e5d3539b811a7d8365605a3c6369ed8a7365bd5afff,0,0
9a66390d4c106032ac22b6252a08e39804d5044c206c2e06befb94f54e8e2a19,0,0
4411a9857a07dfe3751953db59bf8134073b1504ef23da946b0fd340a4bb94bf,0,0
488689611d843b50051c140484c5044551721635cb47449e7eaca2cd90bc5519,0,0
ad666dce12293b7b03fb10f092dda729cabd56b53a3b806c0b5ea667e2f0937e,0,0
ec36ee8491fcfa93ca9fa23201e5f8f46d896a0356dcf900e6651220950c1556,0,0
c5b3733ede5de76b9b5e58ccffc96545998f5d806b52e30868178b0cf6c45ae6,0,0
fa92892f154540e4e98359f3448531175fd10e7cdbf81c92eef21a56e5362090,0,0
db170ddf9ee407f216dcfecfc28e23eec18b767a731454ae2ac23981816931c1,0,0
f7a4eaf3cb6e0d1b874fc4338740e77d6e31dfce106caa55b5f6249491c3968e,0,0
50d951150d84eefb8e733bbd44093e749e032f58ce1a9b1711febfb43613cb40,0,0
cf021ca0ca36b0a8dd80cbaf2bac3f9a910a5b60b2bf2365749a492abb22ab93,0,0
1077db608836fb5056868f199f27990e563916a38423de24c1280858956de53f,0,0
7fd7a12c746d97a162b4de0db8bb156edc29f8b8e293b00c2e347ff4f12c26ba,0,0
c6f7eb1f1ff8a8cabf40c770afd334d22aab665f057754973faaf55847af2978,0,0
d1ca0ab771362211a97483ceb857e6cd5230d5e0ba98158880419df606b4a9f5,0,0
c1be629425ae779814e270a840e3a1d7236a96b0b1b8094c2deff92d1e533efc,0,0
a0d8a73536f236eb299bbd75be08d05b71cce781b38bbd7adb66a27b29871830,0,0
365082eaac6c32754babc0087aaf5dcd4a53d500db3244a2914f679cdd9f0860,0,0
a93942d8eff12a3e516f49343a954582662c0416a04635310ac826ee7c6acd58,0,0
cd3af9dc5130ae65b46c628023505aae09b71f946e3845795a6ebbac6868c3b0,0,0
2763cced8ad68d86361d3947b20137d65f44c2a35a1103149b03698db130acaa,0,0
7cbf73a0bf93f1f744173ab7d1396f3d6cc8b094ae9592c8a288e5fb367778ac,0,0
05eb3158e89a40bf032d95376bf50ec00dd4bc51bbca7cbb2580db29ff622da0,0,0
9df725a6ed0bf44ce6efd911ef6adccf10ba2dd13091d3d1fcec4321f4955baa,1,0
41dac80958a5a5faaae1c2a58dc33625ed042e0c58008a7eb9ea70cff270521d,0,0
9aa40807a3a2ccf536bb115a37511548b3ed26c385b4c962a19d5e8f0f50eee5,0,0
cd2324ece2c1193ddf77aad7172928eb6cf6e95867d3e9784dbf947a238bc809,0,0
3024055d9ca5c2174b0f61d157231e13c0917d6da8057d4a0f9c6aa8b23a1174,1,0
0e51e9c3fab2e52ca29e41ad24892f5c92bc75599541222020f1665f122c6695,0,0
1e02dbfe8c46a031f255014168b4bee50aa6197ba417789f2b2222ec7c172bea,0,0
85c904660156c50a39621886f1e66670432e85d3c6c8bc1cbd8ac1e397bdd1a1,0,0
137d663f5fb1d1cb80608f4e3dbd6d23a37805a211a718f829c9e030b57b23c2,0,0
91637313baa0a00f667a8850e45daa386a3a9f8af78730385e0dc4d6e7c908cd,0,0
9aee3d949ca3e04868354d668c1186cd6132a37934758e0cb1dd5f381fb283ae,0,0
87494cd05f2d79ee8e811519736732ef0b563134f6890e86b97addb1d3775d37,0,0
7f15500fcbf464a2a4a98824dc9ac6bf06ea27dbaec9a5f4cbbb8b25c48e3083,0,0
4ddf15150d86a140b350dfdea92330852b88509cd331758d1881dd6186480523,0,0
71560f3905762aa4f9eed3d36b447da2ba69ae788812269946f5d633515190ed,0,0
5d7dfd487ed71754f16f60ddb7b54134e0b0d9394bc9331c07394ae27717d3f8,0,0
df1f2ec96de22d9d09ae576e0385f05698fefe197c5cc3709e69ae1eda41c9ae,0,0
992169a0a1cc2d09fafe00d30174df9296f654c6c190bdb96184d5b60c5f52a0,0,0
8974908d9a508a3477a4b306f140dbe38639be003fdca5b8e59d7f69fb69fd53,0,0
0daa12b0c8964b1758a58364bd748c6a99b896dc99d32e1e2184bf224d6648fd,1,0
085ec9c1fdb50681cb10dba2e74dfe2a47f789160f30163f7422608fbd58378f,0,0
fbb4957a5a3bf3eb822ab99addf9d13447357bddee7718131594d8773447608c,0,0
691d04b6e4a8d0e58726d9edc1e557925032ba327a2e77fc807d6482277fc301,0,0
18f052067ab706b0bd81e6bd30f4e7ccb63db1be3573908ecdd79c91babfeb9e,0,0
1b48124df54f164488cd196d1d007e1f5b09fb073e1bcda4a2e3ab83ccf70ed0,0,0
e56b4757f9b41db984f14f0b7e7fb5d73ace81a07462e3d771651ca14a366b63,0,0
ae0a370dcc4a56dbcc6296774a53cf90c817289c28deface31d3909a63bac363,0,0
c56fb9a565bc89972760b1dec3a5d9060e58015e89f0a8c785869bf5fab79f77,0,0
477166b926290b4943dd65c67eded8272bd649fbb5848db02629fd0ca1ba88f1,0,0
582396da8869cdb02ae5c8fbbe2d88c7062ce6ead9d5f580ca34e9205c3a7d33,0,0
5b949c8e1c3bf677cb9280e175735a816436b8ddfeebe92b135630d0d645db00,0,0
1dc158d4511dbe3382f9b8b424dfe9454486e1fd7c85b46bae75336a27a12315,0,0
41176e3a4f3f4d291c543795e66993d8c58043497ce3be6bb0eaba3d78c2339c,0,0
b9fcbc9802c0d32d33fdde508953988a1dad09008fd76067ddc75936a35753eb,0,0
96c6d2655e1d10eb6bcf08e79051772a8172ded9fdb1b7f91696e8b825fddd75,0,0
4bb8a700eebdd3a2c2337e8a12415fc78246a24b8d86219fe9afb2f5327f1469,0,0
897c59af8cd0986cc7e39d7814be1e6399ca3b5e5390a5649f39156eb21922e5,0,0
4147f6fcbef32679590944a17986c76e935fccbf763e5a951eeaf88d5122dd51,0,0
3690aeccca184f34807ef4820fbda536541b6bb454ba45b2de1cf4db5f79b832,0,0
81f0b90f03a83ea762272d837976c2a42f5ee9b2439c67facdb09da9013ba6ed,0,0
83a8cf67314d10c2bb988d4992c0a28d4dfd52a7eb012b3fd55e80a45c46ef13,0,0
4e02c77c1616f5bd34de148595fc4ced98d936e4bc90697e5ca416d7b91ff39b,0,0
b7d2deb7b8d6f8983342dab45596bc7b0461a72483213adc3df482130670f2bf,0,0
34abf5c165e397ac8471ddec083672cf7b1643931ca7dfb813d19a7d1c920035,0,0
2ed52a9b7f315bf007afc60cf70a8d88a8a130f31ced63483fe09636f63a4578,0,0
6fa842f91706a3fc0ef67ad4b1aca31b21655fff572cba06185c7bbce6395905,0,0
01892dc7e441d7c14b3916d17fc628c60c7edb673ca27822b283e4341e48dc58,0,0
26e7a8fc5ae5cdd7b5693d97ab4611f9bfd95e3a6ea90aaac489e8f532aceec9,0,0
7883694e04d4eaa40de5ef1a69f92a7a33f03160ce63e67ac429b0908be9f7c9,0,0
75032a1c4276c9f6c215693b19a5ebd34ffe17cf712077cbc85d2d00d451fe3a,0,0
c751e71f9c49d0ad71ad594f98d6ac523cefd5886ad9b183931c06255f91aeaf,0,0
30f01c29578b7ec08d115ff20d91582a9bea823e655db63406aec263200461cf,0,0
7d3bab804502ce00742deb78f09b399e2e8a29ac55086c0fd0ddbe45420e27ff,0,0
48e830b7270a452e6b8185f5d94f153158e6556849b96f35a2bb8ced5f5577c7,0,0
1ee022a5131b558f5979fcf7d7f83acd84adb1ad7ee204842384877d9bddfd07,0,0
6859997a97e661414d596785a5780957a68c9f7c0e72d4726048935ad3a098a6,0,0
3f2752ed873ad25fdb3e3e96918d85fe310a38aa4311b74901c305bfffa9caee,0,0
64ce810e487e9bcc1add7051394c3314b011367961320c9a3c191d5b698dc2a5,0,0
1164e10f97427dfc2590a08966b485ec32f558d7323d34ab92f533f355b0d46e,0,0
006487af08581dcbc962f4dd825192f3a23c146c6b2acaa876fd98747ea66c4b,1,0
e14ae1d1018b3eedcfe90020f3b5386b60b2629a5fbe542f5b57c5bd91af5d91,0,0
a26721812758174b1999dc64b43f16e4fd7b9e3e9d4e6f7606ce179b623ff3bd,0,0
012c3fdae1ecf7e5d58d76eeb97b320712e2d581b663fee788cc2ac2c06f6e56,0,0
312495d28f54edfe0bcb248a4fc24f1f7b99e3596c491ef1c666e5b877ef1f5d,0,0
189a8f7bfbe440209f44b2f52ac67b946f862638a945dc2d13044d5628c5911b,0,0
efc7cadcd45e7c21af735d79fa84944a3881b96fb10c2bf82045dec41fb4f8af,0,0
271918025c1cad1777df1709432e9c862987caec278c79afd2f901d74194ac1e,0,0
52d1cd5734c1327f67cfed64e968590febb61bed4c836e8be569a2a03e002b66,0,0
f252c4f21957514d3c8af2008376bcd564712328870ef464367bc877095d6a60,0,0
231f5fbb33fb821985048491fe001de95fb3bcfedc2c618e9623cabd4df869a1,0,0
987ca47440baa0bd3d23b07c867bc4d4c29e324519971639e62b837098aff5e9,0,0
509831f4b1adc3cf4051762a0d5d5a66037fbe79f02f184f3c83f9b8b3f74ac1,0,0
e1aa80e5d682c5f8f2f6e565bb6a89068bd9ee3e3a994dbe3f6a9793a38b8fbf,1,0
5ffa77e39536a62ac1f63bd5b7994314229d81819996eeb3ce69088797eed2dc,0,0
ed86a108ad37502499f77f7f35471d1b7acc51825cba2b7ba737d6bfc5338b45,0,0
c050b18b62ddfc23346cb38ccae951623155837616546ba278361e6736568285,0,0
51965c035e545367e6b222f03819f94e1c286f7f652a8a261e835cbb3ec94997,0,0
0263d52826c33c48478ef47c45e7d8a08a55d13482886518c7c58b882d2e3621,0,0
61e1f42d934b56303d7b41b8aa2f1b9ad142a5b471ce6f6ef062ea5a9b48a2a2,0,0
91192bc5b0a461e74f3f3a26704ab00f3351ea360529904c7fe053a45a8bcd74,0,0
c229b74c569930bf5818d4be3f6532ef715c370ad56781072aa091820fbd1da8,1,0
f44d86c314f8956514aa6b1a99ce24f5ec21d1fb5be77d8f63d722318d9554f4,0,0
11715edc109219839af7e29fc95873cd06caf9e66312fdd85c39bda952edeef6,0,0
7e7ba356b89b2dca8c53d6f0f31c8c91dc4e8010694909d1c41a2a8a43ab257d,0,0
6628fd5a30f365fe72ab2e85910126b9d24b4366ee4484e2f0ea7e8915682741,0,0
055f5c545e1b26a60fdef4386f429cb58ad18b22ec17309a6ba17bc807303313,0,0
a3a0cf5467d060beed6e5d170241749d94b938b19a867f83f4bc58d2660eba88,0,0
7e4ae522209a11ee1029b3c9f86f4137da19de04a78c58d3a432ecd76f9881a5,0,0
447c24237582f7526255bbe22fdab2999683834f63268ef51381dc893697bcff,0,0
21745853e5f365a62fbf057bce1f76e59ce086fcbc2202bef2df57e1702a9b33,0,0
1b59bb3ccafabb18c6d75ce2f8985808a4759c3e2b550c0aeef4bfc963f27338,0,0
33981cbfff21619fefa01fc2b2cf78ec79fe94356f4af6a0c4f5f4ad9399820b,0,0
9287b70d43b4cb50f79f047b0f7f8b671556bf8b0e14ea658ece0f84b3f20618,0,0
81e94901fa6bfbf7079906af6ea1729a1b4b603b75c98d58b097f7d549ef287b,0,0
91355f07bd1b6441ba5ce9c0f3410c71a07ec600a980037cbfcaf36fcfb658ef,0,0
0726a13ff52b03f4ab93ff5e3da4d6c1d6fbc52535b61e14a076f5aa22921aad,0,0
c2bfd8070c38320afe4c149c83799f87740fbe2f6aea145bc04bada16fbd0b2f,0,0
ce72cd094964bf8218ebdd5354d93162b2fc46ea9ef1cba7b46903474de18d10,0,0
8c59a83e5f6b1c12ae393ded72c180c968b2121dd8639e0c46d5d6f4a9f60de3,0,0
ba453982ffe49778552cc2e663889c230ffb0477a3091723b64ccf10f7815f36,0,0
6e3843acfb0b5acf2cae69d91c496ca105eb1e8b0245e977c8533997b5d23f24,0,0
67fb2caa6e2358c00b7d5ebd82ecd16a1c0cf5ec71e494ce83bb4d10c5071dd9,0,0
2ca93df4fc097e83f6c59e15a8ced5d1722e0afc28e97f02b2479b9afc9cd39b,0,0
54025b8c3f283b47819f65fbcc830bdc9ef5cb1e8823b8f02dac5c73df147a14,0,0
a7ad80c7ab13b4c5e765e85d47914779eb79ac34fb39fd9472e97c75dc13579b,0,0
669dec406998c997396a81f5ac045963c5fd26fa729a8b2ad22831df24ca45a5,0,0
d54e3c4c6d3bd0470cf27531221d25f061cfd60d9dc7fe6498f5b403b9866279,0,0
0ae9c2981f98343bc1905ca587b32f08135b0f8675cb1ad1e06fb95b229d08a9,0,0
230f0b81364ac535a1cb61312c8b2f069e76cefe9d37bd1bf5ad2cec0d8297bc,0,0
af7760f4a7bbfe2558481602d6ae12f6b6771c90e52a716c5ef53c659ff3327a,0,0
fbb85d769144256d0e8df82c249d9ef7b991f54791b6a874b6793ec31c758799,0,0
a86c45b539e1c8c60d18d5bd38c8e8340fd49d4b3d2dd2068c12358317c66e6e,0,0
521e9afeafc551ce76a12b523a43138dfd2051038c08229a0a713b3588791594,0,0
9d3e5e6237817ab378e61c745284f13351ddb6ea67837a375a615caf06c6d1cc,0,0
a67c2c6d9c65469e37e05446877c7310b6df9607b222bc4adc6e51d15370d5c7,0,0
243105fd6ee3f3c35e7802f111c29fa713417b36fdaed1789846ad3a30f76f9f,0,0
ede61ad9be19590f2ccf414913831c0f9e773903c96e4a24420a56257d676bbe,0,0
630e0c5921691abb0961092887c858e9c8041cd994328efc180d7438177fcc48,0,0
a0d98b9c4043539e675ca2b120ebb6ab631c66bed41a5ae52aad2c517274697c,0,0
90c65b332ac75a8020ff4983c8a7ee673d41be7fc21d997d174a82d46dfef42a,0,0
37058c62a1bab3f4abdc58d3a29df55af9bc14452f36666ce1f45555b13ca3ed,0,0
13ea68c11b20b7551fe7b434ddec718a97f3df956c96859ba76f4bf3a3d5b9d4,0,0
77d8b894409e225053eb1ee39a06e3fab537fb69ee5c0d33e7446d1f00201333,0,0
fe53f02ed333bd87f3f011fe94643c9965c3bedd6afeda2be38ad435eba5ec50,0,0
fd965e60d84f3d994011d80b660cb45a6c05e6ef65d7be342e168d0b8113f77b,0,0
62fe82d1cf64e0684dc8a14d4245b6f68e6a33f98007d504fed3a3b1073cdcab,0,0
f9901943a0b1e3c6f2958bd64cffb47d074d6d63bca5c73f19864940be5af423,0,0
c5f3f70b9d9a980c7308a7fa799dd0d4fbfee14eef530e7fcf60462d61798ac1,0,0
dde2dc1e6701fd1a426464a590d12dc706c03739e1c9a5e53b27f38b91cdf41d,0,0
0b27da32daf6d4064864d861a404d15d961dec3b534b8cc9f8910959b1a8f476,0,0
11616dfb1d92e628857cf323219a48b4d10ba53a2c089a8a19f2c13b07de5aa1,0,0
da87e2416776f96b0c6b5bf6de8a2dcb76389e45104068cfb3c17ffdcb13e01d,0,0
48329affe1f6e83a9e4f5b632bf3e77e4bf4d55177c813444975cc67d1cc874c,0,0
31294159578c3a74b3d6b8e3d975a746009a351da118877424ebc2ccb174a4a6,0,0
db291739b9c72d3979d8478fd609ab761757b985b1b580c5733cc5f43f303ea5,0,0
e037f64967ec8e093684dac0ed68c03a4e4fcdb24ddfd98cc04baaef002b92f7,0,0
2c25a35e07423702580fc4c0c4d3e986e191a53971df4bc5d671d86e13981efd,0,0
155038a165da732cc52c93341a2465523869052f58d41e3b3a39db7308569627,0,0
936dce5b2c8b59345e4546b6f0927193ee1635ec76f3233a26813d0c3edaca39,0,0
851644b19d2e43289542eeafa8064d8bb17cd52a9e8f0b99ff45db6cbcb81673,0,0
8b28de9248cd07286b5c0b183d6bcf3a5a9db0376d7b0b4628c2f45f37ee11f7,0,0
b6177ca8c57a41ac8b2c233b4e8187b108ccdfc91c3e3420a57d26c189bdbdab,0,0
dd1cde0881cfc95846280e27b192d9ac042d153e230f745883a14932c1197512,0,0
90f6003f5262abef9266347ad54a885089364e96c24db103f4b96fa55241982d,0,0
c29776fa6912f02029a9ed557bc666ac19865b98693832f6cddafe9a26389f55,0,0
24673e746fe5bc9738f5c7e7d13e3b4a630a1e60d9a861b90eb37682cb8df8f5,0,0
07e34dbe1dba540b0b024fff9699b3d6875d33e3e206f99c05a8a1a5b7a09974,0,0
694442e1abab543225131ebf719cb0ddcd15db0dc8bbfc337bd92a241ba4cd00,0,0
e5990e26fa84c01afe778aec297ba6998b3e5372fdad13789051121537a1a352,0,0
1b148258ccddd1a342e5323323b2a735f87360b46e96417385c70ba9b80bebb2,0,0
d651477f4c1fca023140f0a3f6a474ed7c60f23e41bb893d31a0e3c7923c9b3a,0,0
edfc19643ec03fe769ec4c25f65b53f24f1b9691facd780640a8c40073e3722e,0,0
6ca27424d9eb33fe919189640c6b3255a3a40eba27bbab24a2a88b23edeacc63,0,0
a25d49877184b822896a8109b12b75e8c91bd9d459c24e3a4cfc40ee83603359,0,0
1f082638aa24f89f559e070400736efde7c855531bb6bc846dc6b7b022d14629,0,0
7072df170dac54bb7838ef3162c6a9ae301579b2d9010699bfb3fed5b6ccd94d,0,0
3141682c5525ce77a728accaa9b586802845e8d55ff5bd9c7703e208236b6647,0,0
1edec6c998266c44b8b25790fa58c39ffad8afbc5d3edfacf2ea33b08ac4c587,0,0
7be5273c265d1eef8b7bdc24a170e31d3462fc6e0e3eb5ec4ad29eb3dd328080,0,0
b3b6a905573a365534193ac94cfe2358f6ccd9757829e00401f10808a317a75a,0,0
84a89b07192cf19979a9520827ebea8c7183c8af73dcbaca6d979dfa5ab518e0,1,0
01eb6f4c9386f28663109d116a106e34c3ac041bc6b47793e4af76a3f24a2ca6,0,0
52ea647c36c3956372c9cde0b9026d6e8b2c1768868eb999c0bc34152216eefa,0,0
0f4e95e22d70adddd6601ac8fd276bc63757009e3b631a008759296bef1f78d9,0,0
5d402ee41d72b40684b634eef251d7093ce079fdd261cb8ed5259d4101f6dc71,0,0
a5dd0bf575efda3b4e9eb56d55e3aac6c1eb5b8258346706b80a6bb9a7ac381d,0,0
2ba33dc6fb71760bd3eb59eb8b2b134282a9d0ac69a04b534f7d27722ba898cf,0,0
047b9760027fc2982b65bee08b337bb7f24b6aff75fc6d1720337230b3e29c91,0,0
c49864efde5fe91e0283085b80196a7455b7a2cd6703bd5c52f8573ff3357a4f,0,0
3aa83aa32bedb1d9398c08f632e9f1f1fe44934960b10ad4b057fa1e93e9b32b,0,0
fd368dd667d57418807dfb109ae27bf8d08988187cdc98956c934c34ffb7d682,0,0
75682c8fd28a6dcaff8cea1cad134beca3b77660d7df7b9b020cc4c690f0ae2c,0,0
78480df4ed9d4ffb73a646f5be5b8f905a775751ba38a19492eaf68c5855fab3,0,0
b8a712e222204ac408d35e571491407ec0b23773e0b2fbaaa3c715541bd8f040,0,0
1361dd641217443844f794685d6c13e9d734937654847d6ffdc25e6194f8323f,0,0
21862b8ef50b395576e8cd2131403fe605f9c8f971046ee83581bfe2d7f0cdcb,0,0
0249bc0f1cb833b3fc4ff7e54c247994c51746d4ea3e84737a5f1e8fe29a4610,0,0
d805b72ecb11532ad69d2575323844139f6e44a83de0a008d74356fa2a9853f3,0,0
c8ffccfe5211979e05bb20b28d3c9d92bef753651fb75a41fcc69b6bb2955840,1,0
93ef2e2941be102b6108d0c6eebda8c88e916c1d8633c8d826883060855973f5,0,0
7d47fb75325e09c959f62be424d33afb7c84c9d8ce8e661ceec408b411d9f174,0,0
6cbe08f07bdfd37e420773ffb42cde54e3257fbc86adf14c5bc4d665864a212d,1,0
f58337e3556f6f301e0e9735c6b4e7cad6f676cb94243065f33797ff0f706108,0,0
2cf2595f0a1a99876cd09b8c4860fedae97827b22d61b6c8ce714a9b58ff4c76,0,0
88f6730790d308f93073c973f92e12301c145844ba9cdcf6124d1e27f4a9580b,0,0
60b3cbc4b675a7109a6f2656090788494344ec2962dbe0cd8c60b243f9ce2318,0,0
77ad0e17d2ca92d50600207897259d9b4845f165b7ac5cb8b4d4b9f5a9c4f129,0,0
c47d4d4447f3b6df2eb0dae5df6c06a2e6293d610a1946a75575911ffc20c35f,0,0
ddd2eb8960ebee1f0a64624340a0f125da6e50273973a9ea0d9d144897c7cfc1,0,0
3f6c601ed3c4f2d70655b3370aa1965249ddb290522049c7fee06660c98d2afa,0,0
eacc01fed313becb2f9d4c9f1633ddc82d6775109af4a0c9daa4c2e50656befb,0,0
97e372f4274ee07dea2ad91e087b1a1f0b084a3cbc3d7a9a81f29df3c5076f27,0,0
72f6779be010b33744ba46091fed8169382e62396cdb966a1c92dde6daef5dad,1,0
33cc46211df2ef49fa6f607a1edd8443d2b6d81e57c21ceed14dcd1d6fc3e2b1,0,0
11329a65e124afb5b20b60a62f24356406e027ddbbc7293d5b480f153c4ae422,0,0
bf1e4aa9b8b78845b5ed7fb76ae394f120dda547479aecdfc51ad476e4a3ed87,0,0
05d8c91d570fd5ac3b7ff36f6573d5036c2b0b645b3d1903ae915a32092f3458,0,0
8c128738508ff68f5b32b94c10e94596f9e4f43f4b68037f08168e1a4f7030f8,0,0
0910e071b43247f9257ec1f0f9346bb4e16218a3236f503b737813e043046b8f,0,0
4540e9229d0ae849477bc54164236c2b889bc8bbc159fe2b5260c994ff7f2fec,0,0
5726c9af84af98e6156935935aaad185c1258d2d85170811fa08de4035d5483f,0,0
a33eae609df1709e73292e622a0ce00082fc893687edd2d71fa740da6d7fe5d4,0,0
22dedb381e40e840bbc8b3fd5d8196c9b8f3bc005dd7660c8238f83f2dbf7352,0,0
17282454aa62dc98a4e49aaa119eaad9843c184672600c6dfa17b38004fc58b9,0,0
7c281f4fdb02ffe1fa387453bcbad5ae597aa8a2a19acd173bd0d59072d13060,0,0
52751b4f0550ee3db8df729224a16a29d30b1ca0eb10341062ef6c6fd367ef67,0,0
ea3b0bcfac0d5910d324be2e096b72cfd3a08d212082fbb39b1c8bf882c307f3,0,0
42da940e251c05f20ffdf22ce95bc0b1546b086ae6cd7699d6b2bc794a701867,0,0
19c7a244c8547c973469359748dcbe965736be1f3e6d1d1456b508e1cf6b5cce,1,0
8121e713af72dd2479a66b7d26ef6f81a5a5a49175ea38d13c8fce666f0deb0a,0,0
5944ba09c579ade1f6abe93a9da87c152363f8a7eb3b9b0258cf1bd74de81ab5,0,0
66a7e402f6b10f95b0bd00f7b1e0a30f8bc75191a852e4818c00af6ed02398fa,0,0
e60f3592e693ad72e5416d1bcdc4295e3df75879da0704d857a2137e512ab8a6,0,0
b7fb8451a7046fb4e45576bd0479741b0cd71cb3bd4009199f9cc4bec970a1f7,0,0
0045af7166e60ee27e9356d405e9bb2dad5a0e525c6d910432dcf4174dcd98fe,0,0
bab7ff20a7d99dae53048c6a7a60909b7ec4753c9c600810715790723caa8e94,0,0
916208a6a78bdfdeadbbbdebd89b1702def91037c2a21edfe862a6b861603c89,0,0
423183f5c2dc5f3317c4d36119c9f48187ae82c84decab879f8e062b05e206a4,0,0
402f4a6955a0b5467ed036526ff6cee824485bdaf546240edc20a60845d1d6e3,0,0
b0d639527c6d51b926e5898e6f3a49c3f2f13f3bb7725b13903c5282409b6ac0,0,0
44d8e766e8d23afc06ebd2f4ca1e5532c6b416d93d230902c3353f9618cf7aaa,0,0
e9ec45cbeb9bfa02a2c20de1892de869dd6a5e164ed201158c8b0f3d1ecbadf4,0,0
9221209dcb166706922d7b7ef7bf3fffe3e18f630dcd492d1b553638ecb05899,0,0
bb6865807454f758c6c1087802de3d79b4b6cfa4ca69d5ded8b31ff41b9501e5,0,0
c5cc9a80f146a71c5b845e509d48dcf5160b9a5aa812dacdd6ddba9f64550a0f,0,0
9ced530ce3966aa508a1d00ada927d89f69230efa63247e10be11f0dfaf99262,0,0
7f4032212a71d7a5db0fdecec5276697b5c1d20456965bc36aec05aa723ba504,0,0
658e045c37607bd39b5201d31b44ffb5785de053e9f13c17219c860c4af3b33f,0,0
f69d0be588ff2d8a7b8d276153950975b2517804761d8e2294ce4521872a1f0c,0,0
0478bc0623c6ad6f44d8d3817b77104eef72fde314ddda3f0ce5f90221f024f7,0,0
ab8388b935409dfa72d0a03871fe7bb1893575f3244ee0d2b62083615d764da7,0,0
a3c49e3a4261609c64dee9e3fb179a13da1b1303e0ec130ca9167337237ebc30,0,0
79744d3298c9b903bcd6fd4db1aec07f08d11a6edca06391704e0407461b1ec4,0,0
b56f091359bd2789300e3c8044ae0994d347df6d900b58628a540874c7c44d30,0,0
0b68497ebfb7a46a4f46dc1a428315c7dc1b7f177d8ef81842ca3960bcc77a89,0,0
798a1d6e1ea9d8d4d4669e6fea006a1350126d627940339a9f1e7a1e373e94d5,0,0
c26433e89ef6f42ab32f13978def4dbc14bee24ff1bff62c548f14cd8e1e9308,0,0
1d9068c494131847df487b421dd18274b34e73790459c43edb233cd21814b11b,0,0
a15a19357171a489d0b4822a1b8ac49f80fe639d2658e1128218476d19aa7fa8,0,0
dfa3ce9c5688af164f350933a44cbcec49b7513a8e821b07cfc99c728f711893,0,0
35dbc8875ab6bd7ff759fc4d7689605f5160db591dc28b0f70146e48dd1b65dc,0,0
56c35b521f24746e0b85ba6ecf11b858ab2dca2e92886376667f30d1722d03e3,1,0
49b79098f5f4514e96b610f78d7fb8bda3036e55694deefd95aac8d27c6aef99,0,0
4efd6448b1e672aa5bd9d9916213b9fb80729bbb0e93ca72b16243e21c1dde4d,0,0
b3cc205d403c55964c89c26877f788b0ffe742378562c30eedcab6f27444c73f,0,0
9f19d9c75a35e1e2544b3710727da60c20b56582dc47d6dedbd202751a1e23b6,0,0
ca395f435096d699d936efb804f764ee6ae623f63f6e66db876b1ce4542a013b,0,0
086eb978e223356de9a9db8778f0cb7667359df57dae29872c9945c266f1fa16,0,0
4791d5433edbaf64f3ff8bf6d862b8fc34bb2aa112660877d79e693c94944e73,0,0
ac16339fbc4bcce780536a088bc9726a648d4c0738feacc91908cf8000146143,0,0
52e5b367e2648ade9903021f8cfd96ad35e986fc6d533db3d5dfe634168f3d82,0,0
e2b433318066b9d486b005702c8b3aca2852ed475b18e896ed8910eae80389d4,0,0
9c7cbd1a1fe81875e62c2aa79444fd9e5c2223c1a65be3230e9156db93e85a13,0,0
1ad444742cbba052f357f0871b85b2be6c7b5321c8c43c8d2930e739e33e3469,0,0
bdb1aa6f6711e2b3e7af7f1baf76933402941a1fc6765f0e3f6eef441a990435,0,0
9e6cba307ff140a75d3eed43dc103fff9cf0cc380e71de772ed0150be3c63ce6,0,0
ba6f3d12059fd6810d3575b0d968bb1d7247a07e9c31bed9fb182fd080c04199,0,0
87c70404d5049864c0e94354d05c5acf8e3b2e76358332b94261c251be82f7b8,0,0
8253bc8a6369b9236f513d240decf50b0b254f95e2cc7a2b6bbcfcfe10bb1507,0,0
246be99baa164c805ff53b5d403c6a1816a0bce91fa5c53693f9134a902125b6,0,0
fec6742d823dfca060bac525abd29f27bda7a596f7be3638122ba74cfd32409b,0,0
b8a888f23443aeac332751eb5798a3ed40d14afce07405d8ef44cb59c63bc9de,0,0
66dc4ed43df3e3a5253dfbb6a43b5dfa483229d4ad58febfc4be8b4d4b35ad86,0,0
89b4b854a5a4b9d01262a285792e2a5f126b0b48914cd4e03dfc2ecb50984fae,0,0
7428955a7c5b4b87d7393712a7c3abd1ab4eec4da29f0bf12585d4b33fa71b84,0,0
f248559ca7926793ef97a0f2136c50d5e17daa1c832568f4cf2c88d3e28cd832,0,0
6299caf6fffccc41168267a0c9f4503b6fe0aa4c2fefea21596b00e793894070,0,0
a4eeea59894396c414f7fa6e958b4aa73a7db91a4607f547db42fee12503d048,1,0
c65fe732aa3ca4472fdcc19b003346a7e0a860906afbf43723f9c313c5495aad,0,0
abe4ce6690727d3007d71eb84f6248548c5dd729dbf59da67394d514cb0c9e5d,0,0
ecdae8b408e598c6793bb809d0b6ae536916d396e3d4c92b86950a6366baf11b,0,0
e4623db4209eaeecd430c8023893450e43b1115dde4bb3bcf948104fb090d2f1,0,0
409e1b3212e9813689e723a7c8b8bc4629aed17dad5752945dc7aa857dd3295d,0,0
18ae697d317b3d86a91f04b847b3f25b74bb88b844720692d1abb06be959b87c,1,0
a1f53a79164af84ec74ec4fac2032c8270a4fe414150b4472bb7a1af17dd821f,0,0
3ab10a8f394055373ba93bbade1e7651d62f6a5abfb7e72cc695ff50c3ff2d6a,0,0
3c1fb9feae95bb2b49466573e17ce48a929b88930001d2d9dc6e228a0fb8cc7a,0,0
f6e573059458595bc8189a9fc10043b27a44ad06aa170546a866698ab560c1fe,0,0
59aec2931a4599f407b3f21a918195dd69cdbe10c9dbecec3d3fb8e3b94d33d9,0,0
d8461eeb1d9f0f8b406957575bf9f6a728b3925f017d5bbb48d16caafa2eee7a,0,0
e1cbef6f472f438e69428f013975f7ac5f653e70cee5153ad5a986cab074a523,1,0
8fe621d90a66e976408dc752a948d815d4a1e0bca94db4dc98bb7a7c57f6d1a9,0,0
7e5283b8d2c14902d020b744bb332c6e82e1526e9f9bd903364ac12b5103e46f,0,0
ee66e083d89f5b347a145de912526f45b979f7165a16d5c6700cb3e3f41561a9,0,0
8d0cc490234b219e0e50a41a2696dd20427f67ba4bd4dc5a2a61d9c904b7ab0e,0,0
3268da4a2034357085af8e9bf63a6e59092156a33edf2d6f091fa10426b81fbc,0,0
e08a90b253336a92925adb475d22693ce4132d5a22f66316a2ff07ba2c3c64cb,0,0
8a0c2f6998d6b71cc62186c4e79c3ee5485de06e708c722d4ef4330110bad4df,0,0
a967e9b26fb7cab085c969fa1727ce3a0177eb9256e88f0d655d6bd547926819,0,0
7947f3a30e7c9506232761d7f8e90823185f4d7381ea081b86a3bfe7a644a16c,0,0
1ffda0a226470a7c07aa6dc5f0062a3be5eaa890f322baf843ee672876cbc84c,0,0
f5fe6cfb2a70706e9cb61059d658b70efdf187d3b5fc65b2fc70183f0e6d61c9,0,0
5e24848c0608febbb4c904864b0dce54c2e40b0ce130cc6d933d499521ac1f70,0,0
2405a203f28f7b397c362518fb660b561b2dd5bcec9fa717a6931a97d188474e,0,0
1f628a6c72f3bfe0965b5abfe8dcfdb4823d32a174d736c597301dd3abea99cf,0,0
ab95391867197aa325c0251eb4a6609c0bcbfe1d8ae8f2ba9726f843fd7f35d4,0,0
4c8a0b3e2e00714a5215f3571f9a494e7f59326be342335164cf27c852ed96dc,0,0
f4ac9485c228924a4ab00547bc00e18c7bf6b12083ac543acd181b785c9f5df6,0,0
9e1272907459a7b7ae6bb424899050c40bd424808f5354c85563e022316a2f2a,0,0
2528b774f9215ef199d4a4ff478339249245ee7ea3719c9e56595a8d76067895,0,0
5f61d5dd104132deae8b131eace50ef1a2f87becc3477344a1e1175a6f4ebb46,0,0
43065b8141e86575d2b5b4b49547826b9b75192c5cce97045946dfba1d9a202e,0,0
d0c863c1323191a0d91940af28cb2ac6103b0421b39141b50757199b162d897f,0,0
ad3381c150da84df26bd09983096602e1a2ab56c8d87dad5d71aac5c39e0f8a1,0,0
915e1adfbe89a8d2007179d5710aed7a61f78e7c581e3b63b05b2e61447a876b,0,0
07a885efa12308e3d494f55277a914ea569c24cdf72357c65e4514948ac9ecfd,0,0
cff885e3f0db4e4bbc20710ffa42bf200ff8faf3cc66c8d3adc3cf7fc2277bba,0,0
a524dd7bc877769f54a6655f5ce0441c4e8f95b5ea5f16ecc53ea7dc466cb60d,0,0
732b2c4d0a6597ac6480d4ac46629171ef1e07f8aba28d602cccdbcc99b12fa2,0,0
b39c6395e9c1a6a71645706413888fb65dd07c813bbe08fae50abf7207a0352f,0,0
98ccb050cf99bb05b2fc3a637b1b3fea5243e84fcaaab792b2c57332a6b4feef,0,0
87e1c0b5e5712e52fb646b80cc031d3e9b31049859d9309d6816ba0fa856e538,0,0
391ef942ac20870abc1e29cdbf93be9eb01a3274998c783116e93d89e13c1652,0,0
086645595193986fdfe35cccf801219e8b980c19152105b58c308bff86eaff54,0,0
25a807a6fe946b1a345f86423e147f03bce3754f5db95334b7eda24859180f4b,0,0
310bb001e9cfc1d4192b9ac8b29d6be3eabe9741881cc2bd416b9afbc016472c,0,0
9b44460ad6f1fc2504c6b495efd9b7234f3c4cffa32ef1e1ce87c8cd043df8e0,1,0
0608785b1c33fc9c6151e9f276d5de5896a9638e6d48bbb16c06c9b10912a65a,0,0
dff7969903d337f1d2b8ec5607aac002401ca10771f356cd1387b7249b5dc003,0,0
ee02d43d5057d16497c9d0f1f4061cf9c1d3af2e0650c5865ed8e5824800bad4,0,0
fc37b9ef8e1c3d4bd661ebf2f5d95fb056bdf502656ebfce95bc767f50df7eeb,0,0
df8507379ecdef1486d88fd7860f4a6133c7aab87136ea9bd10bab087ea0116f,0,0
fb80f9bf7c2fd13fbad676b95e4308edc6eee93c496f9351554fc9ad3f7cda33,0,0
8adb39bf8c3571fcfe223435ff7c61b8aa7b726d86cf8aaec5897152fc7deaf8,0,0
73ed42dacafa5b4f1b343a99c32ae8385917b2fe87472fd8769734534f7573b4,0,0
08b64a3a226e464488e6dcb240466b6dcd2368e17dc29e09787d40d7ca3c76fa,0,0
9aa5dd7551d60575a71a4db7b73d1a0e220e30c0aa1d6dcb24e317513c285695,0,0
1e00464993b6f1758f07396081501b61f99d35a03a302a796cc55556590d9847,0,0
e71a8a8b762ac6e04085434da430cefb31f1e435e2c99bfb158585bff7ceba40,0,0
3005efccf071e9643e50d25884c060c3ababb414b734322856a0e9f9d17d3ca6,0,0
16ec588f35571a3e6acb605d5109a2e458e1fb7b9fee393790111b4ec89a1a7d,0,0
b517a1148bfa81038806f9aa824fe1ab5f710b145b4b1e08d84b8fdee2e3f8b9,0,0
361b07bd925f89475007b960a174141e4b5140aa46c8e0b1ff9ad337b4cd2c51,1,0
252cde28da66f746c0beea7d918c104eea5516d2eb9125b4b38a8cc7970f9dfe,0,0
92638a4b44a0a6327424f2125a9c035f9c7348a5cfed849b2ee9931cb1f7ce96,0,0
b6d998e23e29bdc8f1ded5e641fa0e516de7cac9631a6e5d1d139277b967e772,0,0
69014e81b86520b084e557119e94e3dedea912bc3f313c6377d272f57947ee88,0,0
8e936563b5ba3af96ee458c25e58cc235fa0c40a296bbb90960f6e595144d620,0,0
14e659e0bfc0db3e50d138bc940c83d159bb542943118ff97c31a4b719ca8560,0,0
8f266787660892234f2dc5ad273119305f0039908216bd02d2944d98b2374b93,0,0
82891a9102c2dd820ee9d0e33a9aaaf75e48cbef078e6f260e8719ea4a4d50cf,0,0
974a8c85d287465e31ae3c73d764e91bcfe40adf42c923dcc2842fb157c0d3b6,0,0
64f2ab4acd513badba6c3bf06a493281bd42b4a543d38dad3344d6a7ffd27b2a,0,0
78283267f5e1174075c86284f88c91571a97605deb3e26ab4aeafa9df8bc51ba,0,0
f2b704b8ac9b8d51320303c82fa37c2d41208fc60e8ef251f8161563a31db4af,0,0
c399c322287c40d86eeb0d3d0629d99e5f01e79696f6bea0a10933ca52e92a78,0,0
03e7743edbb4cf0d7f677f88385e1dbf3af46106f3acc997c1557d9a31a975fc,0,0
41e4709fc26a237e073db2da21a382bff8449406455561ced7cf1c44edc01f84,0,0
6ff80bdee07c45c0c22c98ec5237d4ad1e9ab1e7c98fd05d188e0b70e05f0d16,0,0
8fcd114f59f79f477b373de8a65798f0f05f38eb71db4c58d416e86a86dc5e83,0,0
8f6c5cdfc7f5de32888fcef8c2d48f178a1f74b2f53eddbd53bfad8199dc0e81,0,0
775851eda985f0a147529ffbec7e6661e5de9bae97eab9ef2697a52aa4d29760,0,0
815de72194f01398c945a0b79f82c00c4fd63d9b2b0bf4d57a6e61eadd281370,0,0
3798c7e508e63f1e7767a7a7a3305f9ecb28c03a31f468e59588fa984468d5ed,1,0
ed59c47e5d72adc35d6c4e93d3da1615f5a6f4532d8bbc4254f2030abc32e17d,0,0
c85fe1b56578e07595c84602c7c833e60144affbdd4b826765b455f5f8b2427d,0,0
f00590044296c7ff1e89bdc54b3b1ec4a412614f707e02ca79dc22e79b0b3235,0,0
e0260adf8e1515ff449188e39a3ab62756c257318e52f953ddfa24bcea715f93,0,0
f25e85baefc25add598e6d4f11c1a5f81f8b002810035fc144d3ba8945d92584,0,0
4018fc9bbe18a2f57f3383c4684ef557b4c5fb1938ba1f66c26564d3b07dca7a,0,0
ec8a11164572b5902ffca882d8a58adc607e56f82ef268b5bebe4661e1e06d6c,0,0
8df3ec77c5b9522125a3f2a3337bcd2c124bbb9291577cddbff6eaa44fc3f5bc,0,0
a74e83a1090deded2bdafadcb079cc5808dc702e553225330d436d2491f0d87b,0,0
2c187cf2550e1bb9af6612cd8233cf5bff2c66cd6c82e7bf924ee59bdadf0e9b,0,0
e33bb672fe624ea88553d93454f644f98b2590165e2dba1e5e043e0d72e1052e,0,0
0c6aeb0ffebbd575ed0e36b5509f1a0907ae05ce0246ca56ed11a9652cd13add,0,0
ab2df02b19df38604291b17361a7d5f34ea11e0ad20e99c56b499beaded23c33,0,0
0e8df831066720d290caced21e1f74532a03045212305441a9b7f10aad7593fa,0,0
075cc93ce71da39c7ed0986a63ae43e6404e57615a8cd25734709d681d15548e,0,0
0df2aa15f4c7018ef2bdccd6f295a5017b13a32751b98b78ea4731aeb93c2425,0,0
524345d5acea9fb925cfe39cb477265b41d9cf6a6edf6c180696696d73aa7156,0,0
f850e4b349ea683f42ee805b55646f8cae20b5afcf1f7e00af250ff01b71b05f,0,0
65d078d1c4a78eeaf177bba6dbf73f7bbd84853f518082cd3c255fe90e3b1922,0,0
9270da0900b8a7743da214fc8ebf8b929334d19cff9a9e1fdb2845624f540f56,1,0
0764c01cc06fa2323a675fd9e891e8293054696107db66344bb886a92d4915fd,0,0
34048d884b5b6e18aea9e91ad28967da5984c592fdde04d816e7a670d8a59ab1,0,0
4cf078e79c72de04f11c6e5641f9e333edc29a485d6c47c7a22495d767b096b1,0,0
99fded336831656b7ca5d3e7082deee1087b4f81b00e18d44e2996c264a79c66,0,0
c7df54b76b108a79271fc7cdd3097e030e59189ac61d5842666ca6fbc774be84,0,0
70793c0da65dcb37f154b70ba0312746a2878456a1e63a5980746cad1db421ad,0,0
0e1450930f041257614c6f8ab4761b927a4ea558166e8ae6c0f2e43cbe8df1ef,0,0
687ecb24945bcb7ce6bbab1e83de4b4605d183a3c80bcac67e45169eb6696df5,0,0
37058ab81e483064649c887ad10705e526bbd61372154817ae18a6334dd6ba84,0,0
9535aaec6ffa85a8a013b8098e3de80925539e6b087fae94df936019386ddb70,0,0
003a66ca66e97092c4b2875f8e90bf9b8f8a92c70f0ece8b7afc55c279eadb2b,0,0
34f07aaf89eac8f9e476f7078361b258d43c1a0c565a4ec920d5301f7310115b,0,0
c7621120d2b4b5ffb8bc8feb8dd09bb5c3384312b618a22ca3940b23eebf434b,0,0
7385895503ac55ed01e3e45107cccaae47c78719bf293db435f1257ec0291e2d,0,0
c6a6a75c51fe5d4f4bc14922cfae272abdb1966e7ef2ad9d8bffce1bc26a05ee,0,0
a78e6b94d5c9d63d4e136b307e3a0d87897923eccdc1e645820e95d7aebbac5a,0,0
ffd840eb5a9abd93750ca7406b49aece4b4e7c0e8a4bd43f0cb7b526a0dc70f2,0,0
dff94833df68574beb6bce9ea1fa0bc3e6798249d03f9d6b07afb23ad831c33d,0,0
87e4c456d7c8fde44fd9c17b8ecf761029b8b65ccd7adb7b53d54cbdc522301c,0,0
5013364dbb3a9cd48946404fbe368f2022ad85a64b2de10e2b8284aed0deb14b,0,0
3837e4a9ac2d6486d0062506a931ecdb9d3e7d241402a4ac34dc88ac52096c2d,0,0
47e54297542cb5fcfe4c1766b3e6428a22e6b0a24b23ed5e2cb6eba54a60a134,0,0
6fe03208bdabd4d83f5ab6d7adca13e7e5d88b685d719b785bad117d866be43a,0,0
d22efb34b9aaf8484b2eeb052a9b53ed0214e511822f2fa1e9a931821b6dab15,0,0
c7769ec2f6816de4482cb3d08f8a02d54116c01c6b1f72b09f4945bdcc85fc5d,0,0
2e782114d91beb4e693feb07b27c9732b6974577905c55ffe4a141e1203fa772,0,0
ef5dd7208c282614cc859502df1c991ee66cdb6536e3881903c2561b6cb68c4f,0,0
d061d28caefe5207c023441306fe7b413031e39e42c370740706838719042874,0,0
0f3fd4821ba701a97f21755b8a7c1ed5fb5ac161751c73bc8a3aebf3bf9fc8d2,0,0
cf07882eb5d681c3dc3567f8f47425b1b1cfb06166d928f4feff6e2affd59067,0,0
267d491a915f2dda0f0b9e769bec701b8ad7a92d07201b3aa3d37c399030581f,0,0
3daa4bfac1bd177f16a0dfb7ba38b21cd6a158d009a2f7675a56bb756a01820a,0,0
fdb15fb5459224d58e90e7115ca3214508bc5fc8629fb9d6266cd48351035077,0,0
bbb577bc40d93fdae76a39079b6a8ca2698a008588a45fdf2df2632cdce0678e,0,0
6bc176c77af525273d3ceed45838571b19a343837910c8c182d677bac121dc08,0,0
4927baabd8e6193cd09a8d5163deb8d43ca9fa6d1990ecedefb6075a5d2fccbc,0,0
20e265d65b6eae30ba6e073ec1400d7696b1425b2bb7ea0f8cc53e72df5fc26d,0,0
52a287d230551cbe514da7c6078e6b0a1f57be41ee862f4ac812a93757cfc9b1,0,0
ebb1aedbcc2db5ada48d9375d5d070a1bea15aa765c64eba78807fba8c5950cd,0,0
85d4f419bbd385eb33d15cf6678fb516b64905474a2d8dd4f85b3d7d296c8c76,0,0
5c4a55511c0303e59f0f9bf6f836ff1e052e6e85fc796008b682f1c0e7f2f3a0,0,0
282d0e4bb8437211f943abaac40a6960b64533dbbf67a665bf93ef0c2b589f33,0,0
5605e292d8d66e75e6d00a5be12c29e985f72b6b8b937fa4f96eb7162b045e47,0,0
c1975afa3d4bef37b2b8c34ee07cb3402ad94fbc4500d2f8ec6691c88eae12cb,0,0
8c2043e31d0f2319acddcebbb7d554b5d15847ab7a89c1e74f508db30a8d8689,0,0
5042c4f2e84f882b7d6cdf10e87c4453e5ba306b017dfcbdee7781137d08d432,0,0
3d59a65b9527e8b5742e6e50b8ec860fca6401e6ee2fb8cf893792eb19fd4810,0,0
26947764dcadcf22abf9a4ea2906b21681b02d2c16fdbc588aa58cb262d86db9,0,0
dc8ea2fa3a99527da88c1905e79908f2ae7eeb88f662f1f1774320e1b3014e2e,0,0
0e0238e178ee53c9b7d2f40ac77826e3939366e831b0537f64b54f938a1b2ca0,0,0
d20ae13a90b28821c84be53d8409d237fe7f9e7e4fe9388bd3df827a20a0ac3f,0,0
513ee6e0cee6a5f37810ea503405e67b26c6768147c05e3840591d49d481c599,0,0
1cd1227dd52767ab889da5be35ea10d33c0b1a2a27fc5e5466ac9be4bb5bd279,0,0
363d53b6eaee52cc5ef18c2322340fe2728c479df99ae13e08c8651352f51766,0,0
a1405bc63da0b00dc977560e642a87cec9ac464289878d15867d8eff854c0c59,0,0
22b8a43fd4e18222183c6b93ddd2d07efb618a3e2ac82e3fc64703d6d5c30484,0,0
dbd20bc7f37cecb2b725b314f2d0c666ac1dcbc6887a0e3573ccb18f766d1be2,0,0
9754c530effed57da1c45c5404ad3ddd0127467cfd2f7680c33b6ce1861a4501,0,0
12652f414f51a346346fbd86d69aeb4cec32b37c8296f8ce1a60a9eca5a5be2f,0,0
25e7a37739aa47bdd38579c83b6244f2118d1c6e3217a86595d7828b430698a3,0,0
d3ff3925585162ac70b5e9a748d6f51a9adb3eb40393ea81bde5b3a8e18923c6,0,0
d1760275c8bfffae61f603de0e36025d8fd0ffaa60fe2d0adbc1c194debcbfd7,0,0
b23de82165ee4209d4b10b89ae1dc84ccd91b0808adc1265fe400f485c192e5a,0,0
b4200b949895f8f3b49ab2b04fb33afad474c5918e0fc4a395bb4d74ab31ad84,0,0
acc4364391b9afb5621c6d531da76a4aad676661debe98e23cbc9a883603f2ec,0,0
7627f9f9a72482837538672f4fc025f2cbc81074fdbfd7eb0550cdbb45e72315,0,0
2a83d175d7acec065b4e93d9c60a7ec6e071e2074f44af9ecab1efca6ee09a98,0,0
1621a55f5cacd38c78fd10b933fd30162940caf9794fc038702a488acae6aece,0,0
4571c859fb400324ad0128b3b46869502deea8275a3d117634f41063b76cefda,0,0
02e15a7bc671cbbebbfb7d705bba55260b05a2952320af9d5c72e263725d28bc,0,0
ab7db2ea013b39779ed258430b59ac2c38f823017f574f04b5042d6c95a74057,0,0
4e0a60e5c52f9b629517ec8779ce63d27bfb201a896c7f424e3c2988d429aefa,0,0
b46d0b127bc696cd5a8ffab2ddbec0d1e86459312603fdf22d007328f97c9dad,0,0
f495c77e388a8348e058798150f04698504f7a4fd9f88e3329a751e0c6575d47,0,0
01701be29eccadbeb0933a77a9c9d8ac88232b6e0892a7bc18498cbbbee51c80,0,0
7d4fd39fe1cf8341c1ea2eea818f7d92264b741052b05b2a97d6589890fe74e7,0,0
acb5961ae2f288f4855b7cad29d1dbd38de28df1be3fe6dd603423bcaabb40db,0,0
b28614db59e0d339c65412ab2fe290bb8dba27290a843e731d6acb1217ba9d5a,0,0
d2e5c573013b4b88cfbc563e194efea5e1511ac0692243637e27db110e70d6cf,0,0
39999b0b38dd922ce71e0bc86bf4fb45506dd99eb0f039d95e07180d8327ef14,0,0
c5178acb11724d67b7eece12411af28d692333979805127795b8551a3c68a225,0,0
fd1a9cad43ad18a0aec22d8e9886bdfffc1fbb67d8e065b6e0cb0d8922e61718,0,0
1bbcd7aa9a2f94d04c88ea791ff878ad8c6a5e9a6f62e33636ecf1f6b6dfd228,0,0
c57b7efb10cb2b5ce06ffb9bd0903056adb3b70fd7b201c598b2b886a2df3e77,0,0
00b5bcefe67ceba6e3ab58162bcf07870a06e91d423dab5d65fe6c6b2176c306,0,0
905a66110b7ae6623d47ca1413c52e8f2492935f804d4f55ad71e55c82d4e88c,0,0
17917349cffea49e22c839b8896cf5ac72017d58c457c89eaed2252a54e661cc,0,0
b7970b9bddac77187fd282f79d4d5aa9014eabd517d1bd2e885101aa9973f7b7,0,0
0de5af942a66bff19c7b7884cccf4354fea66b9b70b9b80f4500bded882bbaf5,0,0
3369a1b50fbd2477dc1ef88fdc28d34792ec2aaf0ac5d6160e58401fc45f2423,0,0
c9e80be7ea21730f57639b9ae1cf7e6809b8a37dd6a53f93b48d40b8589b9b88,0,0
4bc0aaab29f37cbf7e7c0bb68906d8d0d72f4eac0fc50d1a5558cfb970ca6329,0,0
ba2c19379eb5772d6690190897e100284a483983d98bce0f16ed384e72dfb3f3,1,0
891b791f721e528ddf3cfd845c84eb443a3457c6681b6aac5eca53d5d0cfdad0,0,0
b4c7cd1e1729c8e61f2830f42fd32bcc309f367b88329bed56dcf1fc2ed108a8,1,0
ac7430b6439873293c0e58500da661de89a7db6d9069663bf67a806f891aacd8,0,0
34edf5e5af7ca2de7b3f9f4012d3c38b102d969f7f4cb61b70c62c3ff3ba332d,0,0
ce1549f6f93c8c5d93c1f4e24ec5d5ce69df2b7edcf6ad8e75b71acc7d4fda99,0,0
bac813ce1634481af5b498836955b520026b3c1e0e301012bea2b84916f56ffc,0,0
e83ccda04ce9a24f03a7a1cd859c4ad14933a079712895c9230df021300e51dc,0,0
3fc890921af9abf5a98fae960ee80dbcc30a7a9d379e2ab68460f5cd4c89cd5c,0,0
20f240aec4c0490955516f725b47f91b9ac95639be66d8ae1c7221051f001c5c,0,0
6f48aec6ff0f5275dbe1435acd63e1d0cde486f40f385b44c8c59c378165d2a7,0,0
e7f78238677aaf892bf7f2232f8c012e45c06fe2695744574964a276774d854b,0,0
f0ffc092f5e8b5ab61305dbe5a20a67e7335435eb6598117bc97161bd0db2f77,0,0
621ff9223f73f16747d0defb224c48a590ad2086ee63ae72714abc15ad1d43a7,0,0
b5638fd52f36e845445ba427269a9a604341147436b2f30c6ad401e3fb00688e,0,0
b3df72a51889fe1c2b4aa5c3c6ae975124c6e512ea3723c62bdf4afcbf3ecfd3,0,0
3d429bae197e98baf94a84b7ece401f14bd4957347a25acd07256db6d5edd7e8,0,0
5728d06d8e670a8dd7d938bb5b0c0a9d9fbc38c7c3e97c88bf4c32fea42f92f4,0,0
e3e79889da00d55100b7f0e65f2e8a8ad73fb24f33a03500b385c7eee9342db8,0,0
cbe25b84e7f31b56e479f4f875ecb9a50d69ac88abb84fe59b094b1d180ddde9,0,0
2587f7a6f1371e4fdebd6b5ae46c6333343a7c7238f565afb73bb858c25b43d0,0,0
f1747f66c451e2d7d0dde812dc3cac84b593438e6ffe472f78fa9519ff79daf8,0,0
c340aede05345742890feccb4b65018c57da235e6a9cfcd0a8939dcc9f606038,0,0
5b5ed46da2013d52ea24a1af1ce788af0610af5b90a7b8206c1b6be070cac892,0,0
332aa54b52e302cd9a3e1436ac1debef2653e6f920d9cd2334cb1899fe6a6804,0,0
1d82b413d4d1cb7144ab1934086642a8cb002f43537d0d6f455d05c98f37ba0f,0,0
427824d8de95f819b6696a98d3636789d7c1f558eabddf317232102af933bc17,0,0
6108a5b50060ea6293662a29fce99ba73fbacdef6cd298de307e8b271d6ed108,0,0
e49e187383e03bfedcbd129032860d3192b6ff66e1e87049535e5b2e116304b8,0,0
4c9232a6d572b3fd8c11e2fc6fb3531aad8fbcb868fbadb52f401a314930873e,0,0
b3c45b35b468cad8e7bca2a00dd32dc559ca8f198eb21e2c4a3193ec625ade8c,0,0
4a8c47ac7c93004370bcbc39899337f4faf7146e04a5f27162ebb81b84133546,0,0
9b8cb20fc2fb7891f7df12f188ba0f131be672e22bd4227dae29fea1a12ebd8c,1,0
c055dffc564bd37a4498e6aa7972a9793a316cb1a7b1e6eb85f3a857a3f6977d,0,0
45798ff690d88ffa337dcf8c48203b0ed16b22bd6012083cf360ceaff8f3f588,0,0
bba41c3d463b4a365fbe9aee2f8155df388594824fae81f1ebdc4775315d974d,0,0
f12465fe1849db474a12466db965718a2308ea0302ec0e56cf67f53593cffc43,0,0
1107de49c54403b078b66a62799cbae658847127194bf890988f61b450500d98,0,0
7abd7537a120e7936f92f5e1a5cdbbb1551595c0bf2280902f9695f2de7c7556,0,0
93741e7a6298aa8692600f5be068e226a3f90b816b3370308b271b2edcdae3dc,0,0
41d2c2820a6fe8243453a6549133524351e8e2d8563745c610babc98a1d70b5b,0,0
cdc7a9a5ee81301f594593535faa5019da61720e0e15ce6c1df5ccb5fbe39eb1,0,0
f3af3c7d6762f480a07c31d716fb95ca8b43cbcc8fc109a32d7c7070e4a34075,0,0
d7d0193d866140edeb620d2434d8a32b96320c3aef98a705cee34e823806ceea,0,0
894ef24a9ffcfecd6b310734182948f426098da97b263fdc0e6755343e049329,0,0
45c505386ee40d746d0150f1bc8117f89d77013f640a1db4c27a2b57aa42efa7,0,0
16667b7563fc815832e9acaa07fdab6d153c8ffab31e2b2556eef4ae57424bd9,0,0
0fb5267ca3199264173e41b64c6e3e57040508f62dcf0c17097cdeade5f9448a,1,0
8d01362a6caa18b698d229443bbf14c8f5387e01bb0a723e5e7d456f82768f43,0,0
b076d6f220e6389ba8f3cd9d49a1d912334fe492c652769a20a43afca33e2936,0,0
f3244e524561eee09a1f2cf39157416537da0369a845ff0e71d7a17e726534db,0,0
4313a75ab6b5a12b6495783f35be5ddf2b81f2c9dd96436de763ef4d6a0a26bb,0,0
45f2b93250a492d29290eddd9991a82dede329693e80079268a84282d0efc6cd,0,0
7621eb1791fca6c84666e1b175de18bd634dff87fd5c6eb0f096fba6da8057c9,0,0
43a017beac1c2dca37851112cd9a710aedf63b819e72a3dd51fefe8dbecb1eb4,0,0
352823bbda6b0ed6766425d1f70e02ee76b9fb0c75af10c7b9e8510fbc40981f,0,0
8e985b18bdbb62bd55d840b1b4668e9bdfd95302babb4e243a443889e47c572d,0,0
28b77d394df172c9db48ec75b9868c92647aca41189d5637ca993e7574f5138b,0,0
fe6312d8f16aa13bb25cb7a0590242db52698089ade914f7d4a3bc683e901f43,0,0
26d3a87083f50fc42357ffefc8a3f2e17abe76d47fae258536ac68872a9b7e73,0,0
c4dbda3ce7fcfb379790018860a4ad1c41009d9ecdcf96cccd147b585ecc43d5,1,0
9cff3c2251b80aebc5fe77b7730a30b9072d821dc756d8c100c141e5d546eaab,0,0
23e5ef8ee702bf79dad345a23e3d40ef8d55fa98f3a8d062177cfaecc7f6eac0,0,0
c98d2eabb094af8d3fdb01def14079cca8a1b51dcc59f37944f751bad9be5e87,0,0
941589f205d0fed2296a5d514dd60eede3de1e433dff203acfcf9000ca235390,0,0
94ef846f95822892454767774c12840315fd34b9dc2165626db83fced0049c2b,0,0
799f29fd296b32d3bc5d97a213356306ad3c50eedeed095dcdd076c09f219011,0,0
1b5b58bb91008e50cca5895a940530c3ed3e71635d77714ea9468f7dc524e8c4,0,0
d3b57a3dedf572f81d099234a4c407e9fc0664bc04aef8f4ec6fe419c927a374,0,0
738a170ff8f6e1ec42448e7d43ee01833cb0f2e3926b0be7ef18d19d21fd7c9c,0,0
4e9e3bb8c060a16e4e997e1f87c639b2b8f9a7020f9ee23a1d3d6cfc4985b56c,0,0
43557b502d0e35b6cc539d03d8a4b4725af9e01abbc48f07400bde796a9874c4,0,0
90dd10086897c2168b1c24bc16967343ef9ebb48b6370169b2314ccc3a45afec,1,0
206667b57938e5078604731a67d60acc11801616b8f322225692ca6bd5cc1f82,0,0
f805a34d0ffae36312865f91950b6a80b6dae3b9fd2d8ca7ce8dc44f19bef792,0,0
6022b0ad0600a98b253ad02237c241a2477471372bb4988e0ba572b345fe6d98,0,0
51da8c10fa4897daea0b7cb77409a5d4cfd7488c06748ce942eeb5f855ea1d3b,0,0
07f2e6beb4c93dd2fa6820241544ca5d33a0ce3ccdd9064c3421852768366cc0,0,0
7c7d3ac20ec2225c7b6d6d6181e855fa61f5753932435661edc467e0eb3c4f5c,0,0
6dd8cc5c3014d8774548c40268b46150a510a4158a0846dba517f4e8094c7b2a,0,0
6a112c5877a398017eb8ef165d7ad7b11d10d9f7559af5f88a30e581a7f48d6a,0,0
a36368f666a51e3f581eff8927ffcddf3d3868637387c404192cce6bb843222c,0,0
1482f985345c203ece60997d89ec153482436f84001865600b2db83733a9a925,0,0
c6302122247278f8c11fab2f585fac25f36e27307c230f9e23527e64ff92766c,0,0
1c9809cdcc65d32e1ff23b244b73217eb552ed00895d4d77b79ebb3f6aef4838,0,0
dd58d38991627b4fa8251b0fb0a4a89565eebb8c4fa672b4bbab50d2cbbd1e07,0,0
4ea9f71f88c85af439a423aa82f76ae795752b164a552508f6200c6192711a8a,0,0
71d34c85040f621ea0e941b2589ef206334ddbf6d3eee5707988880c35d04b7d,0,0
cace835f8077c04d96b97d6a9501de55c0283cfa96eedacce5cb5c3670c10170,0,0
150b32c08db8f1f6f16edb69e85a96856019928b20e0047852dc694c0e33aeed,0,0
e40d39289becfe2b76596a08e439f4cd5cd87fff168a968126b239a9c3037a44,0,0
b883a34d33b9f8cb152c2f1fbc8c76efc918401790da293e4e57abe90cfc41e0,0,0
4068579a8a8ec28bd8c5667731bf0671b3ad391ebebcf18d7c3b9024ecf2963d,0,0
0e1001e3e71dc4a9f11ef856d78a3498eff0eecc00ad8ee107f999cbb8767499,0,0
1cdd9ac3fd325299ad221a10da4f355c96c3c149cbe68e9bdd2d882c78d410a9,0,0
75564c91c53283ed24b5713da5f4ce9fb4e132d272858219297126bded15d094,0,0
2eb5a67c939282be348601a4d5ed1d67ad54026d704adcbff3972c23c89bf234,0,0
8267fe5bd5d946a0c983b3650615dfe13b2276bafbd8448180ef92ff7c56e3c7,0,0
fb42eadd59b085848996727c1eb023def134b13cef3cc5daa642cbb010451ebb,0,0
a25483bed35cf793a62ed52385c2e848b6e1262717ffc732f130204c1244b08f,0,0
5930768d074b02f8978ce627f4d2647f0f1bd41411b5089977a55a6adb6debf9,0,0
79352fc2d115f2bb87d634cc21e7d7bb3f30a951d007a54274ac370f1d60fdb6,0,0
5df7ddf5b5e0c350c3698d63059e78dd514fde5813c776758c37eefc4cadbab7,0,0
853c4418e474825e987fae435e4856d40f1e18d6a6399ccbb49d2f2db2157838,0,0
9d64768a930c03665f0907cbde1d41d1c22e328190d94ff931684e6c4bb33be9,0,0
57d5ce03cf5e85afbf33a1e5f0d22be5d008a353246374599482d09ef351c459,0,0
0b53902443ed45daa5ef5083504565050104eb68575659c70fbb7aa48afa6c23,0,0
78190c704b5a5699a08211b4c201a32da65672746fd899667f4be22e989ad339,0,0
26712969798da6d90d6b9e0a7ea519d2ae0af09134ec017c0bc7599ae4469ec8,0,0
d699fcc3eb8ed1535eea8221e968e0448f37e68bc2b416da107d98a2af3037c8,0,0
1bba19f6fa81e73fca14118ea8d1aac025a88e9f27aee1e50ffad4a197f92e4a,0,0
3eb46f9c777c98a3d89ade26ebd56cd3ed82a99a1fa9b47afa42a91746c78803,0,0
7ec6b230dce1385369d4b277db5d9099619ae5f06bcea433e60a24a1dd6c3e90,0,0
63ec68b38b34a3d3ebb2d1b72e3f6a18f613083c01d670599ec3fbc474c3b7fb,0,0
b2cae3fbb901f980b667cae9d061779851ebc7248dc53cde8a795b1e706ee560,0,0
9792e0809538f638a2524368eb8104eebd0a4f36804b96316080c826673d6bc6,0,0
7a8228cfbde4278c7b7cf2d43ee5bc16bc9624d53d614434109f6a00a9c7918e,1,0
fa69d5cba97c365ffca98ecb5a71773060b2d9e0d3e70a3d04a9bf237ec28d91,0,0
fba72da711a55c492d3b4d9aee7d5bcc24ca6aede5095bb1cb2bf90dfe1d0254,0,0
95464796fdc42762a038ac9ada56021fb29ab32c371089d4b9c9441c5f4bdb17,0,0
66c70ec583fc6b01d743f09280541b2fd46bf8dca732e2e8892167664aacbf10,0,0
be24b2d11b7515110203e32d70f18c25c297f23750313d083a9230ef1a662ca9,0,0
21ffa72956c2dc143fbedb0dcbe693d1631ed4b569d77772af781e6e445d1e5e,0,0
ff2b3730bef241c53b77e97472a60e42a1e16bb30d22b112fcc7c20ddb330d9c,0,0
b392b14389de254bc1ac5bc79870ad2618027f9268f157575ef5099142065615,0,0
f603436054a593a0650085ec79d610529421cde9682092049b4f48d422739d9b,0,0
b836c56d16cd2c769855103256f635fc03ccc4d9226676aed0f072a96b5fa309,0,0
bcb600769534f2086ec00e68c00a43460649bd44e99aa17cc34ddde084dcc3b9,0,0
98cfdeccb279596c64f7c08d9e331f97a375b149845fe983a01b754c3dbd31be,0,0
24f57f12b2c9218fa0a36f2cdce42572bb446c85a016ad69930a9e4291c492d1,0,0
ec222be787e6cd4bc414cd02a044b72f9ad3ee497e270586b6f71ec56b80f3b1,0,0
21c7204824eeb35e42ce75fb78eb345c03eb5e0c8cabd822c5b1e15849e83097,0,0
5044113cb8677f82225315486a8119954a75c80ed699ab49877e80af4b310daf,0,0
0755b8b45a08f0c04f3e4eac5d267ab1b2ffab701ae49de3752f2f118b72a8e8,0,0
7f2c014176d571379b4e95e1ea8457035b4dbd56a8b2b6dc42a12d06e1ad47f4,0,0
c3357015228469463bade019196d090fd88d1c97f3f2f46b21ce3293018cc95c,0,0
7ab6dcb8101fc112d4c2ed7feac2b7faeaff17edee3231d0779edc710e7d6a28,0,0
51bdc105d9bf17a4ce4f4da2e498bd9271e111c173ee1eff4efaa6e7a552d6b7,0,0
0ac23c888936e2763ec29b49f301c820974e3ed06bc7c9ac4fe586f0d81f739e,0,0
91eacc3bb9d4ad03e320fb254f8bd9679f999efb6e7204a9c992c6585154de3d,0,0
bd5ea2c2625158cc186ad569511d7ce01d5e17a9171eef28a5bc5ef056f58fc6,0,0
96c98aca066cac2808219fcf5644b838de5fdbeb253a02aff453e9abae78d79f,0,0
249f731118a46259543d4af672375bcef72e13816e0254468b1fd92faa3ed1d6,0,0
1d539983e81fde3b193441840634cd2af1722f3256dd6e428336568863a5fd05,0,0
4fb044b311c1e6dd6fe7656c255352f4684bade3d40a1fe4bb958d7c1b38e399,0,0
d85a915503e15060208db7d21be8dab6ff6695ed966dbbed9ab2876adaca4673,0,0
b4eb977bc4cd6327096efb0ed8e971a6bdb7758bd7b3f497073ffde30367b84c,0,0
d5b1c3ac86b583ae6b366f25f92d544a62faf28ffe55d58fc6f15fe631aea3c1,0,0
a25774b6cd2b795b0da2095770f3b2b27ab0f2aa2eb5dd9b37170cf2729905c1,0,0
315ac480e048dd3acf12b4f25466e25d04fb7af0e36f62efc45dc3c408b4afb5,0,0
79cf834368a683771909e3b355084a0f0102eed79cb05213afc82488fe148774,0,0
0a79c94db43ebe597c6290746fe0d1c0f2e2a718f01c074a66ad8f083c1afdb8,0,0
0476ac48269d4a4a57e7f65b4981f28f2cac65f517b8290bb6de89f29d9a6cb5,0,0
f51f070cd2ac4728f9f86c248106111866a8737b3463bb0487d7d3c0a8790069,0,0
21ccc4bc9ef3d22578ff1448b19b511f25de59feee458e8e517567ae55c21510,0,0
e8894aa8be4cb43def7970c4dd5068638c5a84342b4390bb592085453d9ef169,0,0
19374148bbf1fed2e6885842cac91b4a23a0993cdf4bf33f7212adcd197a3d33,0,0
21e00e2149050d724088d83d5f108fca8b04948539d591f2b7d26779560ba2db,0,0
c370b36ccba23a37e342fb97b02d197c0c487126b0e92d48b5b601d074d41da9,0,0
611483723848a543a3c2a480b5fa85b37caa49fae5e39c890224fb88dbb3ddc4,0,0
191478b849e50ba8b6a821458d217ece731302f5a9202e3a905c8ef0e9621283,0,0
65d392d7859df1d35e4bed894f92faf60336ffa19304939412a3f3078d9775db,0,0
1461ba386813791250843d4e18ef4266b72b2fe0440eddffe76f9ea9406bbbbd,1,0
0ee18d79246ce8cd1472a07aa057c8cc5990eb7b9503d59ab1f27a8b2e12b143,0,0
884f7e3890d22a453cc38df36c974b87825ad8a65973c1533c4e0991ca7bb5bd,0,0
0a74b41332c407868e2ebba16790f7031d53adb915128e190c54e1c718ee200c,0,0
ebf4c70af8ebb190c2ecf1fa69041713ff4bb5ac83c3049d22490e8f84300662,0,0
a22094be9f9e2fed5db680d59c660174bb901ce74b0fb257c19782eed3e4abe8,0,0
00a29e8ed06647e7ed2f6fe802f2221ea59a3c4b36b7b7f089c59a769b0c2e07,0,0
77bc1d517aae0ddda0e9f7ba9be9b2dc2975eda98c7fabdd6d31fbeff0043b57,0,0
9cff7b3689db704736fb4fe7a756d313d1444cc50e05261e3178aeeaf7d69049,0,0
d623f37038040f669d624986942b1c204e951626583f1cfc667ac0559d0df265,0,0
9880da8f16e6a3dcd389488528042bc0bf04abe262ee100d74da223b18fb0802,0,0
b1a159c5d92d0feeba5676f9194ba9d267dea43445ea6bd9da2643f24a18dbd6,0,0
cf3b745455b1f07e1b9a520d1523954d42e3dd2861eb9e724d656d7489d53571,0,0
60427daf49cd24cd4a14f18a70a88dd3a8a33e70572d27176a3b5e10c78cd818,0,0
be08a213fbc95864a6f0fc992e2422368fafd9895b10aa6fd45b9366884db36c,0,0
9c06a43f5d88a37f756b10f459cd568228e213c4ee3ab9f89fb329ca209bff8c,0,0
840ae5b01633a09ec347fb67a4fb3d8ac551271340af969e7449a28f21f1d754,0,0
8b5b8554f9c34542929a7a446a9ba901487705606386e402677516ed07e1177b,0,0
cfbdd265a2cbfe4feb95e6ff6e4696c3c88e5e935bec05befeb6bf5f947203ed,0,0
daeb104405bcb45feb8687534f634a09df701b88252cc59a0e750bd3319279d2,0,0
14dd0a5c691d1369e8f0349d70c30bb231da95b8184d11639badc71ec541ef93,0,0
752c795978a0d52d653d85f215c07095ffc62c4e5a693c17527c4d12fda37f92,0,0
63cc3c662f6fdf9cacb4f63d1b57ed75c367d9d64a15717e614ef563e5432b58,0,0
d85b277ff12098518fbad02ac8b0e1097b6d0974818d06ffc37b60c91c880c4c,0,0
24d2237ddf2675b44804bd1478757337d6dcded2b17250cd057cec686ca3704b,0,0
4835ef4ecbe23e4066acbe4b2ddf0726948778bc43b7a0d366428199e1e34bde,0,0
95c152e4b0a677f18dd47450fc6f12c57cd6d5bf2a58d25d2bc4a91fd33a07ce,0,0
3317c55fc1b3da3b46f9b8b1dca1348eb2d4fd26748bbacfb5d9cd9fcf29d758,0,0
d7300c6f0773a69d1aff141fdc5e0514acf4438f6221a9dc6423791ce39dac83,0,0
208c268d03d861b8c68f4712d51286cf9141eab0c6ada6f0a0d33f6ea47efdf6,0,0
92d4eeaad6cb5cfc38cb1c9c10151d1d592bd7576fe9d741fd63dc85b03dac0f,0,0
666e606cf2acb304861a808e7a9c3e1524d056877d81f75c93a52ea014c233f1,0,0
b7a98327b92152c84e86e28ca4e346e73f2450bfd821b0de52b03b9fa2e0f618,0,0
dc4f4d1f7670bb084370a3d582e3687a0b9d38841f992c4f4f984269b7d51014,0,0
4ba169bf2d204f1e917640b8613ea5f59f75a62f403f2e75098c6bb57206bb2e,0,0
e6ed40ba381adb073860687f5cd4257c8bfd23d692f66e57dde236803f7783b0,0,0
52533b701164e72d1f40c757365e01ba4a49a47529cac6425f35269d5a584144,0,0
441ecf5c34aa5987be18138edd9660b6edaed538ac01e46ca98336b030ccb336,0,0
fc37c60f28615a0f544c175047d4d88f08d396e9352da62d58ba926c41853cdd,0,0
cd5e93a120b3f0b912c4e8b64fda27bca8cdb5868804767aa3a3146e0c1b2a65,0,0
260a691b9722a1b6d3fee9559bf00a79f22c8ac869002de8bc1d15623b0bc9f5,0,0
2bd40ca29c930d038fc2bdd29df44ba23e4f0e436fef47df80d888520f194a24,0,0
ae21b6074f4571f2ce3c01adc0f0e7263602d831e016326cf4cb8347584289f0,1,0
b524e34dd6cf3a39014b722cce283fd94ac02261bf9c07f115265b508b3afd43,0,0
4f4501c99056ba5b36ddfde04e3d5b738b58c712e3adae451506d94c9916a708,0,0
c0145b7c2bc1cbd5fcc144bb6c9e89a24e1c41d3003260eb2e35b2fdbce41a08,0,0
c43cf7cba236594916d22c62103fc7d0286377767bad822e02f3f8855bbf3b09,0,0
e265f7d9e10f20dd2cf66939a785ee9d56dcf987e989277dc15e5a829c57c412,0,0
8dc386b315a28e29472ecc34cc7e6c7d421abc5541db73536ee41602af113d24,0,0
305a8aae10c515bf3e6eeebfedf3eb108417bc951dcd3f40dc153f4794d437e0,0,0
a79334328faf02db355a0b48358727bdbf427555cf57c73b7e73b6924d91c79f,0,0
b748af95d28ab6068d007175abe784d39578be21e6e8536f180aa4ecc6968807,0,0
6aaadadee8a8d3e10fa71c38bf279c8e3ebf6342b6a44a35754835e51aeb0420,0,0
352fae3b390453e2a795a4ab573198d59baec6020f7bae20efa8a1263c4ecdf3,0,0
ad53d2eedb105c23c707cd9f84dec1a8767d7b609c3e4926ea187af726c08fb7,0,0
ab6e2fab00e95b48d280fe9700f93ff025825b25bc07336c12275fbad0da3e56,0,0
abebe7035ecc6291bc700a7935d73ac4d951af48fe9d72220e7afe6f56e70cc7,0,0
5f7a08fb678d7651f2bdc52fd5b151f9fd4899f486330fce3a30447b361df3c3,1,0
be0a3e7ded191c9ca64e6e562177a26d055b3ea1b059082ec4bf29d30adf2347,0,0
8dd41c2ea16450e1613e7a94867042052441f2408e5c78a5abbe6dda68fc86c3,0,0
5b9cbe3ff84e3c7f824b88ca622210808ad9067688398190784b796ab191efbe,0,0
a987fbb0090bac0b6d5c91bb44b50576bf42c408393fa3a65749c743df31821f,0,0
f5a599f67151da811c923eed517f3b37873b2bea6417eb779a0c1409b39aef16,0,0
b4dffd517f490573f392be3f98c22579ffbef42df4f25cf8d4b7f4f618d36853,0,0
6dc07a27e902eab5bd528c1d76ab9584f2f192061f55cce418eb7351e90beea9,0,0
859670db54d7b932f6c1fb040580d51b1eae1bbeab037342dfb1d3e53101b02f,0,0
57c5c236f665f99998460818602f7365a8d3e83ab728a900814b22737539d67d,0,0
e3ec3b656f9b989aa2e1cb40f31b80ba57ce1da0d060524ac2c92980203cb459,0,0
58f02fc154442ed809f7413ea4bb0f66b36a92d828fbeb61c3a50a47919ed761,1,0
fc5b9affc470210b101f13db0ffd0362fb8d5f4f4f2be44b2486bffe663594c2,0,0
85e5ef10a95267e86fb6ec3c6d66f60bfe5633af701c0ec56f697965262c6775,0,0
c9a9c2f94c4f1938340d89b0b06cd52eca1d1512b26d4eed0fed28814b94b119,0,0
0dfde2fb5f70ece63011e703d34c236398db586c7f1fb7bd257e31e9e118c697,0,0
685ccb5ef46a60e88c5375608769319a679628ec5eab760a87464a8e6312ff55,0,0
d7a3bd0877f6b62feb6fe18afc00e2b0fc21af5b99ee71ee53bbd88c11f509cd,0,0
d0cc0562c9c9f2fc6b4392ba5bd8c18cd2432e72c9b183490f8e8960c53c4caf,0,0
af7d7d64bb010dab3b727851f94b2ad63661c5a46726ba2fe7e2186745c1225d,0,0
60d9b1d0620eb9f3279ece9809868660484e5812eaa0333b3d87d5a8e4620f38,0,0
d16005156efb5a5b827b31ea976ae3a830364e4f3438f0550b593c446f074d3f,0,0
7217baf8c03519ee171e51287c94bedd9181065971c3b588aafc8523ff97b2d8,0,0
1b7ddd12e171ea11f797f743e68803174e0c3464f98777515d4bdf6d994411a9,0,0
f5770816c50bf2abbb0ae4aa640a8902e49a3da160b632311461509ba0d1baba,0,0
d5e10aaee86664bdb549b5fac0e7733aa44e7beb66e608e70ba2be591d59498c,0,0
a84ac686b23fb7377f5a1b8638074354b60bb5f3e7c4e8a0a1cc550496182ac3,1,0
3c746a866e84f212cd85ffe7b4c35395ebbfe079baeafeb4a3bea7395555f854,0,0
a97c687a8df1e283c4489b1c7ea741a4456b251dd706493abf70e4828f28f408,0,0
79d9a8558b7b6a57df99636700808d7a87f3941d13dd0aa096c38e588ad998e3,0,0
525cf4920805e414c52fdbf0bfa7e08afc5e7a0ffb3cc96b653e5f37d510c477,0,0
cda769428a6580eb917b1504e262713ecc19d9f9106b897e34e723334fe69cb3,0,0
6eda5fc6193dec0dd8bd2bc54fee9acccf3e45f37d953276faddbe018b1af60b,0,0
1f36c5e8aa017698bfe3719f808d5ef7bcfe9f26ae7d63e8e3278adc4305584d,0,0
59c19de1505a81fc21393e8e1813f363a646b3344e252923ce8ba155e63a3da8,0,0
1935e377afe20c6db2989867d3c1d3d74c0e040c1259b64f3631506c9edc825b,0,0
b71f9ddf6d69261306b5c2f930110c41e82a6d0c0507fb66acba9428e95a1278,0,0
2d655b8eb4fc0013b2566db5696aa1b78be60c4eabcad7f41a9d892ca3377b5c,0,0
1884b604932c1621594f9ea4f3acb2e0cdb3d06202b8b749ff5f6e04d8bcf04a,0,0
1f26d30197536e08c5b651e72a43117d5d073dd0a5d75dc01060051d505c3611,0,0
e5c5d89658c05a96c171c22b665e325af78c9acdb65ff51193eaaf8b809bfed9,0,0
a996d673823784ed16852238543b57947f14abb8c548955aa242efbcb7f725f2,0,0
d794bae9a8f46fe2581e3adc0a052a8d06b92e3cac3af8e256b5859b3af7c442,0,0
96ebe56379fb40fdd50ce1da219ebe18ec17d3eb75d3d61787be226a72a48d94,0,0
7bad601948e3c47b011bac4b9198db0c2d95aea9d0e8a1f0e2de44f32298bfaf,0,0
be39fb2e497998002957e30426f2cd12e431d74946882a53a31a8f97f6108a74,0,0
c47c0a99648030611c34be7d360edecef03f3977fdbbf59406a6256e622994be,0,0
46e689add93c9f9ba9613b94008630b025e606c6cfbb8f374db2f472c6405291,0,0
74b42c1cf03174d97e6ab996c35cb3efcfb7fd4916d40083470dd1e1b3dd176e,0,0
39e928b99c9040edaddb180e0dd4b54bdf0a672d69b70b4474805c1a5a13ddff,0,0
7642ad153d42454634d44c9ec16f9915efed3ff26a4d0a0234ff016ff5303a1a,0,0
e1fa7b5f11ed9b062725a3867f6c4d31be0b7fbddc7ce51ce0c03a4b030c2235,0,0
45a60e8d2a48cdbd61afdd57ac1932e5473740f68960d79c346e388b170bb763,0,0
65311fbd79cffddb5e17955c20b854880a982b14a7640a0b0bf34957da6f424a,0,0
3e3717c19b7eb70b09ba4fdbc53bbb2498dc879836a221e998f15bdd6b63d18d,0,0
8fcf5a71e92abfca0e3d775cdc2571e12920f39b43b2577dd0ac926ac4addc96,0,0
3f0035e00ef69762c1c9c415181ad8332781d6a560ada41d22706bb1b826060d,0,0
6cf9d9d41ecde77738caa307c123b31faf491376ad317a3c56a2d72752774415,0,0
21bf3341acdc0b8b0984961a180cfdb902095199294bf1d41e8445b66dfb0bbc,0,0
953434b68a28aa0510f2d6e3ccf6d1e0eed32d6240f5be5e8618b6e9a59b0786,0,0
4e3f339bada79d5975cf5eeafb524226c0519d02e6e63c2618815a86917bd9e7,0,0
9ff633add76394488f5b74374209550fe0c5d699455dcb7d11735e13755190f5,0,0
7f8dd3b2fb6888be749c028d4a9964547a8ab0f20fcf06910361cdb4b0625738,0,0
7e87a82460189ae279de72c58b2e683ce0565c69aa44d9fbabdc0a1875bfee16,0,0
c0f88798fd2fba09d1c26a316b47722420bb3b2ee5623f1537d8c35ab9a875c5,0,0
c3ea3f43001a3328c9d3c4483be82150864c4dabb434d75a58bbb7d7853fa56f,0,0
d3aba465ec24c8e4f0ff80d0fb25645e16a554392258ba695e93a24b2e18b51c,0,0
16bcdfb4f1e7617aa7d3b91eebdf2826f8335beb9406af72fdd5cd158ed92cf2,0,0
1914cc065c04902440e2f97df5044f33291d5aae104d62f81af15516363bd50c,0,0
1359f8bcb575faa3e3d18c4feb3e44451841473756e3d8c84238ed6ade73a6db,0,0
8431d3c155db9d7c4df549c883331ad7e93678bcfa01ba9c680f040b70cc84e3,0,0
b7503b8677e72668c70a1587cde975facc96cc785d2f4429624f6e6f80113f05,0,0
9bf279c07e4f8a58435eba78dfefad3b4e19b2e81ef18cac95fc5be39ce29c5b,0,0
8d30af34a2e95777b3baf8404efa57b898dac0ef244f4b35c29aed7802374ead,0,0
e2f1899a48a57a1961ac11385ed7f0405097216c3bdebe742117ddef52ecc82b,0,0
dc7be9a307826cea4bea6c2605b3be90af8a43146b8949ead81bab6c8784d5f4,0,0
8c63012f9d6447bef0615b3b5cec2c176fcb5f1b6cf29c2e02952b6ebef1d67c,0,0
fac988e1fe77015835dfb55ad265ac3e2e3388821f1211bb0a9ac6f74bf4895b,0,0
f6ed00ed6acf39ccc2eb365b3cc3155a973396135053ff69d4521f93981989ed,0,0
9423459ff3f39f060ce003f811cf0a95d6f6d55cd7d4bc0fd3a7ca088ccdc39b,0,0
a3bd862027b983d837c1280d2678b8dce9e5f1aaebe76db319e5b30202e3a1a0,0,0
d13cd01caaf506d890a37475fa443e118bc8b8f2f2adc460d717bc0ef1cfe88b,0,0
ee903bbadcb6896661d13801fb2067ca2149f720c05b533bebd97f3826004afe,0,0
b2d0f8d35f733061c75b69ad3c99a14b431881383035b540b614597a7af3b936,0,0
ea036a2330040f4e33efca298cbc7c55150b47e5a7232c642758d303c54b004a,0,0
619951863e128220b981c8c60aa421b6f8d13358ad39a7614900e7a02c86b6cb,0,0
ad76a3d04e89112c04ddcb04258bda59e76de06fcc8db73c05ccc37a05018d79,0,0
3d91b40e2cc6832f7991651dda3958782ec045c3bfdc53e9ce73362390bdd07e,0,0
f157bdbf2a55476b7f4ba224398f09eb9ae52be61c3d97c93a510bbb1ededb61,0,0
4870f076dd3079b2fa236f9992543dbc2b3895e32f8420ba3fd9e4a6e70baf87,0,0
42373e97aa89719460de670d87e4d152e07abeee57787bcedc06629bbf8d0d80,0,0
26facf6acbf1661f28eeea69799a4361154c2790e0890450fa583df185e3f107,0,0
039cd751580ce99d50afb69ffacacf77a59f6894ff243593e2e61e276f4c4785,0,0
d622711f4354fb9a56f264c76cce839e147d6fe8f5ab0a78538fd32872cca8b4,0,0
238502ad60457b05eed4c764a129d40c09e7e603ce584423f65f261f49e4ba83,0,0
73bedfafcafc55b9728fc325bbdbd6f71def2f41eef295c47fb8ce4acb5cc9ff,0,0
32880a2e299d144b51db38f68171e63086c731e808af2dba44a53efe385ad462,0,0
4f4095f77bfdff55471a1ab5ae7c38d7ce7b320187556401b0907971fc4577c4,0,0
bc1361eae6b960043de722464e6de68f27d691271c78f36356fd384eef8b7f79,0,0
77ea16281b0c2e178c8748e854aee435bc2fd2667ca4f03826e859ec0de78cb1,0,0
aaaa7d0585c605f6b57265fecd41a8044d166930ad0238204c144d08e5d04e59,0,0
f556d21b32e92d1f2202a5bc38112e1fbda41b11c15616bba0b961897a971a8a,0,0
e1d31f7c7238e738213f5253a6ac5e2086d30cd344c4ca6a1aa1170f2413f9cb,0,0
6818b98dd683a1b6f325dabcef8f847938908486320f3806f340d4a7a214d098,0,0
0afac24f52a5a409fb3b5ff7892b6ae6c55c73027b5535cfb81cba590dbdf47a,0,0
35dd409fc2afff8a02731d53fc486541c91008a15b77957a4fbc646bfa368ceb,0,0
72f289cf9959dab49716e82a4a8ef18f2b8fb7d774f1502d7127233950733d91,1,0
c9c0c1c2f3f8a1be6c9f4e9ec1bbcca3d12d31e3528c0fabfc110cb2e5b64bd4,0,0
b432d7d9f9909028a47090d1e69054f002a0f9007531498ef1e5f459e5051e03,0,0
a3b8f6839e58ab064469c6357d0359de05a8ea6116518690bd27e230b89c157e,0,0
ea05421f7936222cc89cdf2b0fa4119576414fce1125a275a620f40825386e55,0,0
9d9b5b675cad633ee640f84576fa1328352f96b2e1ac5fd58f7a4491e2d477de,0,0
508b70361036b0e5056fcf97aef76d856bd28ed52908ccb06c54dbaad3eca261,0,0
5155e7e624f28096dbfc9986d1ff9d1aef579f653300ab140bb11f51f735ef80,0,0
3d3099c8cc7744057542f05371695726ccd1bf3bdfca0b0fcfa6016e7c981c6f,0,0
aa8b6dbe674326965700713084ca3291627ebcdf4b5821f32561eb8717701fef,0,0
c7702cee5caafd5d0c8dc8ad4149e1d12b929221f7381ef00002c8094ee722a1,0,0
dd3575508d72a36ebda458ac424f42864547fa03d5fcbcf4224f161f44355b88,0,0
82c3dade144eaeff807bef61a39957257915e1d42213ad7d1afc21c430b2367a,0,0
5041d2f1b1a2248f3c728fd7605b9ad6dff4f55c99de1db586da797200703872,0,0
d72131501c32a1a4ba66b32f8c35ce940d506a2b841729e04ea824e26ae40e67,0,0
73c147b9fe6433be9d6c841765bb53b9a884792a122aded365cf509336f1e655,0,0
916c0d7dcdb6c4c68db288777550571467b2b0a091bcd1b0449d14fb857391eb,0,0
01fc591bc77d0dd9cff0329689270c74ad4967292c0b0cd1018d687d3d9206da,0,0
14b35032b5950017163c49ef98fb1d155bdc9cdbe8357353b3f879aa35c8255c,0,0
ba9ebc15c3c78e8682982f94fb254906fb805fca4af8d4c5bddbe25c5ee532f9,0,0
a1b3ec76c2417f371c6782cec4f97fe3ca30ee34a8a6a31a62e37ef2a9fcbf63,0,0
0a9d3cefc5d08fa091a2c6a52609b889de86eee2065b3b4ce130e05fd4c084b6,0,0
9caa90c281c29bd7d192d102dc701dd0b8c7fb84b72879eb66ee0e399d7bbb03,0,0
9894f9e80bbab59ad0d0bad78972e44136a4801eb5b33a5d312b5e2baff8a02b,0,0
ac506c653449fa0bed1f67e9a998dc1b685fd108e4d5da694de33731938dd856,0,0
9b59532d025d9ef43227b51ccb31640580bdd894a064c347f6159cb11bf9822c,0,0
1189eaf65fbcd60f3f8a3de26261d57b5f06ced152b3a86d2f2a1fb44403bbab,0,0
b9d5dec845dfade8353fab4783eb838f2a2cf15ee34e1e885309cf968c936a33,0,0
3d1756566a2bfb0977756e1b0106a80a9a96e078eb46eaeb7df39065c76fbf2a,0,0
ea2de17caab4fd22109d5f0ad883723f1a3d0a10812de2f61336642588b58c69,0,0
770d653edc4516699035b6bb5f52382567e999bd82283cc95d578f965d06aef3,0,0
5389b9598cec39ea885b468009a634fca1479d1d55942199835e7fea9ae6fbd6,0,0
1b8d374f89f734d0689ccb1b59dbdfbbcb536d6fb65734763338cdfe68c0a51e,0,0
618e5e75a39c3063ae8c1576865c991ebd1adb0d28f74622adcaf061bfcd70de,0,0
30adf6d090933021879b19e3f8ba70f4e8d603cea7908a185b05f0b8d764b8f7,0,0
4b12d9f02283f18bf78c67a2b3244625c63614ed432c21bac22413ead3ef6c46,1,0
26aa5dab53af0d1ec3d0ace5148dcbed8edd0b1c84f5ec262d6186afd6738748,0,0
4e71a7298a12ffe63fa5e1ec55a4fdaef3d76e8e8a4a014d3fbc523422ad3b02,0,0
f6d7bf2a8f9d9ec89d82a1a5db753ad96c30c5ac4eb1d2f8d4cf4d8546efcb6c,0,0
e35f1e8a2ef40f2811c3350dae12aae7c327c98a11b545789509d2c24eb80c0d,0,0
4ca2687ce877059b54a63d37389e2bb3bdbb46dd518c1b7352fb32cd8a0acd9c,0,0
d36621a4363370f283b97831290ef5573b0babd00da17dd01b2fbf9d85011a7f,0,0
39f061dea00b7ec14a5beed3a9030342a0004ed5a0cac06327d2ac2735cad051,0,0
4e2ec4abbfceb353882ebac49b22bd84b14f4f9619a2aa58a0859ad7aa541a59,0,0
b023d083b1ab7293bc78a3b9f8899ec07400a293d9da49ac4228bc9f48141d96,0,0
32e88db4764e4b8f9bd37834898ebaa12244b0a6981bbc19078056876abb3b17,0,0
5a38f21545104f085c69caa67ffb81142f2ef436183e2b00e84058739288deda,0,0
6f11f88dc294d8d08b35ba040c426733d4c3c4923938e20850c69757ee8069ea,0,0
87ecfd86490c5cbfc8463a2c74165a3f6b7869a86d59a3c29616a805c5cf3511,0,0
b2a4f9a3091355304ade58a9513a814db89bed9aca4e0b26f5277cdac8758263,0,0
08fd6c796ce798881e9f3848f084849b733d83a1e77e927c3185bcf716290ceb,0,0
a27bdf5362f89d0ec8cf08fa931966eb2d31f59281f5bc488d6dc5f4082d7df7,0,0
b16d19338957606cf946008692de253dbb962f22a74904f595b1e68dfe6cb08b,0,0
8f7812616bbbc03bf09673f76c10d6de86bc176f6c178a3528c1039b30ae578a,0,0
6e98255e31c0d62e3436f74982ca205ff96150ea81c71bc8c7033482c3150b10,0,0
126f656f720cff0e33cf0cdaf2269e881e2469adb55155e0f3e15b02ad927bc2,0,0
1a7c123e2a5b7d569a571158b691621d6765ca78bdac76dc1d89807158e572fb,0,0
79f74a4d46e133f8e243ae44470e640349aa84c3035c0dc2f2ab670fc90293e8,0,0
5dd1e94a2aea9b1b4a20ab8628b50786b699c5c750f47ea7fd660a532eff4542,0,0
01eb7d5557ba86fad4748903fca6b1a8387b371a5e67a3c9712e7ce9295049e0,0,0
f6343a54df369b56862dbf29b7336286fc2b13fca538badccf72a1d619f02ad4,0,0
636b9339b279f98886029ce6e2b4ea992ddc660da01bad73236453e279ebf734,0,0
93b3fc238eba9902a3d011875cfbc34e6259acf1e01e2ea4dedcadc998c693d9,0,0
b327d75e69a00551b4f00f184a01c02ceb923d546c5488ef1b81c5d354fcac29,0,0
ff85b3e49a5f884e4cc3be89472290f119fd58bf9b3d334c3707771fb091e38e,0,0
a05c592586cc771d74b35ad7ae2ddb42a0b3082b0b665713cea7a4e075b25ec4,0,0
7b97c1c979b028fa5b13413253d48c78ada3071d3200bc99c82fdc20f12f45ea,0,0
ed3d4a26427fdb837aa71d25a0d0cf7907b5202bde2f43cf9a8ee129f04ccb6d,0,0
a86730a1bbffb6bac99f719f85c8391880fe8df2bbe167a5c110b1a934766073,0,0
ff00ee9c0686053b2920c05db8a741c3f16f40c1a167885c76c89c249eb9b454,0,0
0644a14cf191f78947e8500ee8b161ad1f0c9a29a9d09ed2aa4966953ec4ac94,1,0
aaa9c438e4baf010e327b2ad69b24742311709a788ff42ba8aa079061acb9c3b,0,0
92f0cff95e93416d743879c84fb31996a6f0a5d5a38f29b08d541be20a11522b,1,0
fac08fb7bfb89d4851155feaa754770e713b23efda730ea0701f213e35b71699,0,0
1e4449c5008dd36d2ff3224010cb5df6a02d9670156db60a60af6ef699873bd6,0,0
4c0574cf5f55e12166643de668da17bf2c25b6477fc043e7e3c1014464787f05,0,0
a45bcb9ea1dd1a0b6f8c354bb3a760c1d32b8987d9d7ada50db7168ea8b7e22e,0,0
417bee9fcf28f7e0eaaa603634f2ba41e1a77f7650b9651a6babb80f504d2964,0,0
e9480e105e4a67c8dac4ae23d93ff675dcc965ed66aeeaa237a43ad1d4e1180e,0,0
30a6cf5c9f657e471c8795affe92e5cc9b6e9068f8905e5acfc6f71ce7a1c18c,0,0
a038f057d3884b53dbfb212ac54c5873972518e338c20c0c63241d36b92243f1,1,0
b37d2ac8e8e68a6724144b4e85ceb84361c9eec2b8ad7744c93edadbf31f5c59,0,0
1c6678ae4bf97ac9a2d906a05458c6c1e8d8ebd35943edd3b0cdf976769b58b8,0,0
45055f0a8a16503a995fb12326a2057e17e078b12f5d7726ebb8115ca233e4e4,0,0
a5e352155e521b39059b78f69331e3837641a9600743f07f10fa76d4618b3c8d,0,0
4c8cf3b79f3f6883f84e8ab3c260d28c7a33e060b71f655ca299a337bb3ff508,0,0
b4b2963991157f87ed8fb0dd716e2218ca058e64d1d9b630834b1732e37b5202,0,0
db7cae9ad2f9e784e8e5f3e9f28e3984ac9b301a70ab7f9a80fadc1edb0e1c16,0,0
b53207eba083c800038f5ebe953c8f995b66514f0480b2f20c2a0bed38a35614,0,0
8b74e3bae0abab53da0dbd2f39a2906b48c7fe1025958e3ecc4e039910c2eda4,0,0
dad3903777d6df19bd45129b7e03b49818e50d38f2e61667c6c0230dffee3d95,0,0
a49cb55b85a91e1013089f8c8a04c2175f203a22131c3090149a21b63528e0b9,1,0
2852c593fb2965672725b353edbbab93a4f3995d5f22019589994dcd7bbcc3a2,0,0
b851a3b8c81d9fb55342a0fab9328f7df0f00cce0237fe42a3545e8d8a4efc1e,0,0
93b0e0340e2f9a77d6b8953dfed0c703ef4cd8c0c55e329adfc003ba11be63aa,0,0
e1cf5a212fa1b7f68eaae7dd91b98c959f6db2c24942d4e8f9917a962193e40c,0,0
3b93550988378f750702de475382032ce2ed58119c7d463c05986fea57b5e444,0,0
c82921d00d298529d6b029c584274634ac3352ced02a596bd50d31b4bb0277fd,0,0
7dfbcccfaa7c07b794b0354508168652b507f0640d3516ef97b3bfd2079831e5,0,0
ba99a9dd09eba2bbe4368ba64cc3db0129afc7398e8a0c30919d47fb67af78cb,0,0
b401372d9e1d7643e9c383b8643fe1401eb42e4daa9d95dcda70b8723492a040,0,0
84c7ad50fbe9e13a2afff7186c90e01f0fc0903dad134c840cfd4ee0e01c5c42,0,0
a0689429a29abecbae2048bdc2d7c8e3b70bdf52878c946758229a54b8f05ae3,0,0
708287e487c2864003de1bb929ed9503d757148eada80713f3e286507e02e3b8,0,0
d40cc2a50c8fdb10a707053cd2760ede6e5ef6e7bba10fd8b61434e958ac154d,0,0
e557025bb3b010ef39b9bce6801d9122d2a37f2f0579e83b92d00a6a680ad06e,0,0
261eb3aeff4781cf36d7c907774c4174e55b41371cb19282a9417a4233a01e8f,0,0
e84bfd1b2dd68ae2091bd4147aa0ffb14ba38defc36fc9261584ffaabc15b35a,0,0
08c145b2737d8333b7c32e97d999d899351b8318d54657408dd1b4f80cf9a60d,1,0
594ca3e3dba2df9cbab28a8bf25a11c2aab4fe77d6c3e7747436fa12aaa8937b,0,0
5cb54a02863dc03b05be1514686b1b25b2d06864f3671f0b6d3019c22605c25e,0,0
1eac05eac014496df5d4cd40925f8d9f85a5462786dbd8834b223baa9b3633d4,0,0
e01d58da15331c5a773a95237a6cb90c0e191d50ee1b35ed9568b144210aff20,0,0
b869d855e21d2658e06556fd73f04c874877b0f9e61e6cda7e8866dac8515a24,0,0
908e0ee24194255c9e4a113e6a6e07bfa12db17552f1d937fd2dd5d9e5c21da8,0,0
afb04b64ceeb71102ee82c8d6652fcf551825198edc6fdf1c718c4c98bba295f,0,0
0a2a6f84fa0d3474a7c2ca68c221d2102de9a14346dd76b2b41982256a683a4f,0,0
6b9529ba3ca2228cf78c67a6c7dbaefaa019284bf1a54925b9f99c9a97c19ffa,0,0
6d7deffc1669ff73620151a2a2a3a094c6f50e79a5880a4776ee1ac6a977fb58,0,0
12eaf4c9e11ad83a2e52507a3d2240ffb8e7ce80b93a2cc60d43fd3aaf7f980d,0,0
a1eadb8e526884c25c7e6729d66de3b4c241e56a52ed705494f0c88d5f3231e5,0,0
6d78e669701c74cf87a6eff6b1bbbebb2d4fc4f7a0895aac7cf457cc7b9c5d3a,0,0
0fe340f4dc6f9a811ba2f25781ddebeac40cfadcf07d59064f5d41e22bc10ec7,0,0
202421acaf010666b5d3f642c0dcb9b22fe8ff1a7a4205863be69ee9e69a5a4c,0,0
26786ce908be7686fc664105dc45992aa7733c9751d0d07053cc0328b7f047a1,0,0
c2eeb481df6610adba92ede233f5507fdf732e883b2f6ded26dd03321fd5c9e2,0,0
