Best Validation Recall: 0.9527896995708155, Acc: 0.103199639477242
Best Hyperparameters:
dim_model: 512
dim_feedforward: 64
nhead: 4
num_layers: 2
lr: 0.001
