Best Validation Recall: 0.27682403433476394, Acc: 0.3789995493465525
Best Hyperparameters:
dim_model: 64
dim_feedforward: 2048
nhead: 4
num_layers: 1
lr: 0.1
